0.784766674041748
0.7715796232223511
0.8193008104960123
1.0314088463783264
0.9772796154022216
0.8237435817718506
0.7246355480617948
0.8048296213150025
0.8018666180697355
0.8013937671979269
0.7485878637858799
0.7121366709470749
0.6819502512613932
0.6740018317573949
0.6744776487350463
0.6853284268152147
0.690691969611428
0.7180029101993727
0.7182658612728119
0.7532171535491944
0.7627608134196355
0.7636248270670573
0.7673256312097821
0.7718274182286756
0.7797505060831705
0.7570581212639809
0.7613906715855454
0.7417677470615932
0.7424826886918809
0.7454078326354155
0.7481981892334787
0.7308630287647248
0.7340301885837461
0.7203862999760827
0.724393140185963
0.7243794547186957
0.7256654397301052
0.7286723877521272
0.7341618984937668
0.7352599659744574
0.7378300905227662
0.7388060326669731
0.722777119222677
0.7248382612510964
0.7195447011427446
0.7201790171010154
0.7232672833559806
0.7238373304235524
0.7254682880336956
0.7267583807309469
0.7336826637142995
0.7358357714068505
0.7355975764138358
0.7349464409053326
0.714719797248271
0.7169814425356248
0.7190180032149606
0.6910584985393368
0.69405709408425
0.678030184337071
0.6889529747840686
0.6905955755257909
0.6930113554000854
0.6775633484484201
0.6718174177057603
0.6748097774594329
0.6873323287086925
0.6893775192174044
0.6883427453844735
0.675329547861348
0.6775752267529888
0.6790916057343178
0.676927742205168
0.6770927881201109
0.6783901072040046
0.6814499436592569
0.6926959596499048
0.6971173238754272
0.699107833427958
0.7009094579547059
0.703157392520349
0.6978790010724749
0.6859331417966772
0.6864273088787674
0.674738918031965
0.6762985212612996
0.6772725728520176
0.6707474054961369
0.6777984668047
0.6823205988285905
0.6836119399351233
0.6829123516877492
0.6831209107864001
0.6842290612517811
0.6851947326970295
0.686144967232981
0.6869532375335693
0.684126163285876
0.6854412837291327
0.6925274860113859
0.6938760188198829
0.7013661292883066
0.6964726899609421
0.6971555509065327
0.7033313708518868
0.7042703840467665
0.7048804637263802
0.7121027386101493
0.7184987793798032
0.7177357313444288
0.7186778460230147
0.7189437683592451
0.7193127618709081
0.7204564534700834
0.7266075544887118
0.7222671982360213
0.7229916708809989
0.7233312371614817
0.7284265556591469
0.722757227373439
0.7238084673881531
0.7241684486663419
0.7304551756227171
0.7306288996050435
0.730990639099708
0.7313582153077338
0.7318056384219399
0.7220830650803465
0.7219069784070239
0.7215315900697299
0.7240314643557478
0.724721503980232
0.7211366242277408
0.7211526703266871
0.7214513036626331
0.7225806096020867
0.7211130083652965
0.7329466481541478
0.7293285062943382
0.7344279820578439
0.7387071482159875
0.734229229016011
0.7346989684634738
0.7348404655140408
0.735470515031081
0.735494874214214
0.7315500890886462
0.7323679219010055
0.7287713796534436
0.7291663374219622
0.7308964553632235
0.7347365711371936
0.7351020586987337
0.7359457250703801
0.732436237579737
0.7355266724314008
0.7362621956065222
0.7364396747916636
0.7369646906253681
0.7416286909580231
0.7467642423525378
0.747321612764113
0.7476925791190763
0.7489069256128049
0.7536988863130895
0.7540828151610292
0.7543367878826344
0.7549491306910148
0.7545815791809958
0.7546089047477359
0.7547646382408685
0.7548480528705525
0.7547224698492059
0.7549540060702885
0.7554284217745759
0.7546333460896103
0.7550048696280625
0.7555209606065663
0.7563445012863368
0.7561960263685746
0.756350654282721
0.7570043598209415
0.7573506040958011
0.7580502214176315
0.7592929606967502
0.7599927556198255
0.7592884832541849
0.759618506096957
0.7574772119522095
0.7572093082196785
0.7573518732498432
0.7575658503520131
0.758239517863999
0.7582957643143674
0.7584965431084068
0.7583615498200751
0.7582886980361297
0.7588797313897679
0.7618853429953257
0.7621354552225453
0.7664328715032782
0.76729747002998
0.7672821117229149
0.7713087840956084
0.7720831186790776
0.7726663548936729
0.7765593519133906
0.7773061210371883
0.7778206262588501
0.7782419934215774
0.7817976380151416
0.7814832176615598
0.7814572758561983
0.7813894496244542
0.7814794247969985
0.7811413850301898
0.7816018984299298
0.7760796775306321
0.7764918303671684
0.7765112575922629
0.7764321050860665
0.7759999230222882
0.7765904996628151
0.7766931655255149
0.7770883423178944
0.777014157142781
0.7771055883831448
0.7772246893921462
0.7770823441884097
0.7770638439681504
0.7775111259335149
0.777781552401456
0.7759827517430274
0.7759745952894361
0.775910865448709
0.7753888368606567
0.7788599725295641
0.7789557935498285
0.7789861557761688
0.7793105378956862
0.7792903732835201
0.7796497269943877
0.7795158662031751
0.7800398609704442
0.7800808134375972
0.7774343720006779
0.776821788859694
0.7813168849554485
0.7816019942160366
0.7816175056716143
0.7810476406200512
0.7847860822773943
0.7876430837900047
0.7889572362038603
0.7895465803146362
0.7889672973227263
0.78990618282596
0.7898546807443348
0.7893891420803572
0.7868053702747121
0.7871208260812667
0.786462871285228
0.7867349690989769
0.786681148313707
0.7865899805087369
0.7856879792152307
0.7862016796684874
0.7871180142566656
0.7875278548588829
0.7850989768933798
0.7853088438885767
0.7852685563616618
0.7867069758474827
0.789323545319269
0.7885215245418667
0.7890977453521162
0.7892972672427142
0.7894199048555814
0.7894114987250486
0.7893603052203444
0.78858552182593
0.7915645551536583
0.7917455499822443
0.7919327132291304
0.792164126792586
0.7925434005153071
0.7925278412367769
0.7927534025106857
0.7914230106841951
0.7934654523074096
0.7936918904795449
0.7962418959907375
0.7965696222641889
0.7962600324860066
0.7941421948090934
0.7939370731974758
0.7946847314419954
0.7944947109057036
0.7942093552361305
0.7944119113615189
0.7946735678566219
0.7942256770815168
0.7941173705619964
0.791896914625303
0.7940239987130893
0.7936995566730768
0.7928511279352596
0.7928403085019408
0.7905826336162004
0.7903199553489685
0.7905029669362752
0.7908150510893343
0.7909035636702189
0.7911951522250752
0.791249195516926
0.7943963854690719
0.7949489462278194
0.7950331905613774
0.7953491869980727
0.7942714633168401
0.7946396201768654
0.7968527732356903
0.7974297866105394
0.797492314787472
0.7975392328898112
0.7965014600627303
0.7971318897116121
0.7953446325502898
0.7957009280447572
0.7953932772132115
0.7980513379716998
0.7978961759557327
0.8003939919657521
0.8027266449261206
0.8041952765265177
0.8061083180388224
0.8063477201143083
0.8040364526421823
0.8036785259538767
0.8036800377241528
0.8026396508144243
0.8038709972478166
0.8034321497185062
0.8036114061298083
0.8033371288376046
0.8032624560594559
0.8033094418019131
0.8035361553306011
0.8052130626981371
0.804848585978593
0.8049490921603047
0.8054882911850838
0.805736292811001
0.8057718696687507
0.8054637629811356
0.8066039740894253
0.8060209612244541
0.8054828978623951
0.8056352253697344
0.8074183601930917
0.8090420863949336
0.8100597532533056
0.8099361401425594
0.8078852261815752
0.8078045901529032
0.8077173791033156
0.8080078987580426
0.808070561465095
0.8085497550561395
0.8083553074115333
0.8080099932501249
0.809687717811211
0.8077999483405023
0.8074608522432821
0.8074541411278705
0.807262065773186
0.8069562226876446
0.8075746959502544
0.8075650300259448
0.8072331142207804
0.8068682593473813
0.8069322613152591
0.8091444131198113
0.8102913070048682
0.8100272925658905
0.8102664684390163
0.8102183615223745
0.8110199669551422
0.8088791519403458
0.8090337663226658
0.8090572938686464
0.8082788634089242
0.8101477212463783
0.8095419806005671
0.8115801811218262
0.8111844810477474
0.8126593262152807
0.8129077738549512
0.814986744217883
0.8158849907957989
0.8175306201239728
0.8176043477409329
0.817469979465394
0.816939985957639
0.8185450497493949
0.8206161941069902
0.8214887097254555
0.8234103291462629
0.8238434583139318
0.8235987734287343
0.8246647982587227
0.8247629828372244
0.8243867776358607
0.8260060563872132
0.8279173404292056
0.8298621923983598
0.8296110680018332
0.8297228169740494
0.8299344636204348
0.8296892980734507
0.8312428547785833
0.8309240910027532
0.8307369614239806
0.8309492498389945
0.8313441138906578
0.8310625091992287
0.8310744032967506
0.8307965607916723
0.8305845962711639
0.8325354819395104
0.8305993971785879
0.8316239198371315
0.8318199768722782
0.8315054320325755
0.8294304530145656
0.8319451373264971
0.8340041083181071
0.8338680510520935
0.8343417154338784
0.8358530357064479
0.8357008773811295
0.8358887240054116
0.8358266745463456
0.8359232222138657
0.8353390740689911
0.8311664356904871
0.8311094108626333
0.8312679780647159
0.831742837415104
0.8316595206464775
0.8297499362812486
0.8291797347410044
0.8293504434202629
0.8311008446937811
0.831078023635424
0.8307496050726658
0.8308833129561267
0.8308565671311737
0.8309512775362903
0.8276409673871417
0.8258335671334897
0.825825544849403
0.8258159447433358
0.8257782445839601
0.8249636690193247
0.8231233977738706
0.8230522622849419
0.8229552761743153
0.823098342065458
0.8232132617294678
0.8233241397076427
0.8231997788501269
0.8231912930222118
0.8231299785299039
0.823413582948538
0.8233789547705781
0.821968891147273
0.8219071292877197
0.8219865060761273
0.8222939058410755
0.822717364083989
0.8226880116505666
0.8223172391918924
0.8225721580977928
0.8212653183126706
0.8209853133984975
0.8211881995413605
0.8214444155370637
0.8209686571497266
0.820769967339563
0.8223634846442569
0.8241159052393883
0.8259173646385287
0.8276268096876817
0.8291565651214814
0.8309726338637503
0.8327076760774736
0.8328771999665907
0.832965842924401
0.834591624213428
0.8359824885492739
0.8373719435217476
0.8390895808856792
0.8405283320958956
0.8406519125247823
0.8407319072191564
0.8411049175098589
0.842607123978551
0.8435621486134726
0.8436884827084011
0.8451779649526185
0.8463755904917416
0.846327833983363
0.8465269676493465
0.848005223274231
0.8499606466535384
0.8515351438844526
0.8516696323632792
0.853183556084681
0.8543992567463081
0.8553654307487027
0.8553614424700713
0.8564843920162291
0.8564473285101889
0.857911008199056
0.8593953504736928
0.8605835315000971
0.8620095980503468
0.8618872923566806
0.8631963327896497
0.8646867003771338
0.8618072598242799
0.861788119253565
0.8617472270116479
0.8603517709704053
0.8602903929906094
0.8604306945955851
0.8614611029624939
0.8629809929060974
0.8615371090915168
0.8625433011139456
0.8626918390895544
0.8627492120632758
0.862850846862793
0.8639121322205272
0.86527307904318
0.8640007282857486
0.8640586043161059
0.8658822036205116
0.8659751151181474
0.8660044493080127
0.865927972628115
0.86598420556136
0.86472415250362
0.8646793944708606
0.8647814754396677
0.8650358061708637
0.8649624768075913
0.8644784431249877
0.8646251836918896
0.8647048314412434
0.8660539410800757
0.8665649459756324
0.866042705229771
0.8658979923589204
0.8658490764177763
0.8645196088983969
0.8630495056828956
0.8639954610635306
0.8651715113622386
0.8660368298831052
0.8621280359247989
0.8621336444987271
0.8619728430004321
0.8616399492125913
0.8629667662140122
0.8643500346679229
0.8652507236515028
0.8651862251544427
0.8656719137200326
0.866869225786693
0.8681126820525895
0.868741478238787
0.8698237594134032
0.870805442156353
0.8693944099386768
0.8706661027854795
0.8705646003593738
0.8703041663050476
0.8701148772940916
0.8697764915455122
0.8699389107928968
0.8696594154625609
0.8705032613155615
0.870401621907515
0.871663697074768
0.8722298685894456
0.872409022944413
0.8724501229714656
0.872347531201353
0.8727531774195633
0.8736797875656194
0.8736259360134774
0.8734389279765644
0.873104244043629
0.8739102265353879
0.8738117599487305
0.8736924989077232
0.8737520274952946
0.8744353054258257
0.8744485920125787
0.874419115282965
0.8755909437498357
0.8760708656472903
0.8771761931942008
0.877433703883915
0.8773364956949798
0.8785669404578443
0.8785171752892236
0.8790108416260791
0.879965399028538
0.8803915704428816
0.8804370053476204
0.8802668835791373
0.8801618792914548
0.8811172889338599
0.8811893671461679
0.8813857348671911
0.8800585704613786
0.8797964221033556
0.8798268948047943
0.881085556179818
0.8813693022334969
0.8813072663766367
0.880064653795819
0.8787820716509227
0.8788569490006574
0.8798249166838977
0.8798460419411245
0.8797654584757832
0.8806028692379877
0.8805604300415081
0.8804331582945746
0.8804386395674485
0.8804605106780471
0.8801459893885082
0.8804218685755165
0.8819336708760102
0.88254452934214
0.8824390155404128
0.882469197326803
0.8824295577442693
0.8821994654337565
0.8820867887667111
0.8820681093221016
0.8819771097950726
0.8807475206867749
0.8807494873723025
0.8811157159162796
0.8810622802195889
0.8799859210064537
0.8801779574696244
0.8801404128237347
0.8765963611652583
0.8767728053295628
0.877869195304811
0.8777918744304245
0.8776505665345625
0.8774113902476666
0.8772445126518684
0.8783306797910939
0.8782821228337843
0.8781673123759608
0.8780306384121019
0.8781208166591296
0.8770310621665592
0.8771588719808139
0.8767878710078827
0.8766930472210545
0.8755989293662869
0.8756778704892298
0.874462357015743
0.8744917188199038
0.8743811445393339
0.874424190460881
0.8744136180950025
0.8744246974737957
0.875209460492994
0.8751573922952417
0.8759700793140339
0.8758980580909768
0.8759270545978618
0.875820877856778
0.8746972668170929
0.8746274148629102
0.8749144047573023
0.8747873834773879
0.8747985662512519
0.8747984067382055
0.87469014447861
0.8735023661803256
0.8733012346573817
0.873156503155258
0.871998055541354
0.8723231926011219
0.872087578393199
0.8722364665830836
0.8729481475297795
0.872975217683974
0.8728554711673723
0.8726091681457148
0.8725122667839988
0.8723699002370348
0.8724057917751344
0.8728051009108719
0.8716271844383591
0.8715253548005184
0.8715018834468823
0.871416458318547
0.8713558550340583
0.8712548176734456
0.871324033404772
0.8709878077169283
0.8708670073561817
0.8695951851361106
0.869531635457612
0.8692450654250625
0.8692591664901933
0.8689380696841649
0.8689721668234336
0.8687976847918186
0.8686570739406708
0.8685407904087085
0.8684630399624977
0.8683513033756409
0.8672868761251558
0.86832497482165
0.8683423527549294
0.8672125034488982
0.8659933244316583
0.8668943904296696
0.8668733723809786
0.865799033558452
0.8656518514830797
0.8655771690745686
0.865524576931465
0.8651059926800827
0.8648552789610755
0.8647315251054587
0.864535616450227
0.8655174918317905
0.865590808575816
0.8655505446794396
0.8656054492375381
0.8656814183311901
0.8654636931610984
0.8654071303135759
0.8666040424901869
0.866692480833634
0.866654623576573
0.8665810785337126
0.8666354538777263
0.867673143438978
0.8677058266020201
0.8674898242408579
0.8664920113794928
0.8663111821171382
0.8653701553236967
0.8653235744945621
0.8661969130041903
0.8666512407698073
0.8665976642355474
0.8655234456196109
0.8655777883636577
0.8655991535571228
0.8655987220589213
0.8655662243592672
0.8654802204774958
0.8655008387273238
0.8655072806407189
0.8645334317949083
0.8646399935130671
0.864675788287313
0.8645726932111637
0.8636224327825051
0.8644056967552135
0.8640784867674671
0.8631687166929507
0.8639175491018609
0.8639195766197733
0.8639062901860789
0.8638758421727627
0.8637925490769568
0.8637449858618564
0.8637996474728313
0.8628315177618289
0.8627504601961121
0.8626328584940537
0.8618034664824314
0.8616037402354496
0.8616431582541693
0.8615983236158217
0.8613147220652768
0.8612509000134185
0.8603492701913363
0.8603741112575736
0.8603987020273342
0.8610494704717219
0.8618163840180425
0.8618888198946477
0.8618930671304305
0.8619848820898268
0.8619234872347772
0.8619600969082766
0.8612699341266713
0.8613284693260882
0.8612471763242329
0.8611202793687677
0.8610436509726411
0.8611519631885347
0.8608250950658044
0.8598598111027906
0.859711622915479
0.8597021642484163
0.8596437328370713
0.859519898891449
0.8595602522366694
0.8595018559281931
0.8592950843391618
0.8592580531930325
0.8599765004284579
0.8598375273149048
0.8598266523001217
0.8619864903390407
0.8619759762572449
0.8619314734504525
0.8628991489469819
0.8628812202279499
0.8629002484632897
0.8629736354879217
0.862912463550114
0.8629175028032507
0.8636533990117911
0.8637398628844428
0.8637429779025234
0.863775711981848
0.8635686862627991
0.8636240579753931
0.8634857520079001
0.8633969919603379
0.8631398711955377
0.8632397286373212
0.8633370511385859
0.863614894563634
0.8636175267808064
0.8636890718919942
0.8636263310909271
0.8633892686233908
0.8633259812910223
0.8633372909271487
0.8637673022293368
0.8634841336037199
0.8641694601136024
0.8642196229440052
0.8642903352456708
0.864308402377433
0.8650722630786704
0.8661404137635351
0.8661092277990288
0.8660320408246223
0.866143068474137
0.8660975180350028
0.8661120119094848
0.8661137582300664
0.8661140967699015
0.8668733255796699
0.8665913320892485
0.8674330408009099
0.8675116008182742
0.8675836251368598
0.8677057130603771
0.8677298628457703
0.8686048588342412
0.8696309766279379
0.8699103126638851
0.8698459586213091
0.8699214977583861
0.8698874904414801
0.8701530930566929
0.8710473323851999
0.8719897426964607
0.8720775440627453
0.8719203563208211
0.8718672818167102
0.872833771439941
0.8734722528606653
0.8740330544913687
0.8741659207186039
0.8741887618643399
0.8741022116479242
0.874065393840838
0.8741955169196268
0.8739933317778298
0.8740479703559432
0.8739945041475545
0.8739864293565142
0.8740103184888904
0.8738852796867548
0.8740579187582636
0.8740824667704588
0.8740307112171515
0.8749039290043024
0.8738906291990958
0.8739373218054058
0.8739912756322104
0.8740289311563991
0.8749122952094165
0.8747571382895325
0.8747336828140986
0.8747127938565473
0.8754826099700348
0.8759369293169418
0.8759315303426087
0.8758629740131975
0.8762862474629374
0.876756388394474
0.8758738157994573
0.8751091395843276
0.8749440758300007
0.8749379319204411
0.8752291385944073
0.8751503498395582
0.8755434171090858
0.87471505306682
0.8756077382991563
0.8758365399128681
0.8749129148971203
0.8753509286611053
0.8744868004698036
0.8742858586487947
0.8742362594957378
0.8742597777389555
0.8734165507049139
0.8726358749589868
0.8727195157627502
0.8730479831642964
0.872969735533519
0.8729943063280998
0.873004629238279
0.8729725290130783
0.8736447376170948
0.8736959798244497
0.8736460211070161
0.8736971599342179
0.8737722210375526
0.8722317598082803
0.8720377649023399
0.8719737382769477
0.8727673529714778
0.8711464652739459
0.8711714247503866
0.8719364042428295
0.8723018147923924
0.8722120839985076
0.8729830572931029
0.8729397755748821
0.8728354974537821
0.8736355078059996
0.8736005737362796
0.8743291178663181
0.8743380862613057
0.8742910443511362
0.8741799803716795
0.8718527733643284
0.8726728023952908
0.8713458985724347
0.8706408806606731
0.87081965991188
0.8708906687611826
0.8709553466470286
0.8709413778214228
0.8710754545774754
0.8711684050274567
0.8703748542939841
0.871224784139377
0.8716471628138893
0.8717166944933398
0.8723749085190835
0.8716403332339624
0.8724451287670701
0.8723593230027163
0.8731074393418607
0.8730468345373169
0.8728995124153469
0.8734276615775843
0.8734916355460882
0.8737615674656573
0.8730329607184782
0.8738458616113292
0.8736745026445142
0.8736268186281219
0.8733490596557486
0.8731704197702072
0.8716494756465925
0.8715788736875477
0.8723983380234261
0.8716593574579448
0.8711118194792006
0.8712853511921063
0.8712317648601207
0.8697298519870862
0.8682810364384284
0.8681334818823863
0.8667455814980172
0.864516591985619
0.8645690465996103
0.8645026952278714
0.8644983055809783
0.8648052341585991
0.8648713882091359
0.8641575629741078
0.8641622915714481
0.8640985092523203
0.8640777861733667
0.8639410428945177
0.864010059038798
0.8604689413437598
0.8607919854177556
0.8607450575623291
0.8606860318195731
0.8593111852608105
0.8592052253336329
0.8603435248087422
0.8603310812460748
0.8603243075537701
0.8595926849640618
0.8595224867101575
0.8594454795390636
0.85797821862357
0.858628548766816
0.857904789502147
0.8570995268782949
0.8570595360886847
0.85707902637395
0.8570486134082829
0.8563116448128272
0.8561812517712417
0.8569577888991434
0.8570147504328911
0.8570590404082538
0.8570400486069341
0.8556693411602287
0.8557198030389007
0.8557586216064821
0.8561583920045611
0.8546094986035215
0.8545578308105469
0.8544157132637396
0.8545379379686837
0.8536265626478423
0.8536867010640908
0.8528912342438739
0.8492005650995275
0.8495070753218252
0.8494699896559885
0.8493840306479408
0.8485802889622348
0.8492006173370578
0.8492504149910033
0.8474618681184538
0.8467980060831506
0.8475447294762476
0.8469579700756297
0.8470339672639966
0.8468143443033902
0.8468633417778194
0.8451604552068754
0.8451314717183858
0.844307599463511
0.8429345156386172
0.8428660237503347
0.8433445485703175
0.8433139309459672
0.843707013093395
0.8437501101100454
0.8442984894721643
0.8441593547891524
0.8442380466827979
0.8441942856002093
0.8442377361101305
0.844254500483515
0.8443100627945976
0.8450174576477986
0.8455777327097941
0.8463076118667707
0.8463963372262611
0.8470748563683425
0.8471261663291291
0.8476338850278876
0.8475414794392702
0.847654575622454
0.8481854693893247
0.8493276088410004
0.8500583021474102
0.8501067639483406
0.8494104632290138
0.8499586826021021
0.8499950934864191
0.8505436447132012
0.8510475784022071
0.8508324666325779
0.8507805635344308
0.8500824441744496
0.849964967693191
0.8499190000056144
0.849953888412705
0.8501440824914211
0.850382227797408
0.8504188454249526
0.8504202249704272
0.8502922077750446
0.8502595353269291
0.8508846895322036
0.8508630985636347
0.8515583560749878
0.8515589358201667
0.8515095870766863
0.8514430769864919
0.8520220218979416
0.8520080292863506
0.8520075402738436
0.8513379564264039
0.8513028427118363
0.8513093466578456
0.8512724099335847
0.8512172148370637
0.850531792341121
0.850485165326951
0.8504750522740213
0.8503947878657541
0.8502798593474734
0.8502933505006322
0.850236707789833
0.8507711720817229
0.8508396958008485
0.8508568317704613
0.8507876181025236
0.8506731231890815
0.8506267516167609
0.8505937175206174
0.8503759887502764
0.8503419329897005
0.8503782359068197
0.8505624525738459
0.8506078353161189
0.850672609083159
0.8506488692387124
0.8506376149873025
0.8506369642777877
0.850551460891269
0.8505421924521807
0.8507598096988717
0.85061254269667
0.8505788816921953
0.8508795162286558
0.8508352306920781
0.8508006564448557
0.8507311071963669
0.850601254301381
0.8507511541784928
0.8506159469560487
0.8506394351593699
0.8506160699008093
0.8505718025372183
0.8505607129514517
0.8505716145723715
0.850469377343807
0.8503017117679547
0.8501341033580055
0.8494261782256382
0.8493945109144984
0.8487676508086068
0.8487137752630981
0.848760322395303
0.8487300629795914
0.8486987695395097
0.8486772800255501
0.8487254894983718
0.8486812970446794
0.8486434304240075
0.8480315019052925
0.8479667405568844
0.8481007977233909
0.8481261205808108
0.8483969868703781
0.8483192930787297
0.8484564224598521
0.8479389371461983
0.847774262159643
0.8477224466416469
0.8476585064256241
0.8476162437645383
0.8481845281432184
0.8482642001436468
0.8487952121678441
0.8490881644184136
0.8485296929632867
0.8481357559134792
0.8481710196873329
0.8481295757666386
0.8480881688651347
0.8487190763294074
0.8486868265943607
0.8486897893970679
0.8481133297303222
0.848707289993763
0.848697659209898
0.848371143479949
0.8489863462771959
0.8484289618099436
0.8484473686825026
0.8491902100932788
0.8490293078659648
0.8490303020135052
0.8495119515780745
0.849492889531804
0.8499842900218386
0.8500601841676506
0.8498538870267068
0.8501276529122055
0.8495672850389553
0.8500867032219843
0.8498608858475871
0.8497390890774662
0.850320672107673
0.8509272139636664
0.8508935313638725
0.8512618088982796
0.8512681878060611
0.8508739068383007
0.8506162726911602
0.8511106010356511
0.8509916217959657
0.8513983860054768
0.8516018423049346
0.8516559184851973
0.8521049577474917
0.8523079143136235
0.85251121921591
0.8524137568296253
0.8526146026360972
0.85281783314151
0.8526098315780227
0.8524709668697175
0.8530888996626201
0.8533198593921623
0.8535211720877902
0.8539667651308105
0.8541857984473535
0.8542247326463781
0.8544431283539617
0.8550331048517419
0.8552595320202055
0.8554464183927541
0.8556771751066541
0.8558874632938799
0.8561893707135051
0.8561556206986228
0.8561671539872348
0.8565539304659427
0.8567738043140618
0.8569384797414143
0.8575001595260142
0.857725662334305
0.8578424282530521
0.8580578426982082
0.8584941916890036
0.8587485807339087
0.8591825950999475
0.859448412382658
0.8594736800288523
0.8600832851101908
0.859973660694859
0.8601981726846235
0.8601614062033367
0.860656185276044
0.8605450792803299
0.8604254497849949
0.8604950904846191
0.860510592557946
0.8604841444053148
0.8611175797629874
0.8618618628981862
0.8618530564924956
0.8618894188109971
0.8615941182120902
0.8621304960113365
0.8622765928292165
0.8622539728411829
0.8624828030191425
0.8625097464767646
0.862511729135837
0.8626002791032088
0.8631760141529347
0.8637662654590917
0.8641350590623915
0.8641527857808378
0.865137714558367
0.8652170358190605
0.8654548990262019
0.8653939774406181
0.8651598218813944
0.8657130267970838
0.866307632138692
0.8644278015607091
0.8644502475184779
0.8646483402879371
0.8638407035712189
0.8643082960231884
0.8642900545114106
0.8642323274373549
0.8641951113212399
0.8638851436284872
0.8643712117685712
0.8646157294626272
0.8640147235692309
0.8639872025377072
0.8639382831895032
0.8638669569627754
0.8638901488513363
0.8642322766393367
0.8641740924993139
0.8640447578029523
0.8640592393984321
0.8646807963122097
0.8647630028379312
0.8647847102937244
0.8651458354770835
0.8654297604618302
0.8654512333174924
0.8653268317633037
0.8653609570184136
0.8647556916415804
0.8647115627924601
0.8645961695289011
0.8645479407015845
0.8645442465077275
0.8645964445034863
0.8644884117299314
0.8644517612157377
0.8636825770588975
0.8642158231417937
0.8640203776404402
0.8646274404716969
0.8646682343336666
0.8646889784756828
0.8647631107828929
0.8647872805595398
0.8646598241748881
0.8647414117921388
0.8647551390892847
0.8651887910016972
0.8651901538464082
0.8649404412181816
0.8654024037905848
0.8653744845656874
0.8659443010239036
0.8659735947625513
0.86587635656358
0.8657342825142592
0.8652198543206512
0.8652315397639799
0.8652241682107983
0.8657109997890614
0.8656831378925001
0.8656738490858442
0.865635578234256
0.8662099227529442
0.866581129514254
0.8661068622950183
0.8660791917573615
0.8660906536437164
0.8666436531792389
0.8666621966277216
0.8666830837142234
0.8666560014770284
0.8665612883491937
0.8668674692101435
0.8667713246310544
0.8667419414077507
0.8662322114487113
0.8668209939468198
0.8668143163724036
0.8667748553744187
0.8667961790731457
0.8671896404013436
0.8672169420132159
0.8677796651207517
0.8677829219561023
0.8671682677607307
0.8672648772326382
0.8672940690614179
0.8675036629522107
0.8679891382645494
0.8680316396350227
0.8680505114764983
0.8684210037710297
0.8684064072205161
0.868310164083121
0.8682809273880648
0.8677663618046454
0.867824270147483
0.8677866073468556
0.8680167347103268
0.8678844199747312
0.8684133287668944
0.8683749737499429
0.868913029681572
0.8688646877597193
0.8688829631451573
0.8692960267146809
0.8692819271270059
0.868790180149363
0.8690928135396188
0.8691196673386994
0.8691100387948346
0.8693524964726206
0.8692828682758211
0.8686782349027202
0.868640393514248
0.8691635755827589
0.8691920278193971
0.8695440690900421
0.8699803418740277
0.8699920607996523
0.8705029185707047
0.8704625569032819
0.87101286226976
0.8705630341837228
0.8705326793468104
0.8704734880406901
0.870397040474464
0.8704542286685274
0.8704339829243373
0.8703575444221496
0.8707114558301204
0.8712460284507653
0.8712236136460543
0.8706204759759987
0.870466160788198
0.8699838418999634
0.8699706924512051
0.8703197249185259
0.8706125352929645
0.8710980109322725
0.8716192572179411
0.8715228219329443
0.8720342942250067
0.8715158057767292
0.8710068663653596
0.8710223023308894
0.8709009730898863
0.8712385881119881
0.870622324543187
0.8706051827304893
0.8706214703735828
0.8710372891729278
0.8715521238361185
0.8715725418601796
0.8716069078142769
0.8715853616853074
0.8716104060840881
0.8716215495755772
0.8716464742280808
0.8717153526161374
0.8722117592548502
0.8721907429144616
0.8721602804762077
0.8725442065634539
0.8725886858931375
0.8729915959104084
0.8729430184468098
0.8733378929210242
0.8727900379381567
0.8732468017850603
0.8727076810244556
0.8727211273539359
0.8727278086859117
0.8728267732169214
0.8729052280239201
0.8718750011927706
0.8718651289289648
0.8718422773817194
0.8718315532069472
0.8718730732587272
0.8712596215202181
0.8713825172908174
0.8713319774936227
0.8714466925190288
0.8714438870801764
0.8714147716642839
0.8714042923520435
0.8708567796726506
0.8708716530867026
0.8707772870590021
0.8708298172787058
0.8693425488030221
0.8688264778338318
0.868780726007282
0.8688345533793046
0.8693632253206858
0.8694228045287984
0.8699528492270433
0.8699781286976336
0.8699844429612825
0.8699474160329115
0.8698653798284275
0.8699698305901242
0.8698885039475185
0.8698420377162838
0.8698498062407785
0.8697646404546568
0.8697889597715605
0.8698382197385898
0.8698104422622257
0.8697045515273294
0.8697570871962823
0.8702506684489999
0.8703081402968937
0.87038652441178
0.8703915691534062
0.8709369346631312
0.8708471927674454
0.870869680926286
0.8702653400419037
0.8702820540132012
0.8702280166525036
0.8702442359661596
0.8702537485681442
0.8702852895250672
0.8703181334454627
0.8703433665159707
0.8707612048138629
0.8708121652199894
0.8708059353548553
0.8702772612114476
0.8702316186253108
0.8687088811332411
0.8686908468530844
0.868656896998268
0.8686817016226961
0.8688778405361113
0.8689054153920519
0.8679672072320301
0.8679608379517514
0.8682083613198737
0.8682331851097244
0.8684302872607037
0.8684110157656657
0.8686493348144398
0.8686320705465508
0.8685286448035442
0.8689084471272467
0.8690977531336087
0.8694632784491169
0.8694544859190245
0.8698983246542067
0.8697863810778179
0.8698536551970119
0.8698863642372617
0.869380359505785
0.8694037839040104
0.8694199699631805
0.8694709946610326
0.8695120421789025
0.8694761155562526
0.8693981668746817
0.86936247214411
0.86935295401213
0.8694105539500873
0.8693757524827669
0.8693835320291381
0.8693919377102332
0.8694666168025115
0.869516514711839
0.8694822218633476
0.8689510197290684
0.868991208305481
0.8689994351704915
0.8689153128341317
0.8687983833225598
0.8687729228672763
0.8678563667826675
0.8678632725057895
0.8674203313080369
0.8673780919386158
0.8673033706709538
0.8673331366252091
0.8671665407362439
0.867262305971432
0.8677871304092367
0.8678431694711526
0.868351749757349
0.8684173012584574
0.86840855754798
0.8680079185441646
0.8674840062997768
0.8670167712493753
0.8669347431228942
0.8674093086262701
0.8679396483230191
0.8682207767414559
0.8681464373940442
0.867657626861053
0.8677302120494194
0.8672764256432988
0.8672273454247598
0.8664613515060895
0.8664854839521852
0.8668990695520017
0.8669238397230704
0.8664361343919673
0.8664023459608581
0.8662052549634661
0.866654967221887
0.8666868494406968
0.8666994047362775
0.8670937095422582
0.8674701441137285
0.8665089058370339
0.8658675434421902
0.8654137590977874
0.8654381181775909
0.8648014260025535
0.8638650920138697
0.8636894989796977
0.8637082261143739
0.8641386473484528
0.864374206715031
0.8634177694057125
0.8628710998706691
0.8624406627637504
0.8619384732798373
0.8614567996164517
0.8601298967350783
0.8601524751158521
0.8601795963829544
0.8600800846628222
0.8599721499195447
0.8602083406047173
0.8601792682388754
0.8602299762677543
0.8601896153837367
0.8601702619249828
0.8601894683462011
0.8601172380769933
0.8602894666096277
0.8603152187557095
0.8602785261407975
0.8603223383877079
0.8607610150766517
0.8609467606239722
0.860982494694846
0.8609150141672371
0.8609176190055196
0.8609285317492329
0.860884155374933
0.8613600758410433
0.8614639237508133
0.8614361829652576
0.8614698834101677
0.861647611862427
0.8619438031126464
0.8623648059368133
0.8624052435442664
0.8628484164322768
0.8628581824804983
0.8615875680112814
0.8616141970176621
0.8619466060545387
0.8623960527021494
0.8623831325475996
0.8624165426665699
0.8623561593826529
0.8623761390858398
0.8629979411662364
0.8630664790906604
0.8626609628335218
0.8626860475776219
0.862736808846694
0.8627359232728017
0.8626953686178909
0.862321482947407
0.8618813227619645
0.8618467882268237
0.8618360884021738
0.8618392900923105
0.8622892228946039
0.8618846555892606
0.86187958061578
0.8614048699284442
0.8618645532391948
0.8618826156737758
0.8614172064475751
0.8610185152161092
0.8605163965099429
0.8604740825248882
0.8600549486206799
0.8592093404103162
0.8592448674269256
0.8593712178881531
0.8593752412003224
0.8593915579908389
0.8593881510993809
0.8589448797020602
0.8594575933245725
0.8594662378833022
0.8587246103720232
0.8586976686037929
0.8583413243351323
0.8578393557079736
0.8582508475479302
0.8578115531704559
0.8574038609733251
0.8569784607811652
0.8573236253602818
0.8572221129660531
0.8571879942677987
0.8563218374942329
0.8563333338704603
0.8549748047994075
0.8549878435581211
0.8554068927264157
0.855434091264055
0.8544748080463964
0.8547888655889602
0.8531349465286363
0.8531401113248517
0.8523224314242178
0.8522844939139261
0.8522750553533887
0.8514690909825319
0.8514627595704986
0.8514552452004513
0.8514175792141159
0.8514711567679347
0.8518044896845548
0.8517967935217714
0.8522045685366344
0.8523823159290157
0.8520475494160372
0.852653330940182
0.8526893545329206
0.8526597260532522
0.8526301282064743
0.8526301486951084
0.8526154561313538
0.8526225120220577
0.8527850424019429
0.852363549685869
0.8527966329220975
0.8532521693462181
0.8532555507911371
0.8532986073850471
0.8522641217308258
0.8518511335758661
0.8514979172019319
0.8513501457082998
0.8513634971130726
0.8517908636551578
0.8518275580884799
0.8511900211431588
0.8512488582581005
0.8512773011976444
0.8513156423091447
0.8512834083597767
0.851326502252508
0.850529195531562
0.8504488653264072
0.8500710552969357
0.8500285583209155
0.8499868346096405
0.8492039769874197
0.8487498008650786
0.8482526011850642
0.8482760961222298
0.84735421720805
0.8473638021617854
0.8471495055758805
0.8467201924466017
0.8458901817168212
0.8458493074217397
0.8458309051541567
0.8450684487574833
0.8451283919985277
0.8451700501935535
0.8447016757278616
0.8447269327219283
0.8447084887004951
0.8442552075596385
0.8438685211145244
0.8441600947895449
0.8441844005991641
0.8437843305453692
0.843809770759624
0.8433694077487874
0.8434031569580147
0.8433845010832498
0.8433582767655577
0.8431768727636532
0.8431868322711865
0.8427604555222963
0.8423591201857902
0.8427849457359572
0.8428293852118759
0.8424238486938065
0.8424634872338711
0.8424463019096594
0.8424292093984197
0.8424116640827833
0.8426898637051319
0.8430036733351661
0.8429723294019806
0.8429691923038842
0.8433962663370951
0.8434315616511957
0.8434493110364614
0.8434281038618984
0.8434044314177511
0.8437043814411743
0.8440653212005451
0.8441198818165879
0.8441376265482798
0.8444208571953433
0.8445738500274222
0.8442269335673209
0.844201987546183
0.8441349626383962
0.8441069002992218
0.8445030117119796
0.8447426515117659
0.8447666325109066
0.844822161356608
0.8451049911451572
0.844018255051911
0.8439791112715471
0.8439689460031005
0.8443922072622605
0.8447861493082371
0.844824404104621
0.8447027037703637
0.8450811613354401
0.8452304051188942
0.8451787214397121
0.8454533423282716
0.8452741495305689
0.8453264847995426
0.8457513836511956
0.845926498537387
0.845921160259717
0.846292007666981
0.8465864034525218
0.8462172146421745
0.8463933073118375
0.8466745202639733
0.8459714549197173
0.8459379249868635
0.846332885693731
0.8463742183929149
0.8463296072227428
0.8463661638353336
0.8466758841659285
0.8467195705100373
0.8466607405661287
0.84625857098037
0.8461666253784885
0.8461212408262019
0.846144345539068
0.8456956238968766
0.8457117534078029
0.845630992024087
0.8459489941596985
0.8461750078781287
0.846510266098208
0.8465274056005809
0.845753548307547
0.8457553815387151
0.8457302796267596
0.8457125634858103
0.8457384652154676
0.845754830791876
0.8450065027817794
0.8449173390556494
0.8449340222671107
0.8452508935031446
0.8451925483743092
0.8451752825029966
0.8451376831362033
0.8451280069186912
0.8451171494022917
0.8454262031540403
0.8454173466467089
0.8455828384192771
0.8455920825969727
0.8455216015122601
0.8455577410562399
0.8455403566360473
0.8455295788786638
0.8451562246640659
0.845355508260065
0.8453041236967295
0.8456648189115198
0.8456779949883297
0.8453209127116407
0.8453165682296069
0.845160248642847
0.8455323932927623
0.8454097076450162
0.8453918855445254
0.8452999009996703
0.8454579669599992
0.8435797987850494
0.8435433874911153
0.8434611695860846
0.8424054761080232
0.8417506352986508
0.8414130767656339
0.8413968556236244
0.8414262487918516
0.8414173346438623
0.8413755818321974
0.8413475079220958
0.8409255329935175
0.8413472008022796
0.8409783057147862
0.8402509850546473
0.8398768526638349
0.8398417375431765
0.8402241064067657
0.8405609187816034
0.8408812498716715
0.8408578674680471
0.8408086657025325
0.8411117706873187
0.8411101678940763
0.8410286410204596
0.8410438106970282
0.8410359525979187
0.8406854742111441
0.8410340337777158
0.8415507547753013
0.8415670257806778
0.8419645875257932
0.8423121329846728
0.8420090161837064
0.842314383137355
0.8419136434694461
0.8419239814967325
0.8416171209389913
0.8416138747042882
0.8412361248722724
0.841154604668943
0.8412002082297344
0.8415051539377284
0.8415492941664703
0.8411413708994211
0.8411263115688672
0.8415453522585327
0.8419324323455017
0.8419744003527235
0.8419857911965282
0.8419967660801723
0.842006976780304
0.8422440453455515
0.8422814777919224
0.8418778272247628
0.8422954709648449
0.8426082334071765
0.8425989736521758
0.8429855377411803
0.8429371908545543
0.8433235453424931
0.8429806511910235
0.8432616155101647
0.8432905325432667
0.843282218844101
0.8432595958100989
0.8429063777892393
0.8429101308511626
0.8428434201704911
0.8424983003188152
0.8424894453700053
0.8428033441548246
0.8431657404497211
0.8431825713598349
0.8428293381141141
0.842799689937618
0.8421054287654598
0.840865365583563
0.8404972316477528
0.8387898784680642
0.8387961545680547
0.8384629789384771
0.8381689764781765
0.8381546500614931
0.8381918316887271
0.8382388734375456
0.8382140933074459
0.8382591543493375
0.8383402427997374
0.8369848706148484
0.837015975622767
0.8362930975331392
0.8359329424305765
0.8359592509193298
0.8359349372628502
0.8359603257633572
0.8362372152420844
0.8366479064941407
0.83669786518071
0.8363813164231304
0.8363420133963941
0.8369338733231474
0.8369961522240117
0.8371666911878004
0.8371788441089162
0.8379612702589768
0.8383056492444528
0.8382980389596931
0.8382391350664151
0.8382377946134871
0.8382501832625178
0.8381860678997002
0.8381666260607102
0.838184638301863
0.8381710557164986
0.8382077953464315
0.8385247263643477
0.8386854531508692
0.8387291604427002
0.8391352334855995
0.8391463021657735
0.8393573574028392
0.8390926707154166
0.8389022426673102
0.8389513670691389
0.838994131216368
0.8391434425991293
0.8391616271975668
0.8393146420616565
0.8399982926408215
0.8400525871887567
0.8405042184259086
0.8407630018590472
0.840775154950629
0.8415599196914613
0.8420396878558882
0.842185220410747
0.842199155959003
0.8422230155025638
0.8422397805571791
0.8425913614638659
0.8429721719759045
0.8432036110520176
0.8436153617827459
0.8439892782884486
0.844270313547808
0.8443534914228984
0.8447448818813433
0.8450572111686879
0.8454233067842846
0.8457759791323464
0.8458461271956603
0.8462548124501256
0.8466185527464616
0.846892255730927
0.8470109222178253
0.8470187259781277
0.8473325469649214
0.8476722071211721
0.8476983147522626
0.8479880941908339
0.8482968522084098
0.848684710134227
0.8490166293827649
0.8489994234612016
0.8495948709712702
0.849718652283237
0.8498904508604783
0.850284563818919
0.8505732927970516
0.850598135072252
0.8508918929294325
0.8512282262392243
0.8514014514392085
0.8518480299979218
0.8518482457293599
0.8519342908741059
0.8522759868431313
0.8522852133302128
0.852583439898906
0.8529743714011739
0.8529309823700116
0.8532960039939173
0.8535755557321406
0.8538302163820009
0.8544020720864299
0.8547592278983858
0.8549592949182795
0.8552925608759213
0.8557511774331389
0.8557711318020461
0.8560420122796588
0.8564284375486602
0.8567666554276693
0.8571661729079026
0.85726187074244
0.8574233461947371
0.8579365357132632
0.8579398182130629
0.8582939230320321
0.8588177130392489
0.8591506129075707
0.8593352984614168
0.8596573689286395
0.8594404808272351
0.8598072614640591
0.8598636705848937
0.8602477469878427
0.8605505443667818
0.8608826019712909
0.861251454340578
0.8616256637369247
0.8616341912778291
0.8620033799236967
0.8613786125655761
0.8613990895995279
0.861409925542891
0.8610715166618835
0.8610615947029807
0.8607714042061864
0.8607916735950575
0.8604737969176192
0.8607395760248463
0.8608129631405717
0.8601628124104074
0.8601715385010749
0.8601472524871075
0.8603589949714294
0.8600010480682431
0.8600304770992276
0.8599459076936151
0.8599787049133313
0.8599521964451052
0.8592077234048275
0.8592164957366196
0.85920448915427
0.859178462152334
0.8591766312572632
0.8594225345136708
0.8596918719155447
0.8596958830947045
0.8600474607666841
0.8603936672389754
0.860395904149379
0.8599813742827225
0.8603070349920363
0.860652574177446
0.8606424823866752
0.8603138471087103
0.8600003513289086
0.8600207862340432
0.8603361310691477
0.8603790637623568
0.859995687515367
0.8596842138624903
0.8596567935082771
0.8596364461513352
0.8595688506555433
0.8592338840832702
0.8592137398332779
0.859212531269728
0.8591632504193556
0.8585685440617749
0.8581840262464374
0.8582319824803557
0.8579704732321843
0.8579971481792831
0.8579341400279391
0.8579267732034396
0.8579182725482517
0.8578805957887403
0.8578613665613927
0.8575481902036441
0.8574939214808663
0.8574988333630896
0.857152980574829
0.8558581155734092
0.8556919623035972
0.8555851114340489
0.8555721199420343
0.8555880484991516
0.8558204688759313
0.855835802414838
0.8558230364160562
0.8559491651886794
0.8561491974127717
0.856136991151454
0.8558095001772057
0.8557893295274097
0.8554564395987013
0.8554312495521573
0.8554125304450835
0.8553719488279362
0.8553442476086245
0.8554363255092674
0.8553898968891791
0.8554516189674152
0.8551211250920764
0.855379610775161
0.8557177068368661
0.8557622024040862
0.8560615739290444
0.8560356608111379
0.8560572171688948
0.8553786269965368
0.8553841931603171
0.8554750879822276
0.8554902975122596
0.8554785068018671
0.8554910378951306
0.8555235148774301
0.8556028942757318
0.8555360114427474
0.8551611889963565
0.8555177350443198
0.8553465700995175
0.8547038938028607
0.8546860392963064
0.8549238805998267
0.8549236624453549
0.8552299539965412
0.854925320606039
0.8545866579827252
0.8546074562244587
0.8548635352585433
0.8548275828576148
0.8541606883350894
0.85418258772956
0.8541930603689637
0.8541642619772777
0.854089712017569
0.8544233041348962
0.8543714316560481
0.8541764498099021
0.8541821316178446
0.8538972874432642
0.8538793759223041
0.8538554865444087
0.8535709143964464
0.8535525036472108
0.8534111015959471
0.8530262577060973
0.8530199790000915
0.8531874385487817
0.8531549711213803
0.853137098207586
0.8530918352954228
0.8533880082468723
0.8532863244446193
0.8532248188007927
0.8532467344377794
0.8532547171576755
0.853260684607292
0.8531985806214432
0.8532923738105199
0.8532476322616159
0.8535658255823131
0.8539235917120166
0.8542751279574904
0.8541956580104157
0.8540546780701983
0.8538988254813702
0.8538311162738935
0.8535056942156407
0.8536280236090492
0.8539408732406141
0.8538618634654357
0.8537329413413327
0.8534080027859484
0.8533798472625959
0.8530103431831018
0.8529819532134438
0.8529590728886338
0.8529141190611286
0.8529403008762301
0.8529442489105181
0.8529495364051757
0.85290448707594
0.852610576412864
0.8528711105625771
0.8525771737852653
0.8525765937045452
0.8525536829668484
0.8517676787490096
0.8517682333390336
0.8517512160744296
0.8517417614597782
0.8520392265473428
0.8520659786193655
0.8520871812935222
0.8520717942743878
0.8520606905430347
0.85203526929224
0.8519250882579928
0.8516491206165132
0.851672746332112
0.8519125973853878
0.8521715302395829
0.8521771729408115
0.8521715378088168
0.8521499992663021
0.8521672793275095
0.8521720258970447
0.8518481538290769
0.8522597011897874
0.8522638780516941
0.8522829527982541
0.8522993127366915
0.8527083960868038
0.8526578577028381
0.8526036715350271
0.8525924476627506
0.8525931250499099
0.8523296233892854
0.8523625565004779
0.8523894458813035
0.8524105299542816
0.8523991329936512
0.8523867542768432
0.8523656027987522
0.8520545678446955
0.8511873104673523
0.8506265538842545
0.8506316706527931
0.850649052063761
0.8500534191020013
0.850440316155968
0.850196859032561
0.8502143006765405
0.8496522497623524
0.849069428272267
0.8490699081081001
0.8488163434479334
0.8490061078402981
0.8490242138861958
0.8490719969779141
0.8490936679487842
0.8490727850922153
0.849024892749643
0.8491063696310958
0.8490810477342762
0.8490491685056573
0.8489965809083229
0.848975816467686
0.84899806431501
0.8489730866988527
0.8486896325619907
0.8487000172242157
0.8481375738729948
0.8478404480111473
0.847862796504671
0.8478920900453081
0.8478773132614468
0.8478574634610291
0.8475444701958156
0.847402512158083
0.847117279715879
0.8470553226748779
0.8473235479743045
0.847324257132647
0.8472615296062076
0.8472735234945811
0.8466817787185881
0.8463712051807727
0.8463460328529043
0.8462577836560994
0.8459692413851141
0.846162786133291
0.8461533211520677
0.8461825587357472
0.8461799604718474
0.8456116061993595
0.8455760033091351
0.8455674806215174
0.845848371922469
0.8459192710698292
0.846247875734508
0.8462600938580515
0.8462458729303776
0.8459249738477613
0.8459372788287904
0.845939536403179
0.8458728791881183
0.8455771123173248
0.8456009835114557
0.8456819483554028
0.8456790564490146
0.8454026557338233
0.8458144383475105
0.8452404292875618
0.8452044337868532
0.8449079286582952
0.844883292704751
0.84490358932813
0.8450522964614823
0.8450446216207119
0.8453467156622674
0.8453687862772122
0.8456532247451299
0.8482132517173143
0.8486792419612467
0.8488797547018274
0.8492159757870857
0.849534998858886
0.8495568590335162
0.8495416930059717
0.8496930025710756
0.8499294182159018
0.8499620552878797
0.8498944396169762
0.8498850543424734
0.8498707704490366
0.850039991085103
0.8500443724203252
0.8501080854455025
0.8501026670624395
0.8501240071007814
0.850306717423368
0.85028484753245
0.8502334641827425
0.850292868154367
0.8502617287557117
0.8502048461282266
0.850528226757427
0.8507629285894759
0.850788411512799
0.8510015093290759
0.8512526069536859
0.8513163649149048
0.851627752866428
0.8516227980193339
0.8519092273335832
0.8518626615454068
0.8521532806330043
0.8520238899996654
0.8519880499158586
0.8522621624108138
0.8521478567351894
0.8520967383084335
0.8521279165806556
0.8521274780054562
0.8520757618281771
0.8523444352112466
0.8520609944492832
0.8520405342457923
0.8520302444072294
0.852021617362185
0.852311254951048
0.852605880729199
0.8527346691274955
0.8527417363625108
0.8528446521266935
0.8527830592799023
0.852808990226402
0.852828642050166
0.8525660320956115
0.8525749461280943
0.852591596856961
0.8526230093710586
0.852741043406952
0.8527559747453779
0.8527469012778395
0.8527825541828232
0.8524794781626589
0.8527822296922378
0.8527610445270452
0.8527712290764784
0.8527761174486829
0.8528125454798337
0.8528221058891935
0.8527440828353678
0.8527231914523975
0.8525894686700459
0.8529024580741037
0.8531521333627111
0.8531568212521509
0.8534017104707362
0.8536762339397541
0.8536956190715828
0.8536740731915403
0.8536939176201165
0.8534014043977457
0.8535688443239345
0.8535781263111867
0.8533123728920468
0.8532610662521855
0.8533057847433573
0.8535844422708705
0.8536600388137517
0.8539543174130401
0.8539482088288631
0.8541595682511388
0.854124014270931
0.8544075294197603
0.8541419276087231
0.8541576324341498
0.8541321473287127
0.8541309384720677
0.8544182726872909
0.8544234671523827
0.8545140928573266
0.8544819936333156
0.8544654581621719
0.8544292008123859
0.854455662996341
0.8547240858924423
0.854704063034913
0.8548846857081306
0.8548535856486282
0.8548827788543701
0.854937404603891
0.8549629341957475
0.8549890164524088
0.8549670337983006
0.8549506303220511
0.85525199941308
0.8552608735107675
0.8552552234468238
0.8552423557355743
0.8552360184074779
0.8552298977666971
0.8552151101008699
0.8552043227499043
0.8551987596057942
0.8549099704028315
0.8548579951291779
0.8550925301853123
0.855132226725571
0.8551258269099249
0.8551286450632802
0.8548352324523344
0.8548147261199515
0.8551028720159379
0.8551566749858462
0.8554613910955826
0.8557529029035583
0.8556968111287361
0.8556916184735185
0.8558891042405964
0.855892673035683
0.8558863313081825
0.8561446096143152
0.8564568672753587
0.8564542384511192
0.8564429642051778
0.8567344720251304
0.856743428710137
0.8570213274179853
0.8573327788957221
0.8572910849062622
0.8569731922998305
0.8569511554970726
0.8572311729935207
0.8572247562763219
0.857489983891975
0.8575227047259806
0.8574922247759
0.8577132514802275
0.8579827225504711
0.8579959999922314
0.8580931940705718
0.8580663406623984
0.8583561929656589
0.8586445518591956
0.8588744487696536
0.8591843563408109
0.8591821484139052
0.8590968861493089
0.8593722878483945
0.8595829403385464
0.8599964088315536
0.8602906434139862
0.8605733859206546
0.8608671984726325
0.8608683808037304
0.8611308359398122
0.8613985232530812
0.8614195563617129
0.8617026271169768
0.861994487483327
0.8619805361636544
0.8620010975003243
0.8621510038968735
0.8623638191050399
0.8626207482840842
0.8626216897803746
0.862692257692215
0.8626985960429114
0.8629762243919741
0.8631050855738861
0.8630868450954124
0.8630683942747265
0.8630510253425107
0.8633127864241451
0.8635064873634526
0.8637868837310279
0.8638412540103563
0.8639949917496733
0.8640153761565185
0.8640011143728841
0.8639732371505353
0.8639502367617921
0.8640981483666729
0.8641424130979048
0.864392485856788
0.8643782147698603
0.8644032623231873
0.8643797237682401
