0.1380867597872389
0.31532167251889376
0.4623821286849042
0.4091374980634595
0.36146793547768513
0.41539176742927947
0.4187352725967874
0.4540943477362738
0.49637570140727505
0.45559879925490687
0.457449946113607
0.45247906756076917
0.45600277966248015
0.4356392923718882
0.4478099572167622
0.44074465804413576
0.4477094802604977
0.4562499762254646
0.45474084326474423
0.4749347107561073
0.46493769544867086
0.48227393204468444
0.4912346800467858
0.50664868191449
0.5066423368860261
0.5190105618116346
0.5168885901794076
0.5019563256586147
0.4753249161022081
0.48585533963870636
0.48232235196384093
0.47880584645514
0.4732355155104166
0.46791259992642076
0.46722445144356095
0.45697375030570586
0.45276275608969146
0.4471880095759827
0.449781363368273
0.45991383671364716
0.45965139645191827
0.466168903255182
0.4761669667046632
0.4760733990915716
0.47400327965385386
0.4724818399834266
0.4642646524804401
0.46046844491074634
0.45053744032142456
0.4560715744190435
0.45334041385896545
0.45310718886117535
0.46047228695411996
0.46665644268917933
0.46768049451638466
0.4746392476455388
0.4809292106999501
0.48154468804183753
0.4749753168325658
0.48133212267083886
0.4769088483699174
0.4760586146433484
0.48241133395458
0.4878082469086651
0.4848500165797613
0.4800734819955368
0.4731369963892791
0.4743745650422417
0.48039130029766564
0.4768037584899835
0.47086732682144977
0.47419885340452494
0.4740359001639434
0.471356505179058
0.46723178294824413
0.46925275113761167
0.4665096831256117
0.4616782826223657
0.46486877629525614
0.4699441223825819
0.4749436008546434
0.4736931329011402
0.4756344864883529
0.4704166248748569
0.46988117038108973
0.4743381107198904
0.47720593081383994
0.4744471517284787
0.4775423182527163
0.4755542466145884
0.4787560738623864
0.4748851703565085
0.47712076522491087
0.4775551135192723
0.4798865580998039
0.47911262367394564
0.47776315385111384
0.47491669620388544
0.4752353128481216
0.4736569453235316
0.47342536594454293
0.4773325731696242
0.47807594437535716
0.4738668250781927
0.47335681040443994
0.47462731731160573
0.4731284558757859
0.47633591410597687
0.47502999462583334
0.4725018724707799
0.4754590466717537
0.47912622833116447
0.4808944243210452
0.48393038314948966
0.48757088129270953
0.4903361986610489
0.49332576047016624
0.4966091216572804
0.49884025723181996
0.5021721935564222
0.5053675843413616
0.5082979374027163
0.5062436812416917
0.5081632583947888
0.5105130112818964
0.513369355676049
0.5135305697474123
0.516468273090615
0.5176303967820477
0.518297422262201
0.5206487583628125
0.5229031048726961
0.5251843914863689
0.5274299584121996
0.5296646102545881
0.531807158094915
0.5337452230049133
0.5359525760969586
0.5345594802382104
0.5313334671634127
0.5324187995676319
0.5322667613122238
0.532691009316674
0.5294407136097645
0.5262200880932487
0.5277722795699268
0.5275900781822283
0.5299057102895112
0.5311469065275134
0.5317093551615951
0.5312288487752698
0.5331558367221053
0.5352762302854145
0.5343296975578917
0.5352866269860267
0.5366621630184895
0.5373744078944537
0.5395958668788359
0.5408622601550118
0.5382828350776475
0.5359984003459044
0.5363534110973046
0.5377836093098403
0.536257140905068
0.535262062058638
0.5358311006169624
0.5351895802721762
0.5334411388888967
0.5318907593539541
0.5338574438009469
0.5317889085698786
0.5321854162037157
0.533828623685944
0.5354094004864289
0.5355894636808526
0.5333095078107954
0.5350549442199302
0.5326577825159565
0.5339407969704094
0.5341686653468658
0.53493193374
0.53583044953641
0.5365554148133157
0.5385605274719965
0.5404541001959682
0.541510871891201
0.5423064117808581
0.5439663418425146
0.5448454698318375
0.5445842109284212
0.5441072120274045
0.5435451928015339
0.5431516850699052
0.5447498503751927
0.5446648865492463
0.5456002402486285
0.5453729972139412
0.5438950458882239
0.545646689181159
0.5470702397472517
0.5465056906062811
0.544839468634303
0.5430762447549813
0.5418242072259536
0.5423584340966908
0.5439942372197638
0.5450511990441014
0.5463601381918285
0.5459489452794479
0.5467982207540428
0.5467372092993454
0.5476274668375504
0.5484574938944355
0.5478331411605645
0.549168292384018
0.5501173924992689
0.5495848761502843
0.551154035848344
0.5525302807794442
0.5538999215128516
0.5545639870602884
0.5555077151081887
0.5561776822707309
0.5572054647900254
0.5587609904713008
0.56047502499651
0.5602833299919062
0.5611523758893355
0.562472449509663
0.5618262046130293
0.5631868025599143
0.5639814215559683
0.5636047747715355
0.5650511378208698
0.566480930623932
0.5675875659014951
0.567556796663512
0.5686506123550078
0.567489072071905
0.5686817148566908
0.5695973569136407
0.5710072484460581
0.5704025465661163
0.5690189972796548
0.5703301730178362
0.5716625726007758
0.5707894283394179
0.5720766318809383
0.5731962034367949
0.5744662532347984
0.5758630015341594
0.5764559799791317
0.5773358616667024
0.5780345966303662
0.5792011104003429
0.579561649387813
0.5799169912499086
0.5797435175694311
0.5801643538798154
0.5810479320084831
0.582099868011026
0.5833474889472618
0.5843417889205867
0.585194818626507
0.5861834441645936
0.5873447510860703
0.5882949572294222
0.5880436109928329
0.5863031999827485
0.5871142476734815
0.588205665237007
0.5889645471856932
0.5900481026092059
0.590455805415219
0.5895568202522207
0.5899140158628887
0.5909059371042087
0.5915914015398773
0.592389231314375
0.5934624571510314
0.5943881459733444
0.5953839498847596
0.5955294165813629
0.5962169425805657
0.5972560141845331
0.5967822589543647
0.596516612526881
0.5968080662665246
0.596666039405686
0.5975756524114885
0.5981984041751655
0.59909626327793
0.600072119053131
0.6008534901848802
0.6016188371022119
0.6024082851906315
0.6029848385391844
0.6016991766388982
0.6026607740422227
0.603681606379722
0.6033514397557669
0.6042898456645402
0.6043566039591551
0.6051740053945952
0.6060625265364259
0.6067823045724754
0.6076583732623903
0.6078481446056387
0.6070940114910073
0.6079751256464629
0.6086250583583256
0.6093509916499525
0.6096655072751461
0.6105657550410607
0.6103838126828253
0.611145977024222
0.6119437085441807
0.6127626952607099
0.6130495944417186
0.6138944482410875
0.614371663322379
0.6153239057953207
0.6146624609444823
0.6154200083105327
0.6152592482307324
0.616021430233966
0.6167683074306095
0.6176683846123543
0.6179417560937657
0.6176107567198238
0.6175401133412384
0.6181566559193227
0.6188824473215262
0.6192996915113305
0.6176241673580282
0.6174065218639926
0.6177346145253141
0.6184205774736884
0.6191234139633706
0.6199377422822984
0.6207279739421969
0.621523726667156
0.6223909913848874
0.6228943595972212
0.622672957379292
0.6233835279112676
0.6240184901498891
0.6245871054147911
0.6252010965760839
0.6253474504514045
0.6251712876931399
0.6257731705590974
0.6257940253228361
0.626631730249959
0.627285217031082
0.6278623156699665
0.6283895406921792
0.6275628201841169
0.6283099133263824
0.6289111979079346
0.6295384835678219
0.6300335426217856
0.6300576819253914
0.6295602460427635
0.6301300713919006
0.6297154252420483
0.6301967695264404
0.6299368110357844
0.6289782950018371
0.629747340293523
0.6294206758483035
0.6299900248285475
0.6307752120857947
0.6309610239076255
0.6313426539090828
0.63213919112378
0.6328187981212575
0.6333528739166484
0.6341178421510225
0.6348064642465516
0.6343360290645542
0.6342315275459888
0.634985672239584
0.6353035525222408
0.6360522575052153
0.6366704653614221
0.6372413446211544
0.6378513583116314
0.6381256213584046
0.6386929578018737
0.638744266268502
0.6391915409970123
0.6395083328885016
0.6397875470832605
0.6405853897393237
0.6409788363557394
0.6401722804320817
0.6406268857795997
0.6413049737326562
0.6419111255832454
0.6424866019198128
0.6430469108418868
0.6435495710074062
0.644068006116023
0.6445506072834091
0.6450059095190466
0.6457603776470792
0.6462678925425731
0.6469377815376691
0.6472525398783064
0.6466960668730677
0.6473437785275792
0.6478085628645214
0.6484379199432746
0.6490711646278619
0.6496961852209125
0.6502639916209009
0.6505357728463821
0.6507125688265747
0.6510366941045332
0.6516704900038742
0.651917368287203
0.6525035045876857
0.6531718492263986
0.653393320820822
0.6540078972608899
0.6545259361056694
0.653708454940871
0.6538176882444163
0.6543429697846226
0.6549725969151688
0.6546802640444978
0.655129121847939
0.6556908657464957
0.655991423145587
0.6566109847047416
0.656828463470051
0.6573554786408656
0.6577081918867206
0.6581780339760431
0.6582752285049097
0.65826648959259
0.658170292232157
0.6587176801146998
0.659186741169299
0.6596784650911413
0.660161620691468
0.6604599797413833
0.6609769435275084
0.6614789134080442
0.6617102349106686
0.6622559784153942
0.662625237750049
0.6623891081311998
0.6625893934250793
0.6631277858329496
0.6636308544486371
0.6642489931598917
0.6647026207465934
0.6652645574277998
0.6657962894458632
0.6664123985304287
0.6668634529155343
0.6674549362332098
0.667801650928911
0.6682643273646024
0.6686278137289323
0.669234209304876
0.6697276577789051
0.6702325861089276
0.6704357307872862
0.6698250190436609
0.6701813489261966
0.6704074715911783
0.6702023734899571
0.6707120672532232
0.6698361919088622
0.6702087053029823
0.6707092191111798
0.6710094576362041
0.6714004339109296
0.6718825850422014
0.6713300691370121
0.6718102794119952
0.6723028272311588
0.6728147286984206
0.672130168222734
0.6721522458473144
0.6726078284337231
0.6729912430294243
0.6733812386996866
0.6736660042054128
0.6729399454768212
0.6732752756086056
0.6729064974116571
0.6732227210094053
0.673803616224536
0.6743154750442402
0.6743662795757944
0.6735534060373578
0.6740086948342708
0.673498667146731
0.673926462419446
0.6743055730561133
0.6745025588774799
0.6734911766387564
0.6739242750729503
0.6735002073630268
0.6736894096872659
0.6735693283923181
0.6739090595449041
0.6743598135615381
0.6747446458607
0.6750402695707942
0.6738863057093769
0.6735254935009806
0.6701408231676158
0.67019869167188
0.6697615643435778
0.6694040855890488
0.6697844085140414
0.6701006009354953
0.6688940128929808
0.6690589436569249
0.668827110881268
0.6691504196052086
0.6696128092644132
0.6687011225874192
0.6686758357013032
0.6687720816680085
0.6692321391061633
0.6696756857138284
0.6697221957208896
0.6701963045423273
0.6707038269903112
0.6697730094179315
0.6701771371553117
0.6704766184585136
0.6707498423431235
0.6711298436109929
0.6714546847096503
0.6712179908092205
0.6716173571368301
0.6720588535774783
0.6724094996488391
0.672703024183282
0.672868760418052
0.6731060688515237
0.6735262824289651
0.6735723509360649
0.6739212920533826
0.6742338948826319
0.6744549645004917
0.674957472371483
0.6753788425575925
0.675822281968973
0.6763073172408404
0.6765666740666766
0.6764687977892386
0.6768530977751179
0.6770857572075808
0.6775419292147178
0.6764188926271585
0.676767267028018
0.6771022981112785
0.6774839711881634
0.6778508769008679
0.6782544282480946
0.6784979593235546
0.6788555784793532
0.6790530887054497
0.6794216681092502
0.679740398513352
0.6801860539931782
0.6804747225729288
0.680071698569695
0.680457222424181
0.6807831074816296
0.6811224719805411
0.6814577067763563
0.6818954883324408
0.6822666235673197
0.6826378418817205
0.6826025824768082
0.6829926946491875
0.6833890769810711
0.6837356736979835
0.684038557099928
0.6844024556254457
0.6847855672876313
0.6844805336509102
0.6848178923320167
0.685017658870653
0.684802404240777
0.6844412909056445
0.6847687425442052
0.6848189363131537
0.6850484097615224
0.6842278884526471
0.684161451903171
0.6841654016291123
0.6845292335034561
0.6847974356458236
0.6841293115174454
0.684375179953914
0.6840524716456318
0.6843260736714347
0.6838689787385606
0.6842912488502336
0.6846692610128126
0.6849296093554129
0.6852857131833588
0.6855089923037098
0.6857619155366976
0.6860345248688324
0.6863189716364714
0.6864590068055378
0.6861199162541974
0.6862255792121789
0.6865508685303106
0.6864099746796086
0.6866848479255436
0.686722844690227
0.6866218095396164
0.6867575983458364
0.6869684674836487
0.6871072565000423
0.6868699509153396
0.6868322046043165
0.6867406526950917
0.6868597784901262
0.6870216769531197
0.6872882433406868
0.6875692531366994
0.6876308083532917
0.6878424909626211
0.6864274417823285
0.6862759614323042
0.6865166194015881
0.686881381865408
0.6870966082137502
0.68736870472402
0.6868870195945341
0.6871655529695027
0.687529269494235
0.6878937922564655
0.6874141797679919
0.6877893599887881
0.6872596988854279
0.6872430945083814
0.6874625840339719
0.6877035877219192
0.6879950975120832
0.6882286732287268
0.6883168016516756
0.6884916805728183
0.6888745540844304
0.6891921976059662
0.6895255139904469
0.6886061261164194
0.6889924543814154
0.6894064817814956
0.6895162000021372
0.6897549980073803
0.6889879077706492
0.6892320546320215
0.689578795991071
0.689313435809307
0.6895226648739855
0.6898340424770789
0.6900379161734471
0.690264181795689
0.6906107408362128
0.6899927386684777
0.6901570609836742
0.690477067669924
0.690789074441465
0.6910286070005309
0.6912587308285713
0.6912509980565681
0.6905117399162786
0.6907067106980691
0.6909975505580052
0.691064528862398
0.6912819391695648
0.691378519344893
0.6914903088585974
0.6917453157450866
0.6918647606956301
0.6921668453292872
0.6924048741679588
0.6926466766518082
0.692520659270133
0.6922588816454117
0.6919989120457757
0.6921748149794595
0.6925429598782087
0.692652015008111
0.6928772641795893
0.6930863207677823
0.6933266467286762
0.6936113620682415
0.6939569999534498
0.693848678574222
0.6940274909589595
0.694307961143471
0.6942956595830884
0.6944765066647182
0.6946971961419843
0.694719699944802
0.6949000910218942
0.6951158859482336
0.6952917611621892
0.6948647280895696
0.6950759924703274
0.6944513893531441
0.6946978253549023
0.6949800325599649
0.6946049790605241
0.6941086347333754
0.6937926432588915
0.6931632917447662
0.6933516595751164
0.6935527940950705
0.6933800301842943
0.6932525648997842
0.6931684620508402
0.6929876284230851
0.6926480215890156
0.6923657312428693
0.692378760828477
0.6923767494802363
0.6925563069446498
0.6920887610842875
0.6915891771091346
0.6913835075053804
0.6909769525229711
0.6906623843691667
0.6902480106925939
0.690567563059597
0.6904330140419228
0.690038051138428
0.6900108687744173
0.6900143311551425
0.690086962752448
0.6897425414181614
0.6892697993902548
0.6888871855682962
0.6885148215929917
0.6885959030944072
0.6886918830636342
0.6878798605146136
0.6876322118531575
0.6877446244720272
0.6876853034071301
0.6875704732715928
0.6874333229610766
0.687621608729121
0.6878366771541631
0.6873843383689214
0.686361695296172
0.6860635945583036
0.6853821521066503
0.6851673881197652
0.6844119073708231
0.6845867820585885
0.6842332186638069
0.6834597752491204
0.6831889086354533
0.6829090000316638
0.6821365445931872
0.681574832219836
0.6814216750940187
0.6814010986766376
0.681112428022758
0.6808824097846558
0.6811090697367453
0.6805100500416896
0.6806258365588382
0.6802169981581342
0.6795007866105122
0.679428506589102
0.6793351325361641
0.6788039284322842
0.6783356663182144
0.6784715859443039
0.6778098636006396
0.6781352645199038
0.6778215690173972
0.6779347325467888
0.6775697122431866
0.6772205697975616
0.6771779552827978
0.6765963931388239
0.6761271014685091
0.6760089221590603
0.6757216974164578
0.6752027093357228
0.6751626621068888
0.6749354091919474
0.674901567491292
0.6751448096828744
0.6751598775693028
0.6753770880954854
0.6752937097907725
0.6755113029740301
0.6753530234293689
0.674990074162031
0.6743079640943896
0.6740091046839103
0.6741758155693858
0.6737251715938183
0.6738989407635897
0.674108641081727
0.6734294609584619
0.6733910624587154
0.6722387707688467
0.672080019651393
0.6716800934468834
0.6713325692633015
0.6711462020348412
0.6708514049327232
0.6705601932343026
0.6704575740981449
0.67070683597156
0.670740775520615
0.6709864331988402
0.6705267216687395
0.6705200129203789
0.6706019846163704
0.6703266262757425
0.669609708892561
0.6694394321733954
0.6688088704849552
0.6686965407636344
0.6687419265177856
0.6686279015669754
0.6683010093625135
0.668396522491121
0.6681447768860889
0.6679791644944385
0.6676454115411096
0.6671684116814546
0.6673811451291847
0.6668207677118866
0.6668028792875578
0.6670374403911553
0.6664622726129633
0.666604543441681
0.6665183389264491
0.6663156791354257
0.6660954901161752
0.6655539978485365
0.6651313292499825
0.6649638509541954
0.6647742691275886
0.6642489900110794
0.6642003131703298
0.6644422171616309
0.664673834034543
0.6644551382921616
0.6634250496075741
0.6635731712254888
0.6631516708860629
0.662853265838854
0.6626604830450015
0.6626947163020805
0.6628200592545468
0.6627879284985458
0.6623541341738195
0.6623303764153534
0.6623190252990936
0.6623571222121095
0.6616414148626941
0.6617544413029969
0.6619925603535044
0.6618188993929556
0.6613041616157883
0.6607556991184671
0.6603304601977389
0.6600652284411476
0.6603005567494715
0.6596546247588606
0.6597738231702106
0.6598230723544061
0.6596766096624733
0.6594420292698162
0.6589854220324101
0.659183682020087
0.6590493926631749
0.6586751165758726
0.6581948209926316
0.6578994980163043
0.6574120259631806
0.656893889650588
0.656587008566888
0.6559099805601453
0.6554402730528507
0.6552455217408387
0.6546779284244826
0.6543732849525187
0.6541783244923781
0.6537975891609817
0.654000418447375
0.6536697293214493
0.6535082569536429
0.6531151080618907
0.652659251102637
0.6526378383351691
0.6526841491057718
0.6527026612281838
0.652414845961947
0.652574865042717
0.652520693623958
0.6528039938040292
0.652856732127345
0.6527429410010617
0.6526576365020691
0.6523633095917923
0.6523027792988902
0.6523482529904391
0.652454024462247
0.6523225716553502
0.6523155448716316
0.652425877729149
0.6526927361361841
0.6522090925564931
0.6524604332373263
0.6526221311211502
0.6528535726214758
0.6529670246021191
0.6527717165029586
0.6525828393199398
0.6522407102902987
0.6516669562157495
0.6516657341117721
0.6513849635097048
0.6512906451336928
0.6508716245064758
0.6508063261920951
0.6505024169463829
0.6501197704341217
0.6501043279163916
0.6499000215788843
0.6495503239310924
0.649302349892445
0.6491336887326263
0.6492363977634563
0.6493566776717441
0.6489944409625619
0.6490218873610816
0.6490352974565383
0.6492463335881927
0.6488755432787967
0.6486688594238753
0.6485619398783772
0.6481647882959529
0.6483054582470578
0.6481632423649377
0.6483128403555103
0.6483807498627977
0.6485684945371467
0.6488381093439308
0.6490253751268849
0.6492767526937826
0.649509188870305
0.6496863381849508
0.6499460080655162
0.6500755242363647
0.6502367495093796
0.6502949124143336
0.650386194659613
0.6506154677323502
0.6508570669890975
0.6510580492594396
0.6512921963610095
0.6514382892213064
0.6516519471982297
0.6518462491965388
0.652080392993208
0.6522934773178917
0.6518669316257139
0.6519164626248078
0.6518728283459989
0.6519448905938258
0.6519617818139374
0.6521456430751192
0.6523401259523401
0.6524405047008883
0.6527034887881005
0.6528979488493345
0.6530783536913097
0.6533476104390609
0.6534712628993915
0.6536518371506059
0.6538398113076214
0.6540609772437371
0.6537436416994922
0.6539206377787601
0.6541721170878633
0.6543814301697104
0.6546136236209331
0.6548158832791935
0.6550594554305469
0.6552394777894617
0.6554419677440603
0.6555919107300799
0.6553900627639195
0.6555365781179145
0.6557545851741886
0.6557311774892716
0.6559475744661722
0.6561652780994937
0.6563222738469257
0.6563664873117947
0.6565426535586171
0.6567014889437202
0.6568606253202044
0.65699084255752
0.6565419108185656
0.6560497468481163
0.6555015614783253
0.6557749476187642
0.6556532359294206
0.6558273018435649
0.6552009147357869
0.6551529760719816
0.6553504322500994
0.6550854814152108
0.655022481529392
0.6549410207780144
0.6546685217843025
0.6544371804608561
0.6539902090830978
0.6541775242567863
0.6543091667116632
0.6541599391124857
0.6538673334139323
0.6527327392752926
0.653010709660116
0.6527205026853926
0.6522296910266845
0.6518305147255335
0.6518521603076597
0.6518158212671409
0.6518661525978559
0.6514766480760859
0.6515879820429425
0.6515530310483301
0.6517218625248969
0.6516912891043714
0.6513315076841413
0.650837038690355
0.650591127390789
0.6500939317000878
0.6502228528485832
0.6504988644893274
0.6506254766010804
0.6506705835358492
0.6507213449698466
0.6503251572454739
0.6498585231400742
0.6495664043265186
0.6493874233596443
0.6495971959333076
0.6497884727702468
0.6496958307839908
0.6494591211502883
0.6491193127853867
0.6493355320728174
0.649035024553292
0.6491001612501718
0.6488777655745348
0.6490031099049159
0.6491362808815018
0.6489911202897927
0.6491369117150367
0.6493806896862947
0.6495711439151844
0.6497708320937965
0.6499240070127807
0.6494268757312566
0.6495480233262463
0.6496690756731216
0.649392727649181
0.6495523868272484
0.6497124968996023
0.6493274228358359
0.6495258318167236
0.6495949267240028
0.6491927736975829
0.6493542061514489
0.6494391674202129
0.6488582737105347
0.648933205765356
0.6486252205702046
0.648288827760774
0.6478118845525723
0.6475483677551586
0.6473848888403912
0.6474776643072241
0.6474052257631104
0.6473146662188823
0.6474750020390441
0.6473874327390919
0.6473047565313218
0.6474648793797237
0.647568746897314
0.6477473272880082
0.6479149012128768
0.6474934229306105
0.6469851369747758
0.6466583204240671
0.6464464902234497
0.6466620623649594
0.6468734477585133
0.6463334970548749
0.6464660962626839
0.64652929700521
0.6456912723657875
0.6458070291954393
0.6457225101038052
0.6457861736423067
0.6458709676389418
0.6457413934038215
0.6458716148585504
0.646026420112334
0.645751463519947
0.6457546212758795
0.645266581962706
0.645397797473823
0.6450555049435457
0.6451694454802541
0.6447469880332971
0.6437738279266613
0.6439230985772858
0.6439987314253767
0.6438354630742538
0.6440639704725596
0.6430489557114347
0.6431197307278453
0.6429358448675937
0.6429599180896065
0.6430552160138486
0.6431298732299698
0.6431350142814086
0.6431673102642909
0.6427930619097929
0.6429768154779031
0.6432335178676541
0.643001743286414
0.6430230361883184
0.6430754483354532
0.6428129017313448
0.6429090248515418
0.6431209798154599
0.6433473845395891
0.6435681415471729
0.6437257646827882
0.6439037450551364
0.6435945922268956
0.6436623448733901
0.6432943504425163
0.6434963863072238
0.6436980931449096
0.6439065386712367
0.6440835760540695
0.6442412234677157
0.6440719013253717
0.6442875819544627
0.6444578418791281
0.6444128646945426
0.644019347244741
0.6441724186998165
0.6441265997252065
0.6441545803312202
0.6443345746569524
0.6437614510998929
0.6439879888418526
0.6439004253267876
0.6440549362718816
0.6438675993864854
0.6439298973120332
0.6440550329433231
0.6440348802120792
0.6440697194572058
0.6440379632472616
0.6440288494459566
0.6440498434150534
0.6441519709610923
0.6438471314571321
0.6438561593376133
0.6439792716641477
0.6440361017132576
0.6435360986419759
0.6437705283849028
0.6436635760903993
0.6438032856832613
0.6436402897631912
0.6433477474391311
0.643123172853892
0.6430790723512619
0.6429894229027819
0.6430373263740704
0.6431965611329936
0.6428904150338787
0.6428340794324162
0.6429548304723219
0.6429338598255347
0.6431187491434888
0.6433357100088609
0.6429148054656154
0.6424299635075855
0.642456807266728
0.6424846318930444
0.6425362990806976
0.6427212987963201
0.6427893091779442
0.6430211017072401
0.6429342913209097
0.642966520194119
0.6429385294930595
0.6425262701724838
0.6421672303577787
0.6414052008901078
0.6414737589992997
0.6416349053349666
0.6418449028455642
0.6415852299352405
0.6416736677238722
0.6416431972194218
0.6418363855965633
0.6413018554078379
0.641397870022753
0.6414994628915677
0.6414529355157448
0.6416223430925084
0.6417639647094127
0.6419554720072239
0.6421419481987839
0.642034543364715
0.6422376503302956
0.6421625872077139
0.6421389338589331
0.6420717007930665
0.6420934846125774
0.6422614177096126
0.6423325491033245
0.6424096425322656
0.6425229598036425
0.6425754161380767
0.6423755056815673
0.6425554337965852
0.6424658884351563
0.6426172162768048
0.6427237745259594
0.6425956304968016
0.6427204316280215
0.6429452777008566
0.6431355654215669
0.6432274484102832
0.6433854212069899
0.6435168464480281
0.6436388674834492
0.6436748663586325
0.6436380648209098
0.6437772725466041
0.64396324831738
0.6441127110336823
0.6442795585371516
0.6438998032583796
0.6437120808245875
0.6438865044695647
0.6435243942652695
0.6436743010710068
0.6438762532303436
0.6440953040968133
0.6441945925238536
0.6442597494801329
0.6443980041280852
0.6444695977946089
0.644659144504637
0.644852865495287
0.6450131083292518
0.645185283548318
0.6453215687673738
0.6455035078924859
0.645637957278613
0.6458378320063156
0.6459215763929973
0.6461208348973467
0.6462835588164021
0.6464189171272963
0.6463715172332986
0.64652043583381
0.6466847944147776
0.6462011109484987
0.6458758763466648
0.6459489791419547
0.6460222994758394
0.6459347070704574
0.6458527695445911
0.6457392566252292
0.6458701624330527
0.6460698649247181
0.6459378315644875
0.6460019660909502
0.6460694410597893
0.6462075859382241
0.6461386305807042
0.6461432819385956
0.646174859629775
0.6462963963654631
0.6464861826587425
0.6466440215358816
0.6466812209062701
0.6467967095666787
0.6469531773381023
0.6469414826277724
0.6470960827733638
0.6471859417012781
0.6470765368103943
0.6471753347549167
0.6472650528998063
0.6474626034941099
0.6476130968473417
0.6477157510578728
0.6478753031978841
0.6480519267914717
0.6481508463836572
0.64830538300691
0.648246237116817
0.6483830489031576
0.6485469028494458
0.6486671677345812
0.6486088489755866
0.6486827846736931
0.6488445355903348
0.6489601535298561
0.6490818385516892
0.6492325949365215
0.6489350858735329
0.6489166735546135
0.6485401562432365
0.6485248562422622
0.6486861007842326
0.6489051262739646
0.6489661907037347
0.6490636805389247
0.6489816751628138
0.6488343301569012
0.6489524051852369
0.6487456279375329
0.64892334328358
0.6487926678738302
0.6485268673673809
0.648676923971452
0.6486557940666672
0.6487347595662839
0.6488811396156015
0.6488685335823731
0.6485585430266257
0.6487494481330339
0.64861686047429
0.6487910777229392
0.6488141641440278
0.6489893942342254
0.6487678364485954
0.6486547722739824
0.648651678861404
0.6487531004007944
0.6489169042175936
0.6490602046411899
0.6490827129325918
0.6489287484023017
0.6489929911533118
0.6491694636706201
0.6488524060453504
0.6486337663411363
0.6485967523853794
0.6485680668502523
0.6484091379080007
0.648520841879045
0.6486755603512553
0.6486835076187542
0.6487764698919328
0.6488502716932918
0.6488616262366965
0.6490605323011485
0.6492499295000617
0.6491849061942393
0.6492278297533695
0.649434926615233
0.6495300073907986
0.6494931321741528
0.6493273491226431
0.6492303114152055
0.6491107342607222
0.6492786856919018
0.64941280918861
0.6495475453440737
0.6497412847522372
0.6498310079976792
0.6499584773154421
0.6501135482379112
0.6503194143785277
0.6504430972281454
0.6505802782996417
0.6507887558778641
0.6508714847096242
0.6510187560871944
0.6507993181506407
0.6509599627606684
0.6511431727685631
0.651060614286119
0.6511978109192892
0.6513995355930269
0.6515216888362092
0.6516793657900911
0.6518270818868844
0.6520495179206044
0.6522230059022189
0.6524124825432822
0.6525285273846422
0.6525720727773449
0.652653983937999
0.6527857637028623
0.6529074098005924
0.6530681303025649
0.653181412348221
0.6533263885295542
0.6534709698746816
0.6535466381836391
0.6536604390630353
0.6538427683839975
0.6539998150852314
0.6541334290916784
0.6542524220279718
0.6542224392556982
0.6541102370444227
0.6542540649517335
0.6543941318636317
0.6545765571313991
0.6547541492160855
0.6549111669260805
0.6545576301496436
0.6547174941817978
0.654857964512922
0.6549922227128774
0.6551232730922649
0.655302346453955
0.6554428379864368
0.6556460439248321
0.6556905483861523
0.6556918464910454
0.6558872790229616
0.656055688261765
0.6562203726804897
0.6563977436061146
0.6565735624736945
0.6565944253935769
0.6567537514666147
0.6568981916029825
0.6571040375061262
0.6572590392638802
0.6573735606518364
0.6575524152339329
0.6577190406538084
0.6578308379263893
0.6580058154230695
0.6581252033773486
0.6581322680398167
0.6583173051481388
0.6584761764355155
0.6586502613819837
0.6585507028620221
0.6587458530884529
0.658880411170068
0.6589731759158116
0.6590705746052582
0.6591861673998644
0.6591493841615601
0.6591461691594674
0.6593142917164042
0.6594493171670052
0.6594688947986049
0.6594602292450493
0.6595006005763422
0.6596026740102426
0.6596537992445223
0.6597658901371677
0.6598725604217671
0.6599530638737787
0.6600847396438333
0.6602024390903936
0.660330740603387
0.6604565224318444
0.6605447965566638
0.6607264953500361
0.6607995289266266
0.660937073489841
0.6609695257360865
0.6610580707223738
0.6610984502037996
0.6611700817609947
0.6611208571404478
0.6611367954607276
0.6612729602285894
0.6613537762194976
0.6613502430345886
0.6612135527718259
0.6613514202127556
0.6614453083130544
0.6611183480403784
0.6611912362628467
0.6612220438282141
0.6612669410474925
0.6613770151367533
0.6614778877412758
0.6615849211046684
0.6615317432203629
0.6614984228192421
0.6616209694168856
0.6617965056745485
0.6619131519001651
0.662017632708794
0.6621218660953064
0.6620009243424663
0.6621288835232699
0.6622672892445921
0.6622353782608026
0.662399905637759
0.662492783465348
0.6626658665649952
0.6628177253613837
0.6629145666719833
0.6629754606472256
0.663125716435796
0.6632308651696278
0.6634084735260418
0.6635422928365082
0.6636861283568971
0.6638471681973005
0.6639350489757049
0.663886673854838
0.6640557937500449
0.6642088573465584
0.664245482292039
0.664379265736622
0.6645051654570713
0.6641323318949416
0.6642748433394722
0.6644200155639085
0.6645699876287259
0.6646387200710999
0.6647594128437926
0.6649177736820249
0.6649773456031597
0.6650836458474711
0.6652082206820757
0.6653407480253907
0.6653980091606151
0.6655523215386394
0.6652415168342227
0.6653676217998312
0.6654445902576249
0.6655886421529045
0.6657147854690714
0.6658072486936891
0.6658970497429043
0.6659152673121381
0.6660308938351951
0.6660659716594407
0.6661829981488471
0.6663108348755168
0.666428594758956
0.6665660835639147
0.6665903156978581
0.6666244469519541
0.6666232413377174
0.6667208509398105
0.666824193720279
0.6667684948120518
0.6669412093957252
0.666953810182831
0.6666844104107457
0.666636764271369
0.6667643012436252
0.6669009635355106
0.6668449786822991
0.6664632889756655
0.6666162299894223
0.6666727725892821
0.6663586287485476
0.6664337751769763
0.6665552524641261
0.6666833667223104
0.6668262008933156
0.6664597317105296
0.6665116251352209
0.66636590642056
0.6664608154162935
0.6665711084562974
0.6664930877398586
0.666588459451679
0.6663769861058436
0.6661369854014536
0.665808415167506
0.6658846536521498
0.6660480591413861
0.6659362272003879
0.6660564575694602
0.6661609313673315
0.6661649215486561
0.6662740420103656
0.6664152892141788
0.6665195254711624
0.6660973482756819
0.6661829459627706
0.666119014704216
0.6662048051889394
0.6663176793820157
0.6664238104171482
0.666066091603955
0.6661907351268332
0.665866274638718
0.6659536667404594
0.6660457386931022
0.6661952302723169
0.6661378936470266
0.6661581920219708
0.6662369458009159
0.666003281797323
0.6660954226687948
0.6659606811757116
0.665787634338713
0.6658932420748744
0.6657415977551138
0.665583127579425
0.6656659813919302
0.665751839086037
0.6658228870586288
0.6659448328952025
0.6660799630095335
0.6661928453468422
0.666166407407084
0.6662700341416571
0.6663598516952322
0.6663821447766334
0.6665253431226861
0.6662679010081698
0.6662231759889679
0.6663865556508274
0.6661382937017413
0.6662483968786191
0.666371158313506
0.6662838480283008
0.6663413502316972
0.6664727451188761
0.666283246189435
0.6662171051391484
0.6658643789261334
0.6659691681920366
0.6651917233575733
0.6649066812670438
0.6649740534391086
0.6649288209136537
0.6650278078665838
0.6647384966697484
0.6648405327103442
0.6649504082458721
0.6649454677969685
0.6647517263560239
0.6643884938434118
0.6645390289843615
0.6645621534686998
0.664627201899633
0.6647413637971916
0.6648826553010878
0.664939508055853
0.6645823326366653
0.6645000986804349
0.6643725081654781
0.6645135409741862
0.6646544061157553
0.664481453934511
0.6642589059537194
0.6641133512597922
0.6640574438436527
0.6638796842416866
0.6638159262918212
0.6637815801079417
0.6638808375183106
0.6640309698887614
0.6637029387536902
0.6638125700012462
0.6638690983130704
0.6640194771424035
0.6640955158039364
0.6639925206082101
0.6641340970382807
0.6642781224638128
0.6642832382277075
0.6644112913371194
0.6639018272764631
0.6639262974558147
0.6640292907154123
0.6639724110864872
0.6640683706983389
0.6638409345953198
0.6636781955665281
0.6637945396370232
0.663934342041089
0.6640367875419794
0.6639553983711515
0.6636662726616681
0.663374349006539
0.6631936215119358
0.6631743061064261
0.6629078911058319
0.6630454404969383
0.6631463080079115
0.6631658479279364
0.6631873552905825
0.662932616036401
0.6629854365842337
0.6630793239448404
0.6629628619608677
0.6626185103723906
0.6627443151512137
0.6628598486887233
0.6628939156217719
0.6629835423877346
0.6629545430724723
0.6627707831291979
0.6629123185500596
0.6630466899932659
0.663158940933578
0.6632388836842739
0.6633456362844219
0.6634011818207549
0.6635104367162701
0.6635854123749111
0.6637174117435231
0.6638435077109489
0.6639747013826317
0.6640754814062871
0.6641778153682922
0.6643404504818298
0.6639910111679295
0.6641117873921561
0.6641982937872348
0.6643604757757936
0.6644771490257504
0.6646228298289143
0.6643758862746795
0.1380867597872389
0.31532167251889376
0.4623821286849042
0.4091374980634595
0.36146793547768513
0.41539176742927947
0.4187352725967874
0.4540943477362738
0.49637570140727505
0.45559879925490687
0.457449946113607
0.45247906756076917
0.45600277966248015
0.4356392923718882
0.4478099572167622
0.44074465804413576
0.4477094802604977
0.4562499762254646
0.45474084326474423
0.4749347107561073
0.46493769544867086
0.48227393204468444
0.4912346800467858
0.50664868191449
0.5066423368860261
0.5190105618116346
0.5168885901794076
0.5019563256586147
0.4753249161022081
0.48585533963870636
0.48232235196384093
0.47880584645514
0.4732355155104166
0.46791259992642076
0.46722445144356095
0.45697375030570586
0.45276275608969146
0.4471880095759827
0.449781363368273
0.45991383671364716
0.45965139645191827
0.466168903255182
0.4761669667046632
0.4760733990915716
0.47400327965385386
0.4724818399834266
0.4642646524804401
0.46046844491074634
0.45053744032142456
0.4560715744190435
0.45334041385896545
0.45310718886117535
0.46047228695411996
0.46665644268917933
0.46768049451638466
0.4746392476455388
0.4809292106999501
0.48154468804183753
0.4749753168325658
0.48133212267083886
0.4769088483699174
0.4760586146433484
0.48241133395458
0.4878082469086651
0.4848500165797613
0.4800734819955368
0.4731369963892791
0.4743745650422417
0.48039130029766564
0.4768037584899835
0.47086732682144977
0.47419885340452494
0.4740359001639434
0.471356505179058
0.46723178294824413
0.46925275113761167
0.4665096831256117
0.4616782826223657
0.46486877629525614
0.4699441223825819
0.4749436008546434
0.4736931329011402
0.4756344864883529
0.4704166248748569
0.46988117038108973
0.4743381107198904
0.47720593081383994
0.4744471517284787
0.4775423182527163
0.4755542466145884
0.4787560738623864
0.4748851703565085
0.47712076522491087
0.4775551135192723
0.4798865580998039
0.47911262367394564
0.47776315385111384
0.47491669620388544
0.4752353128481216
0.4736569453235316
0.47342536594454293
0.4773325731696242
0.47807594437535716
0.4738668250781927
0.47335681040443994
0.47462731731160573
0.4731284558757859
0.47633591410597687
0.47502999462583334
0.4725018724707799
0.4754590466717537
0.47912622833116447
0.4808944243210452
0.48393038314948966
0.48757088129270953
0.4903361986610489
0.49332576047016624
0.4966091216572804
0.49884025723181996
0.5021721935564222
0.5053675843413616
0.5082979374027163
0.5062436812416917
0.5081632583947888
0.5105130112818964
0.513369355676049
0.5135305697474123
0.516468273090615
0.5176303967820477
0.518297422262201
0.5206487583628125
0.5229031048726961
0.5251843914863689
0.5274299584121996
0.5296646102545881
0.531807158094915
0.5337452230049133
0.5359525760969586
0.5345594802382104
0.5313334671634127
0.5324187995676319
0.5322667613122238
0.532691009316674
0.5294407136097645
0.5262200880932487
0.5277722795699268
0.5275900781822283
0.5299057102895112
0.5311469065275134
0.5317093551615951
0.5312288487752698
0.5331558367221053
0.5352762302854145
0.5343296975578917
0.5352866269860267
0.5366621630184895
0.5373744078944537
0.5395958668788359
0.5408622601550118
0.5382828350776475
0.5359984003459044
0.5363534110973046
0.5377836093098403
0.536257140905068
0.535262062058638
0.5358311006169624
0.5351895802721762
0.5334411388888967
0.5318907593539541
0.5338574438009469
0.5317889085698786
0.5321854162037157
0.533828623685944
0.5354094004864289
0.5355894636808526
0.5333095078107954
0.5350549442199302
0.5326577825159565
0.5339407969704094
0.5341686653468658
0.53493193374
0.53583044953641
0.5365554148133157
0.5385605274719965
0.5404541001959682
0.541510871891201
0.5423064117808581
0.5439663418425146
0.5448454698318375
0.5445842109284212
0.5441072120274045
0.5435451928015339
0.5431516850699052
0.5447498503751927
0.5446648865492463
0.5456002402486285
0.5453729972139412
0.5438950458882239
0.545646689181159
0.5470702397472517
0.5465056906062811
0.544839468634303
0.5430762447549813
0.5418242072259536
0.5423584340966908
0.5439942372197638
0.5450511990441014
0.5463601381918285
0.5459489452794479
0.5467982207540428
0.5467372092993454
0.5476274668375504
0.5484574938944355
0.5478331411605645
0.549168292384018
0.5501173924992689
0.5495848761502843
0.551154035848344
0.5525302807794442
0.5538999215128516
0.5545639870602884
0.5555077151081887
0.5561776822707309
0.5572054647900254
0.5587609904713008
0.56047502499651
0.5602833299919062
0.5611523758893355
0.562472449509663
0.5618262046130293
0.5631868025599143
0.5639814215559683
0.5636047747715355
0.5650511378208698
0.566480930623932
0.5675875659014951
0.567556796663512
0.5686506123550078
0.567489072071905
0.5686817148566908
0.5695973569136407
0.5710072484460581
0.5704025465661163
0.5690189972796548
0.5703301730178362
0.5716625726007758
0.5707894283394179
0.5720766318809383
0.5731962034367949
0.5744662532347984
0.5758630015341594
0.5764559799791317
0.5773358616667024
0.5780345966303662
0.5792011104003429
0.579561649387813
0.5799169912499086
0.5797435175694311
0.5801643538798154
0.5810479320084831
0.582099868011026
0.5833474889472618
0.5843417889205867
0.585194818626507
0.5861834441645936
0.5873447510860703
0.5882949572294222
0.5880436109928329
0.5863031999827485
0.5871142476734815
0.588205665237007
0.5889645471856932
0.5900481026092059
0.590455805415219
0.5895568202522207
0.5899140158628887
0.5909059371042087
0.5915914015398773
0.592389231314375
0.5934624571510314
0.5943881459733444
0.5953839498847596
0.5955294165813629
0.5962169425805657
0.5972560141845331
0.5967822589543647
0.596516612526881
0.5968080662665246
0.596666039405686
0.5975756524114885
0.5981984041751655
0.59909626327793
0.600072119053131
0.6008534901848802
0.6016188371022119
0.6024082851906315
0.6029848385391844
0.6016991766388982
0.6026607740422227
0.603681606379722
0.6033514397557669
0.6042898456645402
0.6043566039591551
0.6051740053945952
0.6060625265364259
0.6067823045724754
0.6076583732623903
0.6078481446056387
0.6070940114910073
0.6079751256464629
0.6086250583583256
0.6093509916499525
0.6096655072751461
0.6105657550410607
0.6103838126828253
0.611145977024222
0.6119437085441807
0.6127626952607099
0.6130495944417186
0.6138944482410875
0.614371663322379
0.6153239057953207
0.6146624609444823
0.6154200083105327
0.6152592482307324
0.616021430233966
0.6167683074306095
0.6176683846123543
0.6179417560937657
0.6176107567198238
0.6175401133412384
0.6181566559193227
0.6188824473215262
0.6192996915113305
0.6176241673580282
0.6174065218639926
0.6177346145253141
0.6184205774736884
0.6191234139633706
0.6199377422822984
0.6207279739421969
0.621523726667156
0.6223909913848874
0.6228943595972212
0.622672957379292
0.6233835279112676
0.6240184901498891
0.6245871054147911
0.6252010965760839
0.6253474504514045
0.6251712876931399
0.6257731705590974
0.6257940253228361
0.626631730249959
0.627285217031082
0.6278623156699665
0.6283895406921792
0.6275628201841169
0.6283099133263824
0.6289111979079346
0.6295384835678219
0.6300335426217856
0.6300576819253914
0.6295602460427635
0.6301300713919006
0.6297154252420483
0.6301967695264404
0.6299368110357844
0.6289782950018371
0.629747340293523
0.6294206758483035
0.6299900248285475
0.6307752120857947
0.6309610239076255
0.6313426539090828
0.63213919112378
0.6328187981212575
0.6333528739166484
0.6341178421510225
0.6348064642465516
0.6343360290645542
0.6342315275459888
0.634985672239584
0.6353035525222408
0.6360522575052153
0.6366704653614221
0.6372413446211544
0.6378513583116314
0.6381256213584046
0.6386929578018737
0.638744266268502
0.6391915409970123
0.6395083328885016
0.6397875470832605
0.6405853897393237
0.6409788363557394
0.6401722804320817
0.6406268857795997
0.6413049737326562
0.6419111255832454
0.6424866019198128
0.6430469108418868
0.6435495710074062
0.644068006116023
0.6445506072834091
0.6450059095190466
0.6457603776470792
0.6462678925425731
0.6469377815376691
0.6472525398783064
0.6466960668730677
0.6473437785275792
0.6478085628645214
0.6484379199432746
0.6490711646278619
0.6496961852209125
0.6502639916209009
0.6505357728463821
0.6507125688265747
0.6510366941045332
0.6516704900038742
0.651917368287203
0.6525035045876857
0.6531718492263986
0.653393320820822
0.6540078972608899
0.6545259361056694
0.653708454940871
0.6538176882444163
0.6543429697846226
0.6549725969151688
0.6546802640444978
0.655129121847939
0.6556908657464957
0.655991423145587
0.6566109847047416
0.656828463470051
0.6573554786408656
0.6577081918867206
0.6581780339760431
0.6582752285049097
0.65826648959259
0.658170292232157
0.6587176801146998
0.659186741169299
0.6596784650911413
0.660161620691468
0.6604599797413833
0.6609769435275084
0.6614789134080442
0.6617102349106686
0.6622559784153942
0.662625237750049
0.6623891081311998
0.6625893934250793
0.6631277858329496
0.6636308544486371
0.6642489931598917
0.6647026207465934
0.6652645574277998
0.6657962894458632
0.6664123985304287
0.6668634529155343
0.6674549362332098
0.667801650928911
0.6682643273646024
0.6686278137289323
0.669234209304876
0.6697276577789051
0.6702325861089276
0.6704357307872862
0.6698250190436609
0.6701813489261966
0.6704074715911783
0.6702023734899571
0.6707120672532232
0.6698361919088622
0.6702087053029823
0.6707092191111798
0.6710094576362041
0.6714004339109296
0.6718825850422014
0.6713300691370121
0.6718102794119952
0.6723028272311588
0.6728147286984206
0.672130168222734
0.6721522458473144
0.6726078284337231
0.6729912430294243
0.6733812386996866
0.6736660042054128
0.6729399454768212
0.6732752756086056
0.6729064974116571
0.6732227210094053
0.673803616224536
0.6743154750442402
0.6743662795757944
0.6735534060373578
0.6740086948342708
0.673498667146731
0.673926462419446
0.6743055730561133
0.6745025588774799
0.6734911766387564
0.6739242750729503
0.6735002073630268
0.6736894096872659
0.6735693283923181
0.6739090595449041
0.6743598135615381
0.6747446458607
0.6750402695707942
0.6738863057093769
0.6735254935009806
0.6701408231676158
0.67019869167188
0.6697615643435778
0.6694040855890488
0.6697844085140414
0.6701006009354953
0.6688940128929808
0.6690589436569249
0.668827110881268
0.6691504196052086
0.6696128092644132
0.6687011225874192
0.6686758357013032
0.6687720816680085
0.6692321391061633
0.6696756857138284
0.6697221957208896
0.6701963045423273
0.6707038269903112
0.6697730094179315
0.6701771371553117
0.6704766184585136
0.6707498423431235
0.6711298436109929
0.6714546847096503
0.6712179908092205
0.6716173571368301
0.6720588535774783
0.6724094996488391
0.672703024183282
0.672868760418052
0.6731060688515237
0.6735262824289651
0.6735723509360649
0.6739212920533826
0.6742338948826319
0.6744549645004917
0.674957472371483
0.6753788425575925
0.675822281968973
0.6763073172408404
0.6765666740666766
0.6764687977892386
0.6768530977751179
0.6770857572075808
0.6775419292147178
0.6764188926271585
0.676767267028018
0.6771022981112785
0.6774839711881634
0.6778508769008679
0.6782544282480946
0.6784979593235546
0.6788555784793532
0.6790530887054497
0.6794216681092502
0.679740398513352
0.6801860539931782
0.6804747225729288
0.680071698569695
0.680457222424181
0.6807831074816296
0.6811224719805411
0.6814577067763563
0.6818954883324408
0.6822666235673197
0.6826378418817205
0.6826025824768082
0.6829926946491875
0.6833890769810711
0.6837356736979835
0.684038557099928
0.6844024556254457
0.6847855672876313
0.6844805336509102
0.6848178923320167
0.685017658870653
0.684802404240777
0.6844412909056445
0.6847687425442052
0.6848189363131537
0.6850484097615224
0.6842278884526471
0.684161451903171
0.6841654016291123
0.6845292335034561
0.6847974356458236
0.6841293115174454
0.684375179953914
0.6840524716456318
0.6843260736714347
0.6838689787385606
0.6842912488502336
0.6846692610128126
0.6849296093554129
0.6852857131833588
0.6855089923037098
0.6857619155366976
0.6860345248688324
0.6863189716364714
0.6864590068055378
0.6861199162541974
0.6862255792121789
0.6865508685303106
0.6864099746796086
0.6866848479255436
0.686722844690227
0.6866218095396164
0.6867575983458364
0.6869684674836487
0.6871072565000423
0.6868699509153396
0.6868322046043165
0.6867406526950917
0.6868597784901262
0.6870216769531197
0.6872882433406868
0.6875692531366994
0.6876308083532917
0.6878424909626211
0.6864274417823285
0.6862759614323042
0.6865166194015881
0.686881381865408
0.6870966082137502
0.68736870472402
0.6868870195945341
0.6871655529695027
0.687529269494235
0.6878937922564655
0.6874141797679919
0.6877893599887881
0.6872596988854279
0.6872430945083814
0.6874625840339719
0.6877035877219192
0.6879950975120832
0.6882286732287268
0.6883168016516756
0.6884916805728183
0.6888745540844304
0.6891921976059662
0.6895255139904469
0.6886061261164194
0.6889924543814154
0.6894064817814956
0.6895162000021372
0.6897549980073803
0.6889879077706492
0.6892320546320215
0.689578795991071
0.689313435809307
0.6895226648739855
0.6898340424770789
0.6900379161734471
0.690264181795689
0.6906107408362128
0.6899927386684777
0.6901570609836742
0.690477067669924
0.690789074441465
0.6910286070005309
0.6912587308285713
0.6912509980565681
0.6905117399162786
0.6907067106980691
0.6909975505580052
0.691064528862398
0.6912819391695648
0.691378519344893
0.6914903088585974
0.6917453157450866
0.6918647606956301
0.6921668453292872
0.6924048741679588
0.6926466766518082
0.692520659270133
0.6922588816454117
0.6919989120457757
0.6921748149794595
0.6925429598782087
0.692652015008111
0.6928772641795893
0.6930863207677823
0.6933266467286762
0.6936113620682415
0.6939569999534498
0.693848678574222
0.6940274909589595
0.694307961143471
0.6942956595830884
0.6944765066647182
0.6946971961419843
0.694719699944802
0.6949000910218942
0.6951158859482336
0.6952917611621892
0.6948647280895696
0.6950759924703274
0.6944513893531441
0.6946978253549023
0.6949800325599649
0.6946049790605241
0.6941086347333754
0.6937926432588915
0.6931632917447662
0.6933516595751164
0.6935527940950705
0.6933800301842943
0.6932525648997842
0.6931684620508402
0.6929876284230851
0.6926480215890156
0.6923657312428693
0.692378760828477
0.6923767494802363
0.6925563069446498
0.6920887610842875
0.6915891771091346
0.6913835075053804
0.6909769525229711
0.6906623843691667
0.6902480106925939
0.690567563059597
0.6904330140419228
0.690038051138428
0.6900108687744173
0.6900143311551425
0.690086962752448
0.6897425414181614
0.6892697993902548
0.6888871855682962
0.6885148215929917
0.6885959030944072
0.6886918830636342
0.6878798605146136
0.6876322118531575
0.6877446244720272
0.6876853034071301
0.6875704732715928
0.6874333229610766
0.687621608729121
0.6878366771541631
0.6873843383689214
0.686361695296172
0.6860635945583036
0.6853821521066503
0.6851673881197652
0.6844119073708231
0.6845867820585885
0.6842332186638069
0.6834597752491204
0.6831889086354533
0.6829090000316638
0.6821365445931872
0.681574832219836
0.6814216750940187
0.6814010986766376
0.681112428022758
0.6808824097846558
0.6811090697367453
0.6805100500416896
0.6806258365588382
0.6802169981581342
0.6795007866105122
0.679428506589102
0.6793351325361641
0.6788039284322842
0.6783356663182144
0.6784715859443039
0.6778098636006396
0.6781352645199038
0.6778215690173972
0.6779347325467888
0.6775697122431866
0.6772205697975616
0.6771779552827978
0.6765963931388239
0.6761271014685091
0.6760089221590603
0.6757216974164578
0.6752027093357228
0.6751626621068888
0.6749354091919474
0.674901567491292
0.6751448096828744
0.6751598775693028
0.6753770880954854
0.6752937097907725
0.6755113029740301
0.6753530234293689
0.674990074162031
0.6743079640943896
0.6740091046839103
0.6741758155693858
0.6737251715938183
0.6738989407635897
0.674108641081727
0.6734294609584619
0.6733910624587154
0.6722387707688467
0.672080019651393
0.6716800934468834
0.6713325692633015
0.6711462020348412
0.6708514049327232
0.6705601932343026
0.6704575740981449
0.67070683597156
0.670740775520615
0.6709864331988402
0.6705267216687395
0.6705200129203789
0.6706019846163704
0.6703266262757425
0.669609708892561
0.6694394321733954
0.6688088704849552
0.6686965407636344
0.6687419265177856
0.6686279015669754
0.6683010093625135
0.668396522491121
0.6681447768860889
0.6679791644944385
0.6676454115411096
0.6671684116814546
0.6673811451291847
0.6668207677118866
0.6668028792875578
0.6670374403911553
0.6664622726129633
0.666604543441681
0.6665183389264491
0.6663156791354257
0.6660954901161752
0.6655539978485365
0.6651313292499825
0.6649638509541954
0.6647742691275886
0.6642489900110794
0.6642003131703298
0.6644422171616309
0.664673834034543
0.6644551382921616
0.6634250496075741
0.6635731712254888
0.6631516708860629
0.662853265838854
0.6626604830450015
0.6626947163020805
0.6628200592545468
0.6627879284985458
0.6623541341738195
0.6623303764153534
0.6623190252990936
0.6623571222121095
0.6616414148626941
0.6617544413029969
0.6619925603535044
0.6618188993929556
0.6613041616157883
0.6607556991184671
0.6603304601977389
0.6600652284411476
0.6603005567494715
0.6596546247588606
0.6597738231702106
0.6598230723544061
0.6596766096624733
0.6594420292698162
0.6589854220324101
0.659183682020087
0.6590493926631749
0.6586751165758726
0.6581948209926316
0.6578994980163043
0.6574120259631806
0.656893889650588
0.656587008566888
0.6559099805601453
0.6554402730528507
0.6552455217408387
0.6546779284244826
0.6543732849525187
0.6541783244923781
0.6537975891609817
0.654000418447375
0.6536697293214493
0.6535082569536429
0.6531151080618907
0.652659251102637
0.6526378383351691
0.6526841491057718
0.6527026612281838
0.652414845961947
0.652574865042717
0.652520693623958
0.6528039938040292
0.652856732127345
0.6527429410010617
0.6526576365020691
0.6523633095917923
0.6523027792988902
0.6523482529904391
0.652454024462247
0.6523225716553502
0.6523155448716316
0.652425877729149
0.6526927361361841
0.6522090925564931
0.6524604332373263
0.6526221311211502
0.6528535726214758
0.6529670246021191
0.6527717165029586
0.6525828393199398
0.6522407102902987
0.6516669562157495
0.6516657341117721
0.6513849635097048
0.6512906451336928
0.6508716245064758
0.6508063261920951
0.6505024169463829
0.6501197704341217
0.6501043279163916
0.6499000215788843
0.6495503239310924
0.649302349892445
0.6491336887326263
0.6492363977634563
0.6493566776717441
0.6489944409625619
0.6490218873610816
0.6490352974565383
0.6492463335881927
0.6488755432787967
0.6486688594238753
0.6485619398783772
0.6481647882959529
0.6483054582470578
0.6481632423649377
0.6483128403555103
0.6483807498627977
0.6485684945371467
0.6488381093439308
0.6490253751268849
0.6492767526937826
0.649509188870305
0.6496863381849508
0.6499460080655162
0.6500755242363647
0.6502367495093796
0.6502949124143336
0.650386194659613
0.6506154677323502
0.6508570669890975
0.6510580492594396
0.6512921963610095
0.6514382892213064
0.6516519471982297
0.6518462491965388
0.652080392993208
0.6522934773178917
0.6518669316257139
0.6519164626248078
0.6518728283459989
0.6519448905938258
0.6519617818139374
0.6521456430751192
0.6523401259523401
0.6524405047008883
0.6527034887881005
0.6528979488493345
0.6530783536913097
0.6533476104390609
0.6534712628993915
0.6536518371506059
0.6538398113076214
0.6540609772437371
0.6537436416994922
0.6539206377787601
0.6541721170878633
0.6543814301697104
0.6546136236209331
0.6548158832791935
0.6550594554305469
0.6552394777894617
0.6554419677440603
0.6555919107300799
0.6553900627639195
0.6555365781179145
0.6557545851741886
0.6557311774892716
0.6559475744661722
0.6561652780994937
0.6563222738469257
0.6563664873117947
0.6565426535586171
0.6567014889437202
0.6568606253202044
0.65699084255752
0.6565419108185656
0.6560497468481163
0.6555015614783253
0.6557749476187642
0.6556532359294206
0.6558273018435649
0.6552009147357869
0.6551529760719816
0.6553504322500994
0.6550854814152108
0.655022481529392
0.6549410207780144
0.6546685217843025
0.6544371804608561
0.6539902090830978
0.6541775242567863
0.6543091667116632
0.6541599391124857
0.6538673334139323
0.6527327392752926
0.653010709660116
0.6527205026853926
0.6522296910266845
0.6518305147255335
0.6518521603076597
0.6518158212671409
0.6518661525978559
0.6514766480760859
0.6515879820429425
0.6515530310483301
0.6517218625248969
0.6516912891043714
0.6513315076841413
0.650837038690355
0.650591127390789
0.6500939317000878
0.6502228528485832
0.6504988644893274
0.6506254766010804
0.6506705835358492
0.6507213449698466
0.6503251572454739
0.6498585231400742
0.6495664043265186
0.6493874233596443
0.6495971959333076
0.6497884727702468
0.6496958307839908
0.6494591211502883
0.6491193127853867
0.6493355320728174
0.649035024553292
0.6491001612501718
0.6488777655745348
0.6490031099049159
0.6491362808815018
0.6489911202897927
0.6491369117150367
0.6493806896862947
0.6495711439151844
0.6497708320937965
0.6499240070127807
0.6494268757312566
0.6495480233262463
0.6496690756731216
0.649392727649181
0.6495523868272484
0.6497124968996023
0.6493274228358359
0.6495258318167236
0.6495949267240028
0.6491927736975829
0.6493542061514489
0.6494391674202129
0.6488582737105347
0.648933205765356
0.6486252205702046
0.648288827760774
0.6478118845525723
0.6475483677551586
0.6473848888403912
0.6474776643072241
0.6474052257631104
0.6473146662188823
0.6474750020390441
0.6473874327390919
0.6473047565313218
0.6474648793797237
0.647568746897314
0.6477473272880082
0.6479149012128768
0.6474934229306105
0.6469851369747758
0.6466583204240671
0.6464464902234497
0.6466620623649594
0.6468734477585133
0.6463334970548749
0.6464660962626839
0.64652929700521
0.6456912723657875
0.6458070291954393
0.6457225101038052
0.6457861736423067
0.6458709676389418
0.6457413934038215
0.6458716148585504
0.646026420112334
0.645751463519947
0.6457546212758795
0.645266581962706
0.645397797473823
0.6450555049435457
0.6451694454802541
0.6447469880332971
0.6437738279266613
0.6439230985772858
0.6439987314253767
0.6438354630742538
0.6440639704725596
0.6430489557114347
0.6431197307278453
0.6429358448675937
0.6429599180896065
0.6430552160138486
0.6431298732299698
0.6431350142814086
0.6431673102642909
0.6427930619097929
0.6429768154779031
0.6432335178676541
0.643001743286414
0.6430230361883184
0.6430754483354532
0.6428129017313448
0.6429090248515418
0.6431209798154599
0.6433473845395891
0.6435681415471729
0.6437257646827882
0.6439037450551364
0.6435945922268956
0.6436623448733901
0.6432943504425163
0.6434963863072238
0.6436980931449096
0.6439065386712367
0.6440835760540695
0.6442412234677157
0.6440719013253717
0.6442875819544627
0.6444578418791281
0.6444128646945426
0.644019347244741
0.6441724186998165
0.6441265997252065
0.6441545803312202
0.6443345746569524
0.6437614510998929
0.6439879888418526
0.6439004253267876
0.6440549362718816
0.6438675993864854
0.6439298973120332
0.6440550329433231
0.6440348802120792
0.6440697194572058
0.6440379632472616
0.6440288494459566
0.6440498434150534
0.6441519709610923
0.6438471314571321
0.6438561593376133
0.6439792716641477
0.6440361017132576
0.6435360986419759
0.6437705283849028
0.6436635760903993
0.6438032856832613
0.6436402897631912
0.6433477474391311
0.643123172853892
0.6430790723512619
0.6429894229027819
0.6430373263740704
0.6431965611329936
0.6428904150338787
0.6428340794324162
0.6429548304723219
0.6429338598255347
0.6431187491434888
0.6433357100088609
0.6429148054656154
0.6424299635075855
0.642456807266728
0.6424846318930444
0.6425362990806976
0.6427212987963201
0.6427893091779442
0.6430211017072401
0.6429342913209097
0.642966520194119
0.6429385294930595
0.6425262701724838
0.6421672303577787
0.6414052008901078
0.6414737589992997
0.6416349053349666
0.6418449028455642
0.6415852299352405
0.6416736677238722
0.6416431972194218
0.6418363855965633
0.6413018554078379
0.641397870022753
0.6414994628915677
0.6414529355157448
0.6416223430925084
0.6417639647094127
0.6419554720072239
0.6421419481987839
0.642034543364715
0.6422376503302956
0.6421625872077139
0.6421389338589331
0.6420717007930665
0.6420934846125774
0.6422614177096126
0.6423325491033245
0.6424096425322656
0.6425229598036425
0.6425754161380767
0.6423755056815673
0.6425554337965852
0.6424658884351563
0.6426172162768048
0.6427237745259594
0.6425956304968016
0.6427204316280215
0.6429452777008566
0.6431355654215669
0.6432274484102832
0.6433854212069899
0.6435168464480281
0.6436388674834492
0.6436748663586325
0.6436380648209098
0.6437772725466041
0.64396324831738
0.6441127110336823
0.6442795585371516
0.6438998032583796
0.6437120808245875
0.6438865044695647
0.6435243942652695
0.6436743010710068
0.6438762532303436
0.6440953040968133
0.6441945925238536
0.6442597494801329
0.6443980041280852
0.6444695977946089
0.644659144504637
0.644852865495287
0.6450131083292518
0.645185283548318
0.6453215687673738
0.6455035078924859
0.645637957278613
0.6458378320063156
0.6459215763929973
0.6461208348973467
0.6462835588164021
0.6464189171272963
0.6463715172332986
0.64652043583381
0.6466847944147776
0.6462011109484987
0.6458758763466648
0.6459489791419547
0.6460222994758394
0.6459347070704574
0.6458527695445911
0.6457392566252292
0.6458701624330527
0.6460698649247181
0.6459378315644875
0.6460019660909502
0.6460694410597893
0.6462075859382241
0.6461386305807042
0.6461432819385956
0.646174859629775
0.6462963963654631
0.6464861826587425
0.6466440215358816
0.6466812209062701
0.6467967095666787
0.6469531773381023
0.6469414826277724
0.6470960827733638
0.6471859417012781
0.6470765368103943
0.6471753347549167
0.6472650528998063
0.6474626034941099
0.6476130968473417
0.6477157510578728
0.6478753031978841
0.6480519267914717
0.6481508463836572
0.64830538300691
0.648246237116817
0.6483830489031576
0.6485469028494458
0.6486671677345812
0.6486088489755866
0.6486827846736931
0.6488445355903348
0.6489601535298561
0.6490818385516892
0.6492325949365215
0.6489350858735329
0.6489166735546135
0.6485401562432365
0.6485248562422622
0.6486861007842326
0.6489051262739646
0.6489661907037347
0.6490636805389247
0.6489816751628138
0.6488343301569012
0.6489524051852369
0.6487456279375329
0.64892334328358
0.6487926678738302
0.6485268673673809
0.648676923971452
0.6486557940666672
0.6487347595662839
0.6488811396156015
0.6488685335823731
0.6485585430266257
0.6487494481330339
0.64861686047429
0.6487910777229392
0.6488141641440278
0.6489893942342254
0.6487678364485954
0.6486547722739824
0.648651678861404
0.6487531004007944
0.6489169042175936
0.6490602046411899
0.6490827129325918
0.6489287484023017
0.6489929911533118
0.6491694636706201
0.6488524060453504
0.6486337663411363
0.6485967523853794
0.6485680668502523
0.6484091379080007
0.648520841879045
0.6486755603512553
0.6486835076187542
0.6487764698919328
0.6488502716932918
0.6488616262366965
0.6490605323011485
0.6492499295000617
0.6491849061942393
0.6492278297533695
0.649434926615233
0.6495300073907986
0.6494931321741528
0.6493273491226431
0.6492303114152055
0.6491107342607222
0.6492786856919018
0.64941280918861
0.6495475453440737
0.6497412847522372
0.6498310079976792
0.6499584773154421
0.6501135482379112
0.6503194143785277
0.6504430972281454
0.6505802782996417
0.6507887558778641
0.6508714847096242
0.6510187560871944
0.6507993181506407
0.6509599627606684
0.6511431727685631
0.651060614286119
0.6511978109192892
0.6513995355930269
0.6515216888362092
0.6516793657900911
0.6518270818868844
0.6520495179206044
0.6522230059022189
0.6524124825432822
0.6525285273846422
0.6525720727773449
0.652653983937999
0.6527857637028623
0.6529074098005924
0.6530681303025649
0.653181412348221
0.6533263885295542
0.6534709698746816
0.6535466381836391
0.6536604390630353
0.6538427683839975
0.6539998150852314
0.6541334290916784
0.6542524220279718
0.6542224392556982
0.6541102370444227
0.6542540649517335
0.6543941318636317
0.6545765571313991
0.6547541492160855
0.6549111669260805
0.6545576301496436
0.6547174941817978
0.654857964512922
0.6549922227128774
0.6551232730922649
0.655302346453955
0.6554428379864368
0.6556460439248321
0.6556905483861523
0.6556918464910454
0.6558872790229616
0.656055688261765
0.6562203726804897
0.6563977436061146
0.6565735624736945
0.6565944253935769
0.6567537514666147
0.6568981916029825
0.6571040375061262
0.6572590392638802
0.6573735606518364
0.6575524152339329
0.6577190406538084
0.6578308379263893
0.6580058154230695
0.6581252033773486
0.6581322680398167
0.6583173051481388
0.6584761764355155
0.6586502613819837
0.6585507028620221
0.6587458530884529
0.658880411170068
0.6589731759158116
0.6590705746052582
0.6591861673998644
0.6591493841615601
0.6591461691594674
0.6593142917164042
0.6594493171670052
0.6594688947986049
0.6594602292450493
0.6595006005763422
0.6596026740102426
0.6596537992445223
0.6597658901371677
0.6598725604217671
0.6599530638737787
0.6600847396438333
0.6602024390903936
0.660330740603387
0.6604565224318444
0.6605447965566638
0.6607264953500361
0.6607995289266266
0.660937073489841
0.6609695257360865
0.6610580707223738
0.6610984502037996
0.6611700817609947
0.6611208571404478
0.6611367954607276
0.6612729602285894
0.6613537762194976
0.6613502430345886
0.6612135527718259
0.6613514202127556
0.6614453083130544
0.6611183480403784
0.6611912362628467
0.6612220438282141
0.6612669410474925
0.6613770151367533
0.6614778877412758
0.6615849211046684
0.6615317432203629
0.6614984228192421
0.6616209694168856
0.6617965056745485
0.6619131519001651
0.662017632708794
0.6621218660953064
0.6620009243424663
0.6621288835232699
0.6622672892445921
0.6622353782608026
0.662399905637759
0.662492783465348
0.6626658665649952
0.6628177253613837
0.6629145666719833
0.6629754606472256
0.663125716435796
0.6632308651696278
0.6634084735260418
0.6635422928365082
0.6636861283568971
0.6638471681973005
0.6639350489757049
0.663886673854838
0.6640557937500449
0.6642088573465584
0.664245482292039
0.664379265736622
0.6645051654570713
0.6641323318949416
0.6642748433394722
0.6644200155639085
0.6645699876287259
0.6646387200710999
0.6647594128437926
0.6649177736820249
0.6649773456031597
0.6650836458474711
0.6652082206820757
0.6653407480253907
0.6653980091606151
0.6655523215386394
0.6652415168342227
0.6653676217998312
0.6654445902576249
0.6655886421529045
0.6657147854690714
0.6658072486936891
0.6658970497429043
0.6659152673121381
0.6660308938351951
0.6660659716594407
0.6661829981488471
0.6663108348755168
0.666428594758956
0.6665660835639147
0.6665903156978581
0.6666244469519541
0.6666232413377174
0.6667208509398105
0.666824193720279
0.6667684948120518
0.6669412093957252
0.666953810182831
0.6666844104107457
0.666636764271369
0.6667643012436252
0.6669009635355106
0.6668449786822991
0.6664632889756655
0.6666162299894223
0.6666727725892821
0.6663586287485476
0.6664337751769763
0.6665552524641261
0.6666833667223104
0.6668262008933156
0.6664597317105296
0.6665116251352209
0.66636590642056
0.6664608154162935
0.6665711084562974
0.6664930877398586
0.666588459451679
0.6663769861058436
0.6661369854014536
0.665808415167506
0.6658846536521498
0.6660480591413861
0.6659362272003879
0.6660564575694602
0.6661609313673315
0.6661649215486561
0.6662740420103656
0.6664152892141788
0.6665195254711624
0.6660973482756819
0.6661829459627706
0.666119014704216
0.6662048051889394
0.6663176793820157
0.6664238104171482
0.666066091603955
0.6661907351268332
0.665866274638718
0.6659536667404594
0.6660457386931022
0.6661952302723169
0.6661378936470266
0.6661581920219708
0.6662369458009159
0.666003281797323
0.6660954226687948
0.6659606811757116
0.665787634338713
0.6658932420748744
0.6657415977551138
0.665583127579425
0.6656659813919302
0.665751839086037
0.6658228870586288
0.6659448328952025
0.6660799630095335
0.6661928453468422
0.666166407407084
0.6662700341416571
0.6663598516952322
0.6663821447766334
0.6665253431226861
0.6662679010081698
0.6662231759889679
0.6663865556508274
0.6661382937017413
0.6662483968786191
0.666371158313506
0.6662838480283008
0.6663413502316972
0.6664727451188761
0.666283246189435
0.6662171051391484
0.6658643789261334
0.6659691681920366
0.6651917233575733
0.6649066812670438
0.6649740534391086
0.6649288209136537
0.6650278078665838
0.6647384966697484
0.6648405327103442
0.6649504082458721
0.6649454677969685
0.6647517263560239
0.6643884938434118
0.6645390289843615
0.6645621534686998
0.664627201899633
0.6647413637971916
0.6648826553010878
0.664939508055853
0.6645823326366653
0.6645000986804349
0.6643725081654781
0.6645135409741862
0.6646544061157553
0.664481453934511
0.6642589059537194
0.6641133512597922
0.6640574438436527
0.6638796842416866
0.6638159262918212
0.6637815801079417
0.6638808375183106
0.6640309698887614
0.6637029387536902
0.6638125700012462
0.6638690983130704
0.6640194771424035
0.6640955158039364
0.6639925206082101
0.6641340970382807
0.6642781224638128
0.6642832382277075
0.6644112913371194
0.6639018272764631
0.6639262974558147
0.6640292907154123
0.6639724110864872
0.6640683706983389
0.6638409345953198
0.6636781955665281
0.6637945396370232
0.663934342041089
0.6640367875419794
0.6639553983711515
0.6636662726616681
0.663374349006539
0.6631936215119358
0.6631743061064261
0.6629078911058319
0.6630454404969383
0.6631463080079115
0.6631658479279364
0.6631873552905825
0.662932616036401
0.6629854365842337
0.6630793239448404
0.6629628619608677
0.6626185103723906
0.6627443151512137
0.6628598486887233
0.6628939156217719
0.6629835423877346
0.6629545430724723
0.6627707831291979
0.6629123185500596
0.6630466899932659
0.663158940933578
0.6632388836842739
0.6633456362844219
0.6634011818207549
0.6635104367162701
0.6635854123749111
0.6637174117435231
0.6638435077109489
0.6639747013826317
0.6640754814062871
0.6641778153682922
0.6643404504818298
0.6639910111679295
0.6641117873921561
0.6641982937872348
0.6643604757757936
0.6644771490257504
0.6646228298289143
0.6643758862746795
0.6645105722063789
0.6646446249955626
0.6647553528599714
0.664827535534859
0.6649555952242024
0.6650962274866624
0.6652047920991374
0.6653346805306989
0.6654350366332986
0.6654135921569623
0.6654944954221564
0.6656543679052684
0.6658051980698203
0.6658631901579396
0.6657652141823336
0.6658699598767782
0.6658634539653324
0.6659880233547141
0.6661085443285919
0.6660934392376079
0.6659176580552297
0.6656769719858381
0.6657682775270679
0.6657050245818589
0.6658159198625337
0.6659085326007078
0.6659940263246344
0.6656847467993373
0.6657807268601197
0.6658900960557241
0.6660303721983203
0.6661405219403811
0.6662786939003962
0.6662895813614176
0.6664090321368777
0.6665313924189548
0.6666290996314101
0.6667314841181786
0.6668260988503835
0.6669561178835446
0.6669667141526209
0.6671020169790444
0.6672246149291453
0.6673724157911668
0.6675219879319902
0.6675725951535839
0.6676084973833336
0.6677275238488197
0.667797136669054
0.667884738268551
0.6679317053560435
0.6680576221420944
0.6681146346710167
0.6681951111741234
0.6682894862374835
0.668397958197342
0.6680682346870628
0.6681533585233347
0.6683157892932753
0.6684573675453891
0.6685587866275867
0.6686588235702318
0.6687652540634211
0.6687891755826274
0.6689018816985874
0.6690118131789993
0.6689348026377347
0.669055997135665
0.6691535810876432
0.6690003892925792
0.6686892680164894
0.6687016022889797
0.6688438035701448
0.668709821189198
0.6688003377785474
0.6689256008294968
0.6686559932915007
0.668747783798148
0.6688235449555344
0.6686285083620326
0.6687309378710641
0.6688040134835617
0.6688482044815731
0.6689591314142063
0.6688331142724475
0.6686993050457323
0.6688211248869957
0.6688672634686147
0.6685948036415839
0.6686717129659885
0.6686218233145207
0.6685301636064089
0.6686341999383181
0.6687298010620965
0.6684547979215565
0.6685309493647776
0.6686526598594577
0.6687797385897175
0.6686957530522103
0.6685824547232311
0.6686818645859685
0.6687884645536881
0.6684100418540325
0.6685277658518886
0.668266954564988
0.6683093270718226
0.6684108790185127
0.6682934464490826
0.6683981449831791
0.6684394788059611
0.6684812439604483
0.6681581391182758
0.667939786646378
0.6680329452459697
0.6681564764235363
0.6681753164541744
0.6681650083327673
0.6682794406890835
0.6683746595275669
0.6680470612899124
0.6679138952013206
0.667875749028687
0.6676066756686674
0.6674290811277673
0.6673375147443056
0.6674234065103706
0.667524234586644
0.6672324179654665
0.6672380500921873
0.6673480775336254
0.6674076666416143
0.6674292153594928
0.6674655354848646
0.66744415457265
0.6675711740367852
0.6673960473114755
0.6674736446298669
0.667559226876389
0.667543005307986
0.6673070974218899
0.6672320311193543
0.6669885870659769
0.6671047542126757
0.6668860536677652
0.666905958349465
0.6666336574946552
0.6666766255055289
0.6667918682418232
0.6668109290370571
0.6667797327637054
0.6666856338989688
0.6668027476064314
0.666641929607013
0.666751251295047
0.6668086684763019
0.6669243859162121
0.666993336904099
0.6670787148578056
0.6671350022830467
0.6672196371138271
0.6670110132946188
0.6671416621507165
0.6672603998704307
0.667372630966672
0.6672949877327652
0.667415024646421
0.667505299627791
0.6675916316632164
0.6676025367563576
0.6675966581923514
0.6676640561429034
0.6677904705994779
0.6677925467696578
0.6679041957598996
0.667944063511154
0.6680602833424486
0.6681008146067556
0.6682056150286282
0.668250941092469
0.6682877994614844
0.6684060037442481
0.6684149565274329
0.6683292116005812
0.668444451482032
0.6684892979736275
0.6686043342686179
0.6687149588560632
0.6688349572319872
0.66892181644104
0.6690077663563021
0.6690320672441391
0.6691767380762067
0.6692708864934125
0.6693624033448264
0.6694845828445334
0.6695799673091273
0.6697008076428232
0.6697695396036031
0.6698701886549194
0.6699615469988002
0.669871284678621
0.6699133697041297
0.6698373491576303
0.6698022717816217
0.6698344995456664
0.6696665200749836
0.6697089553742062
0.6697298726732955
0.6698281971707242
0.6699366491796891
0.6697567204481524
0.6697427398809953
0.6697982971407127
0.6697591228508312
0.6696469377649118
0.6696561837201694
0.6697624730742215
0.6698410358713804
0.6698804492005304
0.6699918593826468
0.6700799993505472
0.6701542820268669
0.6702409640634498
0.6702936642589971
0.6703900092474029
0.6703922916415287
0.6704480423708495
0.6703979327020146
0.670459562719306
0.6705946191786029
0.6706165685569672
0.67062482520269
0.6706772390651466
0.6706762603753473
0.6707840387124495
0.6708492375608976
0.6709128640898632
0.6708875063098422
0.670853219937678
0.6707608613642567
0.6708507464656343
0.6709475953305618
0.6706432193819065
0.6706439604800859
0.670740846695346
0.6705311466327695
0.6704463368052397
0.6704652474724434
0.6705212525444108
0.6706074118807894
0.6703593000912238
0.6704373285910304
0.6702203061093276
0.6699897257509502
0.6700459097398881
0.6699973135133789
0.670077617417606
0.6701168247894578
0.670165560144668
0.6699668607441428
0.6699567340111053
0.6700515542919
0.6701338263400347
0.6702313834924251
0.6702907200531478
0.6702041637503355
0.6702243018576294
0.6703142858639409
0.670349625910056
0.6701165304204358
0.6701575189221978
0.6698124052678923
0.669703509324893
0.6697765319229206
0.6698751421406813
0.6694722748470905
0.669589933469642
0.6697171864756991
0.6695045464372085
0.6695341722338092
0.6694079605282977
0.6694507121712843
0.6694740249228478
0.6695969962426779
0.6695163657502637
0.669588435898044
0.6696865466102997
0.6697668377741712
0.6698351311371493
0.6695463730092798
0.6696295711949208
0.6696604471021376
0.6697533071972248
0.669851517711472
0.6697604597249014
0.6697764050207403
0.6698889398699922
0.6699540550820192
0.6697242677590387
0.6695080223249367
0.6695615263371512
0.6696046020616223
0.669694974817096
0.6697903066008214
0.669907438862799
0.6699811242800162
0.669991685027796
0.6700878161232042
0.6700753842553725
0.6699276339478989
0.6700211846551564
0.6700781560654578
0.6701968467672308
0.6702701529931021
0.6703838323981564
0.6704932837626626
0.6704172858894373
0.6704192735100344
0.6705106128290874
0.6705909356896345
0.6706030621238916
0.6706941257074505
0.6707687701929118
0.6706178153962761
0.6707017844892501
0.6707930683092271
0.6709009187764353
0.6710066600028654
0.6707260982660566
0.6707024814229423
0.6707844653057915
0.6707443524690452
0.670829889939601
0.670788830652105
0.6708847156001005
0.6709890368298784
0.6710306034510569
0.670796339479219
0.6706770782955072
0.6706995264701153
0.6705161129926474
0.6706100608475477
0.6706721676664823
0.6707869039340731
0.6708696619140512
0.6709307668475571
0.6709733394943415
0.6710569584223346
0.6711693619819433
0.6712296826875463
0.6713131151410365
0.6714196992183424
0.6715039497124201
0.6713624967359055
0.6714693918472266
0.6712925089560923
0.6713597880951658
0.6714502147141018
0.6715008328038925
0.6715382142107661
0.6715688701684044
0.6716105491910983
0.6716669134658657
0.6718015822510899
0.6718341655124064
0.671885410571528
0.6716138483727239
0.6717089732246516
0.6717753978638458
0.6715848888898643
0.6716553375160986
0.6716933292621623
0.6717964857912432
0.6717392916537608
0.6718034020029888
0.6718444415102597
0.6719063497419258
0.6719741902425811
0.6720299321557013
0.6720950656547653
0.6721731625517028
0.6722930888624218
0.6723203916701985
0.6721924411596617
0.6722765681186453
0.6723860453308698
0.6724505244852313
0.6725395323537479
0.672594485086503
0.672673860151853
0.67254716691257
0.6725808808725737
0.6726679652194267
0.6727048061439233
0.6727926033393321
0.6728588125971172
0.6726533146554328
0.6727252751605259
0.6728231808753409
0.6727259674892558
0.6724584268469915
0.6723539049605725
0.6724345640575784
0.6725406635539615
0.672649931754909
0.6727498068364364
0.6728170212672935
0.6729183319704022
0.6728499448814086
0.6729471809041339
0.6728749331837593
0.6729472902043241
0.6728454023138802
0.6729225014264348
0.6728913827546109
0.6729831156207984
0.673069783271755
0.67288990353066
0.6729797830293844
0.6730782072883594
0.6731815201259134
0.6732260188793808
0.6732364194192874
0.6733337304626392
0.673408964229202
0.6734592837062797
0.6735727955017472
0.6735548335275906
0.6735288540231771
0.6735941129650912
0.6736488039782419
0.6735305761082789
0.6736247416609333
0.6736921459985922
0.6737325594016799
0.67382650987471
0.6739045485572137
0.6740076411411365
0.6740969332217244
0.6740841709796366
0.6741919272451768
0.6741869367449188
0.6739747032827559
0.6740396686489684
0.6741083533850264
0.6742047096573133
0.6743170868894526
0.6743697816672859
0.6744631733559621
0.6745751308330941
0.6746458654630597
0.6745341100249619
0.6746249844249959
0.6747320096011941
0.6745499094999067
0.674221356372355
0.6743232151663041
0.67443922939432
0.6745459812783839
0.6745822522393164
0.6746539482556914
0.6747545675499851
0.674843572444532
0.6748452936763685
0.6748655839671915
0.674962216302016
0.6749789010920436
0.6750760234354481
0.6751184815072349
0.6752178287466614
0.6752370230274312
0.6750703433064265
0.675125542738532
0.6752308548361086
0.6752741497986285
0.6752182021582386
0.6752908898794704
0.6753672939553161
0.6753916765193785
0.675412586653906
0.675390230259158
0.6754237961670492
0.6755391537088103
0.6754340203617897
0.6754191246367207
0.6755133048495424
0.675579057997682
0.6756633484842972
0.6754175327880231
0.6754724929019152
0.6754935561557479
0.6755600762922368
0.6755993749517097
0.6756964804617546
0.6758178850796286
0.6758883451590314
0.6759702457410129
0.6760542628957359
0.6759508958660857
0.6760454462891821
0.6761219704338319
0.6760120099850133
0.6760983118799844
0.6761962274587661
0.6762315970501023
0.6762945019766856
0.6763590249159611
0.6764533470925912
0.6763814561254451
0.676442070882146
0.6764867979217107
0.6765584940672309
0.6766198945894
0.6766265489505752
0.6764622890679173
0.6762509975958745
0.676309775261067
0.676208425205716
0.6762691751294271
0.6763165786951368
0.6763883465369591
0.6762577301602628
0.6762941249256289
0.6762634540533574
0.6763266694628284
0.676407524008429
0.6762642629143473
0.6761243121226481
0.6761899613060195
0.6762444414304487
0.6761904700560841
0.676089079469705
0.6758111641305694
0.6758589465288867
0.6757853409142547
0.6758314890281016
0.6758740284612085
0.6759537653172222
0.675919958914107
0.6759257020548075
0.6760214961370945
0.6760173996939896
0.6760969194106002
0.6761975527825003
0.6762779858503257
0.6763643907081232
0.6764307581775746
0.6764607919684863
0.6762326397997246
0.6762949480948939
0.6763717073929272
0.6761110797060955
0.6761516233166787
0.6761221639858733
0.6761882726291634
0.6762761145154489
0.6763317713134237
0.6761430186125676
0.6761149084038213
0.6762144482703214
0.676294486176273
0.6762034846144246
0.6761966640040188
0.6762611284885052
0.6760405151525064
0.676073800097685
0.6760899999799812
0.6761774471492227
0.6762604259013216
0.6763290309780875
0.6762269478025612
0.6763080087434789
0.6763949676963451
0.6764404486542496
0.6764307279337175
0.6763393243303245
0.6763706444212637
0.676426286896497
0.676498507706958
0.6765784516520048
0.676614052370223
0.6766918846638219
0.676796435448026
0.6768469220323636
0.6769175630329919
0.6769214615171447
0.6770281871217843
0.6770289515759497
0.6771166901292623
0.6770505775851398
0.6771170903750979
0.6772047697229454
0.6772699074603399
0.6773295251879411
0.6774238029589567
0.6774038559687328
0.6774669377446351
0.6773831929451237
0.6772955404385622
0.6771826628776895
0.6770557915862623
0.6771451883711944
0.6772282394861928
0.6773276258897944
0.6773302266358175
0.6773629414334972
0.6772752611539369
0.6773442196974472
0.6774147479985794
0.6775099584517716
0.677496558478212
0.6775758571734649
0.6776463973163055
0.6777255226262768
0.6777340622340843
0.6776430935513937
0.6777378061263695
0.6778390684764863
0.6779145504374611
0.6776928011313577
0.6775376609800005
0.6772991039525563
0.6771438564365797
0.6772227335370863
0.6770396307454974
0.6768732214530223
0.6769615987993644
0.6769277306961573
0.6767312548986272
0.6766211950612931
0.676668641528874
0.6764786402732604
0.6763213920813592
0.6762449002374836
0.6761839909587045
0.6762540891252106
0.6762558942696366
0.6762541444749706
0.6762913534486564
0.676280988715346
0.6761877533239605
0.6757944493458657
0.6758493188920963
0.6756259918097767
0.6753940093363042
0.6752674448854701
0.6750720240167912
0.6750648475637544
0.6751233146202181
0.6751916984967852
0.6750836198579309
0.6749899226241053
0.6750913074140209
0.675169879088629
0.6751878541393043
0.6749706324157793
0.6747320738224004
0.6747837676022314
0.6746222744447777
0.6745189060040354
0.6746119158614642
0.6744488854779115
0.6744656467457877
0.6745243437316337
0.6743977570856468
0.6742616832100855
0.6742828769433287
0.6744003177953645
0.6745090345807921
0.674479512865921
0.6742662837823673
0.674327076758605
0.6744143761226107
0.6744804869179142
0.6745233801311162
0.6744205399518108
0.6745107137709264
0.6746137470785061
0.674674175392158
0.6747467230480053
0.6746402740318007
0.6747180916994125
0.6747974607170495
0.6748501495161305
0.674924029052341
0.6747157288395195
0.6747969920091653
0.6748684637011677
0.6748897691285888
0.6749008875541077
0.6750034321269339
0.6750599684689778
0.6750364766511702
0.6748731859423321
0.674950862859072
0.6749257980474714
0.6750185070645486
0.6751158823753531
0.675198031643279
0.6753014948793261
0.6753923709262161
0.6753092226569231
0.675420852327653
0.6754502268374315
0.6755484190473274
0.6756414136921722
0.6756856009461861
0.6757841438984771
0.6758940178960967
0.675975372920746
0.6760734498311238
0.6761699267614958
0.676183282032331
0.6762790102457917
0.676245756625335
0.676308302284802
0.6764024046156398
0.6764948274585446
0.6765877085091013
0.6766661793143791
0.6767393653368491
0.6768072979078816
0.6768947179319751
0.6769601658659249
0.6770428206503144
0.6771313484395222
0.6771836678854324
0.677289691589607
0.6773632287968354
0.6774411918674854
0.6775256649751508
0.6775973366728004
0.6775850319104935
0.6776365815175333
0.6777178900861998
0.6777615733112644
0.6778117845124935
0.6779030837507874
0.6779937590157873
0.6780584815620784
0.6781577899676197
0.6782149134029258
0.6782869659150991
0.6783495843064897
0.6784554329845325
0.6784706832842591
0.6784178484005181
0.6785126059203566
0.6785848190032636
0.6786677989706834
0.6787488165254707
0.6788230154192634
0.6789193775421298
0.679012394605164
0.6791068007917965
0.6791783464660714
0.679272604321607
0.6793201653756076
0.6793937311302722
0.6794540265396025
0.6795100012105856
0.6796134617668055
0.6797116366903683
0.6797582034582154
0.679802972644632
0.6798823525224863
0.6799062731790297
0.6800011586702475
0.6800846526209471
0.6801853689856644
0.6802787820522653
0.6803719205263301
0.6804684314953293
0.680549835888534
0.6806430499069429
0.6806788597155765
0.6807445672312444
0.6806419017885459
0.6807140777205125
0.6807984463325104
0.6808738663134288
0.6808052264892367
0.6808458114475392
0.6809093357643308
0.6809535240596987
0.681040719663949
0.6809473374386958
0.6810302365560049
0.6810958092891833
0.68109860174322
0.6809835488886907
0.6810671452153216
0.6811251024984655
0.6811567743331357
0.6810376856363065
0.6811135925213957
0.681110748728879
0.6809697432119456
0.6809825102953038
0.6809395033608261
0.6810036554904573
0.6810195841813138
0.6810446349952034
0.6810996274856816
0.6810614056948802
0.6811025077462983
0.6809687913867727
0.6810323475250982
0.6810444121365455
0.681097377131296
0.6811277080859407
0.6809086204328854
0.6809693962518555
0.6810083021671022
0.6810801119756057
0.6809776919974734
0.6810518584629213
0.6810863813497963
0.6811438669057454
0.6812073087361213
0.6812512045255027
0.6812163567958064
0.681187920046092
0.6812254506184903
0.6813052235049504
0.6814043503791648
0.6814685014597273
0.6814694685385051
0.6815409859523378
0.6815388269100263
0.6814877044252383
0.6815565928733688
0.681588869423288
0.6816650580476178
0.6817151253043366
0.6817832754375229
0.6818363750986377
0.681902075719144
0.6819414592474193
0.6820058882445331
0.6820687909146201
0.6821685271812383
0.6822278001541293
0.6820445829313233
0.6820411665187417
0.6820135866922359
0.6820257920318601
0.6819488773907239
0.6820136496563375
0.6820372094904474
0.682062305304517
0.6821387109566748
0.6822190541848372
0.6821998128323876
0.6822186101824951
0.682041317744459
0.6820725928577486
0.682036151379602
0.6821174353722899
0.6821286090009128
0.6819163171616898
0.6819035178902231
0.6819321858533426
0.681956223843641
0.68193562986613
0.6819272569983
0.6817909153278603
0.6817623178497801
0.6817100255393327
0.6816017603064517
0.6816684622296832
0.6816402662542573
0.6816948503949158
0.6816069503018203
0.6816306164357382
0.681576775702818
0.6813434316305864
0.6812372664475331
0.6812476616279735
0.681074517339562
0.6810813479687968
0.6811566711330425
0.6811715445598979
0.6812504202414902
0.681322026015099
0.6812139402300197
0.6812606418683418
0.6813459428859424
0.6812158805271352
0.6812602111937629
0.6810820395244769
0.6811362337571389
0.68115315603726
0.6811986053409829
0.6812615765837976
0.6813259417920139
0.6813875597790978
0.6812339829071189
0.6813358952416323
0.6814082417144811
0.6814809679716163
0.681584253048657
0.6814000430762356
0.6813718780311493
0.6813930093166342
0.6814751300586354
0.6815369218549452
0.6816100337198195
0.6816944495473178
0.6817543976416336
0.6816452544025505
0.6816965956386
0.6817623096542874
0.6818247109676043
0.6818971947483867
0.6819499696507759
0.6819008095390948
0.6818074547844833
0.6818715124061898
0.6819423899832969
0.6820272132752346
0.681854996684681
0.681895305214948
0.6819951862097936
0.6820221036914
0.6819405652176337
0.6817675739035869
0.6816362854577767
0.681690472822672
0.6817200497634188
0.6817951955861127
0.6818720442282474
0.6819657191046776
0.6820271369397968
0.6820902877091534
0.6821574833373204
0.682240657253099
0.6821937565742408
0.6822558963762996
0.6823040399099723
0.6823842478762574
0.6824841665093206
0.6824679819247584
0.6825475440131703
0.6825933433304087
0.6826595056010896
0.6827402265915523
0.682794980273298
0.6828577983938627
0.6829224695285423
0.6830107892189932
0.6828353654752076
0.6829017586286837
0.6827106045579616
0.6826658711905049
0.6827096615869315
0.6827511290610554
0.682826975072384
0.6827676312602508
0.6826963917166711
0.6825044811642107
0.6825082148334893
0.6825715010108508
0.6826399083607789
0.6826012249749481
0.6826820624829633
0.6827219081775614
0.682788448030218
0.6828692046589153
0.6829288667543234
0.6829824060474717
0.6830766497491684
0.6831606714289497
0.6832374157282883
0.6833229477361364
0.6833884217882463
0.6834850144034036
0.6835395135776771
0.6834794563974689
0.6835703613128888
0.6836514999032475
0.683719148526457
0.6834971813133057
0.6835350036418362
0.6836331652369717
0.6837136888962893
0.683665323895365
0.6837132426903577
0.683605446432233
0.6836810570464471
0.6835593083284117
0.6836283068598998
0.6837071613804803
0.6837771775448536
0.6838208284396448
0.6838718496831846
0.6839447835322153
0.6839941684759504
0.6840717813892698
0.6841560850145729
0.6842297877674309
0.684177954775974
0.6842264839503325
0.6842780353653172
0.6843361262769749
0.6842977407608892
0.6843568555443051
0.6844482043655797
0.6845089989086308
0.6844982909648045
0.684372906684689
0.6843988770297303
0.6841724298058891
0.6842411546537673
0.6843176572025015
0.684356238008925
0.6843705171907501
0.6844636977271956
0.6845466095692977
0.6846098347740838
0.6845472364783913
0.6845199204230544
0.6845635987478947
0.6845142606180808
0.6845780561161013
0.6846194172088819
0.6845274536345981
0.6845751617868324
0.6845714028518108
0.6844945899029796
0.6844072374851855
0.6844932063852348
0.6845134799574873
0.6844567909977046
0.6845362875907829
0.6844942825925087
0.6845729635953502
0.6846278060846621
0.6846955671776767
0.6846476493921619
0.6847139758786344
0.6847829221834597
0.6846572005105115
0.6845871116012306
0.6843639838462721
0.6842830489705992
0.6843503306599062
0.684380791424669
0.684358062576402
0.684446742634317
0.6844668992480032
0.6843905002008326
0.6842906799669853
0.6843347427034971
0.6843964976310494
0.6842643132326015
0.684325153717256
0.6841578960162872
0.6842329248833087
0.6841499127509454
0.6841807808011631
0.6842389264607793
0.6842834622411568
0.684351008563262
0.6842611216667089
0.6841477847976596
0.6840634805660821
0.6841160702826381
0.6841992263793346
0.6842719465655243
0.6843344340306542
0.6841572039809284
0.6842345520313446
0.6841465791072776
0.6842103547190801
0.6842092105288369
0.6842858382844715
0.6842001957687629
0.6840758086805203
0.6841344751480424
0.6842051702275576
0.6842862566716855
0.6843736002346001
0.684441182424815
0.6845081451617298
0.6845811468265564
0.6845647019351737
0.6846194049345695
0.6845957679424941
0.6845624572255491
0.6844684637737635
0.6844626931935291
0.6844502518989057
0.6844306314598145
0.6843965683476805
0.6844482632078357
0.6845147824098812
0.6845657893110273
0.6845977640772307
0.6844987862326603
0.684538180606089
0.6844759253307952
0.6843147530966509
0.6842922373958149
0.6843584349527827
0.6844081375016482
0.6842416195715783
0.684257212379796
0.6841817309753071
0.6842262826415803
0.6842759308640659
0.6842169497610089
0.6842448835772565
0.684175563040876
0.6841496392321411
0.6840940329590954
0.6841691337807997
0.68419807177581
0.6842406296101862
0.684056731364766
0.6840904091358626
0.6841484282333229
0.6841714706235656
0.6840641074661096
0.6840392352959792
0.683977459711011
0.6839446581181103
0.6840295346082433
0.6840870300341481
0.6841611928207535
0.6842349791532317
0.6842893599833537
0.6842848087647131
0.6843583725854335
0.6844082416865618
0.6844257136231718
0.6845019403383119
0.6845693381274479
0.684572154117643
0.6846259776908151
0.6847171577417326
0.6846326707730044
0.6847188999808753
0.6848109393090087
0.6848953659796241
0.6849794011837816
0.6850237500231109
0.6849354380897559
0.6849922580716288
0.6849052496390211
0.6849834755123533
0.6850396154953939
0.6850805225760912
0.6851572103915428
0.6851875564487031
0.6851756553018716
0.6852426845493289
0.6853131052234216
0.6853720455605248
0.6854211912715742
0.6855066901647079
0.6853802567836372
0.6854415724325843
0.6854721138539306
0.6855220686691008
0.6854693434530692
0.6854964054721738
0.6855316015173308
0.6855834842963204
0.6856063391905969
0.6855639877527074
0.6856066659888166
0.6855003343373764
0.6855572812650087
0.6855861142596317
0.6856356648939671
0.6856611431678553
0.6857269593827163
0.6857925104253617
0.685803341413503
0.6857302473666571
0.6857739905033329
0.685599742146067
0.6856296973475063
0.6855498772277493
0.6855276848263987
0.6855473510443348
0.6855924366139027
0.6855510879378875
0.6855758035925522
0.685580293437222
0.6855934082940066
0.6856523587985195
0.6856946531292671
0.685736506435728
0.6856711292390892
0.6857221272715875
0.6857753762694191
0.6858419028221245
0.6858999151403317
0.6859387346660811
0.6859918558806569
0.6860383535005173
0.6859506502779378
0.6860026888808176
0.6860662398872343
0.6861325031794154
0.6861931603400071
0.6862550561552553
0.686291083008169
0.6863478858971559
0.6862771669135547
0.6862957143650241
0.6863519676237934
0.6864334402849558
0.6864568980616955
0.6865375469642839
0.6864539144717341
0.6864513630119237
0.6864423494960894
0.6865173641260689
0.6865868957615966
0.6866345440809349
0.6865583652929126
0.6866187788225357
0.6865267179620287
0.6865685685642486
0.6863753339335307
0.6864430575034941
0.6864801713881323
0.6864251326895083
0.6863830217780592
0.6863787367575988
0.6862926071743803
0.686369736789142
0.6862865032215442
0.6861107267367167
0.6861760897506118
0.6861325532712
0.6861891017783456
0.6861370869655631
0.6861404102664291
0.686094279892671
0.6859271818408903
0.6859792139185783
0.6858891840982365
0.6857786571483135
0.6855565066276954
0.6856352687152242
0.685697417971422
0.6857581030736027
0.6858218218407729
0.6857559465725611
0.68578971980041
0.6858312959956199
0.6858446083699699
0.6859008784394267
0.6859649754827614
0.6859300470850032
0.6857515482578777
0.6857667249583128
0.6857180037604573
0.6857694693389591
0.6858443333414423
0.6859218872397819
0.6858450690825423
0.6859024254614902
0.6858279741124178
0.6858725161529986
0.6857743474978841
0.6856588380433696
0.6857160667960512
0.685779980073878
0.6858536396100541
0.6859168828512744
0.6858847553207801
0.6859671960659882
0.6858164213459995
0.6856851277366294
0.6857215772631846
0.6857684336801457
0.6858314043914485
0.6857650041388471
0.6858223375236413
0.6859039240131828
0.685976293181311
0.6860131304538151
0.6859497249554598
0.685861497178644
0.6859175855715776
0.6858240213872998
0.6858456677712345
0.6858973006519279
0.6858686552269013
0.6858036602963445
0.6857155505048179
0.6856965198108307
0.685601627872328
0.6855603019514191
0.685468314968257
0.6855360661822456
0.6856167276217465
0.685612783250748
0.6856525808843507
0.6856286058851931
0.6857120683070792
0.685749581151316
0.6856845680949533
0.6856791854688742
0.685650093181211
0.6857351185150997
0.6858148820786711
0.6858815540807408
0.6859509972545397
0.6860168627489353
0.6860905553347393
0.6861575697589486
0.686099879457353
0.6861183334672927
0.6861993763481354
0.6862628385727053
0.6862993850327873
0.6863391404863945
0.6864184320255643
0.6862825660090923
0.6863570349676332
0.6864360266755657
0.6864910957511824
0.6865248160665485
0.6865920025263341
0.6866578808562341
0.6867456444204818
0.686765782035428
0.6868462577021748
0.6869097759401445
0.6869547822972825
0.6870277696437807
0.6869718283167718
0.6870355846886453
0.6871173731001606
0.6871743538994451
0.6872596890889267
0.6873323774313154
0.6873832367697726
0.6874634341725806
0.6874283819268593
0.6874790576553372
0.6875484098517881
0.6876057151835185
0.6876768157047718
0.6877622990959091
0.687840036961325
0.6879285832063754
0.6880140849552868
0.6880810551505547
0.6881642797511638
0.6882246283759237
0.6882921432636088
0.6883787691187341
0.6884384572918726
0.6884343427444408
0.6885089700549254
0.6885825808515135
0.6886430792183916
0.6887024614338506
0.6887832326121279
0.688837410079941
0.6889157323965222
0.6889772871812929
0.6890504495939861
0.6891278897414885
0.6891817515923446
0.6892369599173858
0.6892786897528255
0.6893551530856816
0.6894318698679723
0.6895059886174428
0.6895584693333168
0.6896288293060521
0.6897054212292076
0.6897712454502585
0.6898135452967774
0.6899002374431756
0.6899703684392894
0.6900314941674875
0.6901131429498826
0.6901645264365937
