0.25641025641025644
0.470940170940171
0.6032051282051283
0.5766817496229262
0.5281871723048194
0.5831666445842553
0.6031279568683662
0.6427804061052144
0.6785023654946929
0.6268103422579127
0.6361703499683039
0.6385162204835626
0.6500507761633082
0.6289362799746433
0.6457374881620136
0.6404326685969278
0.6480629524403084
0.6596607471872173
0.6620943764945232
0.6781851204709745
0.6683375450649511
0.6827576518012577
0.6921882041883265
0.7045006760207935
0.707890139562709
0.7187090232826087
0.7183864659994741
0.7001826633952228
0.667106362531015
0.6775092887019207
0.6765758734935701
0.6753931606368073
0.671680628774457
0.6672347198356317
0.6682792504601058
0.6557536831403056
0.6517599989572208
0.6473081042464481
0.6512959751382619
0.6595984519206842
0.6597628290078
0.6657472402366438
0.6731750793424962
0.6735333422353504
0.6728198668686409
0.6724522115962338
0.6618684144992935
0.6582310462093075
0.6398406096314222
0.6456283937564135
0.6436540054524248
0.6445825441749359
0.6508179381367791
0.6568383185137312
0.658563443448332
0.664254052724193
0.6697580846467472
0.6715440478762844
0.6634586211189174
0.6687170801639343
0.6640235306788947
0.664478688198012
0.6681296168680553
0.6730100636788192
0.6706884759852205
0.6655028164381789
0.657117637193684
0.6585914487712081
0.6632050778418674
0.659852539549074
0.6521824150408372
0.6556172754515622
0.6565359350902951
0.6545544675575066
0.6499909577656693
0.6533623894361785
0.6485716199207394
0.6426820310388991
0.6462498418025113
0.6503632157350403
0.6505506117227601
0.6512748742518846
0.6538866276898697
0.646806405900723
0.6396986431985172
0.6436149622941855
0.6464064767474912
0.6437851312501774
0.6475347614475441
0.6462720638228163
0.6494117298878507
0.644969615369018
0.648555780870341
0.6497720864156749
0.6526572783381754
0.6527946252825725
0.6521481424793604
0.6494832564939819
0.6509167492892773
0.6500171153861289
0.6507957716286262
0.6540291441135464
0.6553683262776423
0.649805689319387
0.6499575900162093
0.6520909051847154
0.6513770792222716
0.6544351750185675
0.6538974134322547
0.651133929983126
0.6541156912653215
0.6570469142207002
0.6599288729247279
0.6627627989836885
0.6627950623529694
0.6655590372517155
0.6682780694691812
0.6709532463283007
0.6735856203576743
0.6761762106722959
0.6787260042890495
0.6812359573805413
0.6797135738725408
0.6821773156119829
0.6846034429737234
0.6869928108299831
0.6868399826783793
0.6891769977330182
0.6914793903424032
0.6925869335248701
0.694830824521039
0.6970421953578431
0.6992217479092254
0.7013701639955882
0.7034881060949102
0.7055762180238193
0.7076351255900862
0.7096654372179328
0.7091849859267747
0.7054147473843322
0.7065683885585884
0.7068618453926521
0.7077106473251398
0.703733317083713
0.6997350831957413
0.7017105102799799
0.7021518191620112
0.7040858982583618
0.7056724408502433
0.7066434050572473
0.7067284789103858
0.7085846277780417
0.7104174288611986
0.7101439865974828
0.7111679369912872
0.7124760171523097
0.7135551341821927
0.7153017492176672
0.7164762289744747
0.7134987951988587
0.711199673398539
0.7119266594695793
0.7132831672276779
0.71207769696138
0.7114222718329508
0.7124540544902528
0.7124646421191283
0.7111248386757724
0.7098863082974647
0.7115346815457745
0.7093979507649132
0.7110305465471328
0.7126449010356963
0.7142413182521646
0.7147151231236997
0.7122126183771917
0.7137852270199394
0.7106305971629469
0.7119102610758641
0.7125514361838908
0.7123060630848682
0.7132453334348896
0.7143555534859057
0.7158589453096641
0.7156013941125803
0.7169490898430303
0.717983895940562
0.7194375871986003
0.7208763688027101
0.7212800607986147
0.7208674716575049
0.7205541184138395
0.7205226188956078
0.7219200058011297
0.7222858492819925
0.7233512658697053
0.7234004386158316
0.7220976282238131
0.7218272332893879
0.7231775865258472
0.7228653111579245
0.7212214989934748
0.719540357915509
0.7184949276397209
0.7192366578404805
0.7205610132280253
0.7218729333537154
0.72303098959831
0.7230136279983831
0.723945832257183
0.7240847840009552
0.7253504501293913
0.7262896466254152
0.726018633080148
0.7272583677720931
0.7282910856610947
0.7280147429750209
0.7292289628724539
0.7304323897041318
0.7316251667408392
0.732492771418507
0.7336660487368468
0.7348290790917078
0.7359819961391352
0.7371249312207839
0.7382580134137978
0.7383084082060133
0.7392684704058292
0.7403779662764428
0.737240771504085
0.7383494602319158
0.7391413921985578
0.7390373935462028
0.7401247377397603
0.7412030583300517
0.7422724671799276
0.7426833017312772
0.7434967983249532
0.7415171495580837
0.7425636388311279
0.7436016886745508
0.7446314007682272
0.7446528751651543
0.7434568256403706
0.7444748541100518
0.745484834923846
0.7447370818554668
0.7457381129070141
0.746731323403471
0.7477168046353642
0.7486946464778628
0.7496649374181027
0.7506277645818792
0.7514032142740106
0.7523520569676213
0.7528374103631816
0.7533527568727487
0.7533401049600214
0.7539256342988593
0.7547264444156571
0.755641644249927
0.7565500396244625
0.757451706144372
0.7583467182988207
0.7591569267030726
0.7600391357627683
0.7609149053402764
0.7610570329572209
0.759507309407859
0.7603755140670364
0.7612374726495291
0.762093252317452
0.762942919273461
0.763786538777826
0.7632365710948333
0.7637198340944983
0.7645518065096585
0.7653779405219052
0.7661982973732273
0.7670129374520662
0.7678219203081355
0.7686253046669308
0.7694231484439413
0.770043687452725
0.7708312090710376
0.7706898457796889
0.7705421685058557
0.770943343829188
0.771183755718812
0.7719541807837318
0.772719435210632
0.7734795708788239
0.7742346389758945
0.7749846900091972
0.7757297738171137
0.7764699395800936
0.7772052358314748
0.7760621741683271
0.7767939971285613
0.7775210525125074
0.7774941360083459
0.7782142197105842
0.7784688282184303
0.779181147098757
0.7798888998324147
0.7805921301843879
0.7812908813621446
0.7816677357070267
0.7812284616790207
0.7819185927147336
0.782604383303681
0.7832858742651114
0.7836158836858107
0.7842899775061042
0.784278169516576
0.7849460389607972
0.7856097857541281
0.7862694479518076
0.7865842315129643
0.7872368791230164
0.7876510255984857
0.7882964632106483
0.7879647530699746
0.7886053429398538
0.7886396641960591
0.789274379919194
0.7898356667638866
0.7904630229825019
0.7908577072089733
0.7906690277432872
0.7908143235355404
0.7914313904277659
0.792044827514743
0.7925708795496811
0.7906189179135709
0.790714866875236
0.7913232538901336
0.7919281140237853
0.7925294778560865
0.7931273756144264
0.7937218371787527
0.79431289208655
0.7949005695377312
0.7953349508810786
0.7955105415238677
0.7960898317745083
0.7966658491988741
0.7972386214546519
0.7977396639676938
0.7980907487271034
0.7986547410490947
0.7992155913525791
0.7994029554506739
0.79995862593419
0.8005112264150348
0.8010607822651311
0.8016073185775895
0.8009055301580744
0.8014495041193911
0.8019905136449513
0.802528582901351
0.8029553347092063
0.803021904634037
0.8027666793744663
0.803296876472922
0.80315398940463
0.8036803156361685
0.8036705014611387
0.8020595173685067
0.8025831694389604
0.8025177198567409
0.8030374100676442
0.8035543722459444
0.8038672585046641
0.8043793544354614
0.8048887831999524
0.8053955655812511
0.8058997221471028
0.8064012732526659
0.8069002390432518
0.8065397414278879
0.8070357933729446
0.8075293079678987
0.8080203046312459
0.8085088025838382
0.8089948208513918
0.8094783782669579
0.8099594934733545
0.8104381849255626
0.8109144708930864
0.8113883694622767
0.811859898538621
0.8123290758489985
0.8127959189439015
0.8132604451996238
0.8137226718204168
0.8133595705731237
0.8138192760643228
0.8142767225604793
0.8147319266718507
0.8151849048462472
0.8156356733710124
0.8152732183668656
0.8157215843417033
0.8160709267524981
0.8165151998762844
0.8161541190733697
0.8157947742358537
0.8162365133863672
0.8165622177858758
0.816204471840484
0.8166420802408637
0.8170776097414792
0.8175110751212388
0.8179424910192973
0.8183718719367046
0.81879923223803
0.8188892407471963
0.819313387724369
0.8197355527063215
0.8201557495531598
0.8205739919960595
0.8209902936387601
0.8214046679590408
0.8216338371338119
0.8220448190758999
0.8224539114458403
0.821943696052616
0.8221223145971179
0.8225284280341107
0.8229326912959921
0.8229142415767168
0.8233157965844793
0.8237155346012565
0.8241134679317277
0.8245096087697193
0.8247217645228635
0.8251147650508391
0.8255060071871908
0.8258955027068622
0.8262832632798982
0.8263518401551492
0.8264201129200885
0.8268041392189379
0.8271864700374392
0.8275671165792069
0.8279460899493625
0.8283234011556139
0.8286990611093216
0.82907308062655
0.8294454704291067
0.8298162411455651
0.8301854033122775
0.8301200669414718
0.830486978243974
0.8308523080322413
0.8312160665095912
0.8315782637917596
0.8319389099078371
0.8322980148011965
0.832655588330405
0.8330116402701275
0.8333661803120169
0.8337192180655931
0.834070763059112
0.8344208247404218
0.8347694124778104
0.8351165355608402
0.8354622032011739
0.835806424533389
0.8361492086157828
0.8356327212939116
0.8359744412080615
0.8363147431972564
0.8363578655863777
0.8366959691698769
0.8358544752717357
0.8361922232650038
0.836528584202858
0.8368635666122783
0.8371971789504946
0.8375294296056977
0.8369345724078339
0.8372660062037529
0.837596095440662
0.8379248482838996
0.8374204249421495
0.8377482063434759
0.8380746687049578
0.8383998199726186
0.8387236680287856
0.839046220692728
0.8384892422083114
0.8388109767855857
0.8386344142074832
0.8389545840205636
0.8392734858343842
0.8395911271667273
0.8399075154760632
0.839162694503745
0.8394786813514784
0.8391398342638612
0.8394546291087459
0.8397681942862679
0.8400805369874643
0.839002003424676
0.8393146208937543
0.8389800318351747
0.8392914824505805
0.8393872303394576
0.8396966961769539
0.8400049717612289
0.8403120639459483
0.840470617315931
0.8391695262694379
0.8390360553590587
0.834573661000278
0.8348863761968748
0.8346112615818846
0.8344091174494757
0.8347203785069015
0.8350304716053876
0.8335703369244122
0.8338808400271651
0.8338177472151965
0.8341266361608931
0.8344343789509472
0.8335332524842908
0.833635573438828
0.8337375168252673
0.8340437092436369
0.8343487759545861
0.8343905999567663
0.8346939138762595
0.8349961187869062
0.8337757321975185
0.8340779581389776
0.8343790870715747
0.8346791249573147
0.8349780777150771
0.8352759512210066
0.8351569508930963
0.8354534311972455
0.8357488469401588
0.836043203845284
0.8363365075951136
0.8366287638315508
0.8369199781562717
0.8372101561310826
0.837380890015989
0.8376692217712798
0.837956532883189
0.8382428287614873
0.838528114777781
0.8388123962658482
0.8390956785219715
0.8393779668052663
0.8396592663380067
0.8396310672915498
0.839910943264863
0.8401898440605688
0.8404677747665504
0.8391421763327944
0.8394209593894101
0.8396987777987709
0.8399756365590494
0.8402515406339476
0.8405264949529941
0.8408005044118377
0.8410735738725379
0.841345708163852
0.8416169120815207
0.8418871903885488
0.8421565478154848
0.8424249890606966
0.8421931679467415
0.8424606371536114
0.8427272012193414
0.8426550268929573
0.8429203641157348
0.8431848079471899
0.8434483628918164
0.8437110334238771
0.8436175120745554
0.8438790212516882
0.8441396572763098
0.8443994245141826
0.8446583273020126
0.8449163699476903
0.84517355673053
0.8450006547173019
0.845256851982232
0.8455122037116342
0.845437224792834
0.8452428752903338
0.8454969920796764
0.8457005986003606
0.8458043470627019
0.844676111020083
0.8447254984614183
0.8447747252931884
0.8450267143755046
0.8452778866374568
0.8447191845555192
0.8449700420925862
0.8448744682919761
0.845124267859944
0.8448373585332666
0.8450864157426835
0.8453346746918138
0.8455821392123068
0.8458288131113287
0.8460747001717572
0.8463198041523755
0.8465641287880633
0.8467875853648313
0.8469247418592346
0.8467902165744966
0.8469491078927874
0.8471905130853855
0.8470374571592668
0.8472779643020981
0.8473868947610692
0.8474266132218312
0.8476653822152244
0.847512780055513
0.8477506696342095
0.8477282127240836
0.8477983976854103
0.8478129077156238
0.8480488566959096
0.8477680793119634
0.8480033682156544
0.8482379309190252
0.8483779810020199
0.8486112456466322
0.8471584504145873
0.8471737404708327
0.8474074197667489
0.8476403855380974
0.8478726410479478
0.8481041895395035
0.8477271315006897
0.8479581980689739
0.848188564435536
0.8484182337782962
0.8480583414183976
0.8482875143574348
0.847870558118084
0.8480993241961019
0.8483274032889006
0.8485547984863685
0.8487815128598919
0.8490075494624929
0.8492329113289668
0.8494576014760176
0.8496816229023926
0.849904978589016
0.8501276714991214
0.8490917908142127
0.849314698065595
0.8495369477734628
0.8497164641558709
0.8499374693556416
0.8491788729738174
0.8494000183213631
0.8496205160983451
0.8494748720689616
0.8496946167812697
0.8499137208384397
0.8496469856795289
0.8498655220375528
0.8500834240374983
0.8495510692500376
0.849768795633178
0.849985892749315
0.8502023633225483
0.8504182100612766
0.8506334356583107
0.8507174262810587
0.8497125052888493
0.849927508857821
0.8501418981308813
0.8503556757369712
0.8505688442900525
0.8506391588785446
0.8508513191642284
0.8510628775767615
0.8512738366736782
0.8514841989980436
0.8516939670785548
0.8519031434296429
0.8516422469834978
0.8513820844232772
0.851122652656765
0.8513314567904863
0.8515396760386789
0.851747312855408
0.8519543696810289
0.8521608489422827
0.852366753052391
0.8525720844111498
0.8527768454050232
0.8527573347698143
0.8529612719792744
0.8531646450470762
0.8533674563108233
0.8535697080952223
0.8537714027121709
0.8539725424608474
0.8541731296277968
0.854373166487018
0.8545726553000494
0.8543156019640257
0.8545146243657141
0.853998493194943
0.8541974053295548
0.8543957762066574
0.8541407094817389
0.8538167527733304
0.8536452839040883
0.8531062301408157
0.85330473523522
0.8535027045533911
0.8534305984825643
0.8534355947930089
0.8534405776725115
0.8534058738191208
0.8532002359185591
0.8529505256518229
0.8530298440690723
0.8531233648688158
0.853319200382324
0.8529227108419422
0.8525163886480734
0.8524466457680626
0.8522002532228352
0.8520648886490302
0.8517555195082005
0.8519513510544249
0.8519582000070481
0.8517522632137754
0.8518277088004558
0.85202241614763
0.8520853788560976
0.8519217973992387
0.8515920568267266
0.8513503242905697
0.8511165059393085
0.8510805384110497
0.8512744439599936
0.8503748262676375
0.8502324443383819
0.8503819706639861
0.8504580185116893
0.8503927429379355
0.8503511267560802
0.8505442220763949
0.8507368197283582
0.8503592653261085
0.849265255464533
0.8490713084410928
0.8484164954183286
0.8483644184519271
0.8475079859606447
0.8476353589645885
0.8472986684860774
0.8464520012002403
0.8462659122533531
0.8460747780676421
0.8452274270091271
0.8446945346005617
0.8446160442858354
0.8448122361491108
0.8446760821379053
0.8445718361426495
0.8447673432669984
0.8441946316408954
0.8443901214380837
0.844094764960309
0.8433328117096041
0.8434150093313306
0.843390183366828
0.8428729529992527
0.8425025689300812
0.8426984612572825
0.8420657095455759
0.841848092867066
0.8416681438219805
0.8418640990895276
0.8416475386044561
0.8414180202912629
0.841389368993964
0.8408388478464137
0.8404469097943126
0.8403972207159411
0.8402302534965069
0.8397622425649345
0.8398091049124532
0.8396993138306532
0.8397593743618599
0.8399547897589795
0.840022472582732
0.84021709244577
0.8402376583810034
0.8404315447179197
0.8404518008541924
0.8401261068718369
0.8394225181794384
0.8392138758466934
0.8394078277455514
0.8390768324408532
0.8392704824619833
0.8394636669782549
0.838700903431646
0.8387744035474354
0.8375652143842437
0.8374895015216426
0.8371862125381243
0.8369511872550037
0.8368705677097368
0.8366681849498757
0.8364779265214736
0.8365171759768352
0.8367108760052986
0.8367914097671407
0.8369843277224988
0.8365864713733576
0.8366481487525034
0.836840553759862
0.8367274951563102
0.8358617754205213
0.835760998688807
0.8351068565775398
0.835087038031409
0.8352183612864046
0.835192346425425
0.8350664192152117
0.8352031494403467
0.835061324814896
0.8349111167080663
0.834686492221718
0.8342737158263758
0.834465750918118
0.8339132938651375
0.8339845182514896
0.8341762220410375
0.8335985485823204
0.8337134504080704
0.8337231072696928
0.833636782651745
0.8334997550187185
0.8329843779018288
0.8326029524975884
0.8324675780831583
0.8323796786288411
0.8318860945208173
0.8319316005382336
0.8321230224055022
0.8323140087281352
0.8322030767608884
0.8310988477778435
0.8312577715871875
0.8309344647702953
0.8307748271518134
0.8306433495977884
0.8307591218455173
0.8309046633749706
0.8308963672539241
0.8305355892250643
0.8306088751331544
0.8307053524779229
0.830801613748011
0.8299351022682897
0.8300593942999321
0.8302490601545082
0.830169206898656
0.8296901766014414
0.8291717630163857
0.8288060166130342
0.8286260617296308
0.8288160550093098
0.8280827777243234
0.8282729516427699
0.8283327085372824
0.8282462485940845
0.8280681013152228
0.8277067928335982
0.8278963343156294
0.8278107339482496
0.8275349555098613
0.8271301291697556
0.82692962278141
0.8264776134604765
0.8259784553027707
0.8257412470024117
0.8249446241542499
0.8245240992294002
0.8244430066295858
0.8238713375600825
0.8236282633607773
0.8234580230172912
0.8231692949591105
0.8233606701810162
0.8231226311896579
0.823043665065263
0.822712581318977
0.8223432789684177
0.8224078749449603
0.8224793599061904
0.8225299354781399
0.8223278071583816
0.8225182382332387
0.8225392093520016
0.8227290069890584
0.8229183990756085
0.8228611017118467
0.8228722661378823
0.8227059129968054
0.8227265506033598
0.8227968612710383
0.8229186268110904
0.8228689987900659
0.8229184651233299
0.8231058529909243
0.8232928446896653
0.8228194625939002
0.8230063618949615
0.8231928673091923
0.8233789800804457
0.8235647014473433
0.8234611670970835
0.8233432761674024
0.8231291297762916
0.8225088576307344
0.8224531274127428
0.822250534206012
0.8222441594289263
0.82193557927256
0.8219399036238612
0.8216967146441462
0.8213969606095195
0.8214785837033829
0.821362607391818
0.82108059722657
0.8209207484371704
0.8208991137438537
0.8210152647971486
0.8211999755661918
0.8209271114049178
0.8209850577190797
0.8210222571012029
0.821206201338509
0.8209125720430954
0.8207543711145041
0.8206648003790726
0.8203447100080976
0.8205284066236312
0.8204198849767079
0.8206031299920378
0.8207260385961115
0.8209085986382743
0.8210907872459667
0.8212726055516111
0.8214540546830308
0.821635135763474
0.8218158499116366
0.8219961982416856
0.8221087737068945
0.8222731572535021
0.8223515899908851
0.8224776150221973
0.8226563888237862
0.8228348029195369
0.8230128583939896
0.8231905563273291
0.8232843137098158
0.8234613835357578
0.8236380988675539
0.8238144607686864
0.8239904702983879
0.8233444274862276
0.8234437626411985
0.8234950623798639
0.8236705146041384
0.8237553412123675
0.823930187104022
0.8241046864230467
0.8242392362384695
0.8244130846694898
0.8245865895265357
0.8247597518271018
0.8249325725846688
0.8250698663203347
0.8252420416487597
0.825413878382635
0.8255853775197837
0.8253104699318884
0.8254817341770533
0.8256526629388778
0.8258232572021471
0.8256676789122785
0.8258379253195908
0.8260078395387912
0.82617742254119
0.8263466752943145
0.826515598761927
0.8264191528226761
0.826587677917023
0.826755876095571
0.8268268490838505
0.8269944900818332
0.8271618068225665
0.8272901529029312
0.8273496111422999
0.8275161013919216
0.8276822708510815
0.8278267323591919
0.8279922835780773
0.827623841849803
0.8271294811570488
0.8265282064867161
0.8266943672084721
0.8266393781194982
0.8268051148516975
0.8260154251526988
0.826045126900781
0.8260202983718002
0.8258685330082715
0.8258439197513654
0.825831235417001
0.8256167708059687
0.8255111436176192
0.8250941114138819
0.8252597419901945
0.8254250591690117
0.8253766361909569
0.825156821230052
0.8237898903700519
0.8239558132604756
0.823773761491283
0.8232699356028902
0.8229051587701134
0.8229670572036207
0.8230392530262977
0.8232049466096064
0.8228600827255427
0.8230256340500982
0.823057489533845
0.823222547845847
0.8232460914624724
0.8229379551504102
0.8224049896107354
0.8222602513923859
0.8216252602024186
0.8217905750678473
0.8219555837946363
0.8220361900160019
0.8221346514194728
0.8222988853516802
0.8219660805326642
0.8214920954885717
0.8212618344166932
0.8211556895395309
0.8213200685013512
0.8214841455734344
0.8214644353481376
0.8213225492173571
0.821050101391892
0.8212138249953762
0.8210116185739911
0.8210920562822256
0.8209511572041092
0.8211143740161383
0.8212772935297847
0.8212579329351262
0.8214204257233669
0.8215826233385137
0.8217445265841231
0.8219061362608374
0.8220674531663982
0.8215140222728444
0.8216754019995417
0.8218364901639504
0.8216295913394276
0.8217904303012495
0.8219509794631403
0.8216202814209101
0.8217806948368985
0.8219408199987702
0.8213633476759025
0.8215234163607806
0.8216831984410307
0.8209482403028902
0.8210486738087261
0.8208257987173152
0.8205396026435263
0.8200311003238797
0.8198097267451662
0.8197158441718037
0.819876096754762
0.8200360646972533
0.8200182864677082
0.8201778447243858
0.8203371203269328
0.820319122875316
0.8204779919090249
0.8206365802553951
0.8207948886576409
0.8209529178563555
0.8205499957821529
0.8199534351721837
0.8196720337340375
0.8195375826206215
0.819696021968628
0.8198541833528661
0.819196086362409
0.8193127105883448
0.8194707922063776
0.8185384664308456
0.8186968098283754
0.8186536833762414
0.8188116505510008
0.8188726403145673
0.8188294734701466
0.8189868761865061
0.8191440056342609
0.8189291613721571
0.8190860685113494
0.8185340164897034
0.8186908583077762
0.8183824365489081
0.8182515342452996
0.817703297321535
0.8164191250203054
0.8165767051705026
0.816734015028847
0.8166768307828925
0.8168337855510579
0.81568168872594
0.8157734011378538
0.8156868075483895
0.815843937294725
0.8160007993583581
0.816157394422734
0.8163137231689732
0.8164697862758814
0.815932941854718
0.8160889308870445
0.8162446557550487
0.8161181092329772
0.8162735461651556
0.8164287205349485
0.816221969354268
0.816376925535251
0.8165316206274706
0.8166860552902422
0.8168402301806624
0.8169941459536199
0.8171478032618033
0.8169038166730548
0.8169810900112089
0.8164505777266713
0.8166040471432878
0.8167572601364846
0.8169102173483908
0.8170629194189927
0.8172153669861435
0.8170900141965353
0.8172421855657561
0.8173941039484944
0.8173796570183046
0.8169384409425337
0.8170902332800606
0.8171234168955228
0.8172748047954437
0.8174259422604598
0.8169017045358349
0.8170527757367129
0.8170387173890321
0.8171894268475255
0.816516842957116
0.8166677337112631
0.8168183764937518
0.8168514836207216
0.8169196940525338
0.8169058254508514
0.8169813251098523
0.8170401692700643
0.8171897684775294
0.8166719076310356
0.8167049181934433
0.8168543029381918
0.8169294141809872
0.8163080372614988
0.8164572590021475
0.816443900837373
0.8165927703419655
0.8165203878111154
0.8163219328990646
0.8161469151540007
0.8161608087822783
0.8161477548171876
0.8162064643684964
0.8163546849617477
0.8160997657957834
0.8162478336172038
0.816395663195951
0.8164319516190559
0.8165793958346229
0.8167266033821071
0.816292870796368
0.8157202762807093
0.8158678180931347
0.8160151238386602
0.8161007048132711
0.8162475892343468
0.8163942392030344
0.816540655280225
0.8165274754752209
0.8166735523259572
0.8167310028721488
0.8162278559255688
0.815726305004196
0.8149133189018859
0.815013210635815
0.8151594452519132
0.8153054488496605
0.8150924647112271
0.8152382908431582
0.8152713125660107
0.8154167682254075
0.8149208299105878
0.8150662181039023
0.8152113780582948
0.8153563103107981
0.8155010153967615
0.8156454938498572
0.8157897462020873
0.8159337729837901
0.8158822622236466
0.8160259919174611
0.8160134911437344
0.8161568945021571
0.8163000744908626
0.8164430316313366
0.8165857664434429
0.8167282794454294
0.8168705711539345
0.8170126420839935
0.8171544927490446
0.8170379258814363
0.817179537393912
0.8171662508220683
0.8173075442912938
0.8174486195466674
0.8173965758587456
0.8175373649290164
0.8176779370669756
0.8178182927736215
0.8179584325484109
0.8180983568892654
0.8182380662925762
0.8183775612532113
0.8184471267040071
0.818432990974732
0.8185720162496365
0.8187108287850231
0.8188494290688266
0.8189878175874906
0.8182469259257757
0.8180923052622534
0.818230848822602
0.8178829646995339
0.8180214567415875
0.818159738309413
0.8182978098824507
0.8184356719386856
0.8185304107972727
0.81866788775879
0.818805156579563
0.8189422177319234
0.8190790716867745
0.8192157189135972
0.8191634806351719
0.8192998581007562
0.8194360300238152
0.8195719968686768
0.8197077590982714
0.8198433171741374
0.8199786715564258
0.820113822703906
0.8202487710739705
0.8202920994168595
0.8204267120764724
0.8205611232201278
0.8199473901436729
0.8196335281181545
0.8197682304869983
0.8199027318075304
0.8198878900985016
0.8198565114753119
0.8198044962024338
0.8199212668049963
0.8200551543389702
0.8200173947660816
0.8200939051805662
0.8202273666752394
0.8203606303026113
0.8203629775481388
0.820390201737328
0.8205230492212502
0.8206557003304732
0.8207881555000962
0.8209204151639338
0.8209883525260996
0.8211202697313125
0.8212519926549271
0.8212608825303342
0.8213923083520032
0.8215235410424131
0.821507738148843
0.8215653260152049
0.8216397480071856
0.8217704148584624
0.8219008903966334
0.8220311750415517
0.822161269211843
0.8222911733249095
0.8224208877969351
0.8225504130428892
0.8225339768817792
0.8226632310865267
0.8227922971483269
0.8229211754776735
0.8229045176466577
0.8230331272925208
0.823161550277069
0.8232897870063822
0.8234178378853632
0.8235457033177416
0.823271389816386
0.8232958811159713
0.8228936923772073
0.8228410615523862
0.8229688818542965
0.8230965178443078
0.8231685498365503
0.8232958582959913
0.8232431274626848
0.8231838158978235
0.8233108390185866
0.8231750425379297
0.8233018897097102
0.8232237419137074
0.822992206281964
0.8231189119324422
0.8231262183855187
0.8232526471071874
0.8233788952163965
0.8234256546694104
0.8231631866878735
0.8232892286075542
0.8232056054767377
0.8233314377860069
0.8233924331425538
0.8235179538013012
0.8233592052545672
0.8233155896098904
0.8233620954959038
0.8231329232099394
0.8232581831793374
0.8233832658522465
0.8234360069539589
0.8233252159007524
0.8234084441879611
0.8235330677277014
0.8230770662227997
0.8228918006832062
0.8228991487005533
0.8229357878364881
0.822825971166657
0.8229503911307253
0.8229743858437163
0.8230985272281176
0.8232224946231925
0.8233462883944648
0.8234699089064351
0.8235933565225845
0.8237166316053779
0.8237621429582295
0.8238851282038971
0.8240079419220255
0.8241305844712088
0.8241535735190303
0.8240439792901839
0.8240669965904988
0.8239112863774406
0.8240335702063452
0.8241556843144602
0.8242776290548801
0.8243994047797207
0.8245210118401226
0.8246424505862541
0.8247637213673147
0.8248848245315391
0.8250057604261997
0.8251265293976101
0.8252471317911291
0.8253675679511627
0.8254878382211688
0.8253129866955029
0.8254331290705405
0.8255531063014198
0.8255355560910479
0.825655298331205
0.8257748763158888
0.8258942903828415
0.8260135408688807
0.8261326281099013
0.8262515524408794
0.8263703141958754
0.8264889137080367
0.8266073513096012
0.8267256273319002
0.8268437421053618
0.8269616959595134
0.8270794892229855
0.827197122223514
0.827314595287944
0.8274319087422322
0.8275490629114499
0.8276660581197868
0.827782894690553
0.8278995729461828
0.8280160932082368
0.8281324557974058
0.828248661033513
0.8282681841389923
0.8282490969113495
0.8283649882089802
0.8284807232135594
0.8285963022410435
0.8287117256065377
0.8288269936242991
0.8283850218586751
0.8285002770488304
0.8286153775340326
0.8287303236255591
0.8288451156338529
0.8289597538685255
0.8290742386383592
0.8291885702513101
0.8293027490145111
0.8293256839608182
0.8294396187512315
0.8295534015272481
0.8296670325928965
0.8297805122513956
0.8298938408051564
0.830007018555785
0.8301200458040856
0.830232922850063
0.8303456499929248
0.8304582275310848
0.830570655762165
0.8306829349829986
0.8307950654896323
0.8309070475773295
0.831018881540572
0.8311305676730634
0.8311912984229998
0.8313027233085292
0.8314140011955289
0.8315251323747012
0.831471426753901
0.8313629311909734
0.8314738766309793
0.83158467618612
0.8316709956912296
0.8317815203165144
0.8317606663005587
0.831820545813199
0.8319307551540815
0.8320408201474319
0.8321507410766547
0.8322605182244136
0.832370151872633
0.8324796423025006
0.8325889897944703
0.8326981946282638
0.8325899602554075
0.8326990221705506
0.8328079420779916
0.832916720254909
0.8330253569777601
0.833133852522284
0.8332422071635033
0.8333504211757269
0.8334418664112542
0.8335498107622514
0.8336576152889599
0.8337652802628829
0.8338728059548215
0.8339801926348765
0.8340874405724509
0.8341945500362518
0.8343015212942929
0.8344083546138968
0.8345150502616971
0.8344459953209444
0.8345525294294895
0.8346589265166732
0.8342290499251296
0.8343354497647155
0.8344417131067523
0.8345478402137351
0.8346538313474867
0.8347596867691592
0.8348654067392366
0.8349709915175363
0.8349965691587391
0.8351019353342444
0.8352071670283515
0.8353122644983589
0.8354172280009093
0.8355220577919916
0.8354739851899597
0.8355786455047244
0.835683172748523
0.8357055898826952
0.8358099037938808
0.8359140853270064
0.8360181347339012
0.8361220522657554
0.8362258381731236
0.8363294927059254
0.8364330161134486
0.8365364086443503
0.8366396705466596
0.8365323643573415
0.8366354985123211
0.8367385026116197
0.8368413769010894
0.8368508293412348
0.8369535034574455
0.8370560484238244
0.8371584644838974
0.8372607518805785
0.8373629108561713
0.8369379654917697
0.8370401987422451
0.8371423038808777
0.8370355564561976
0.8371375367087281
0.8372393894062212
0.8373411147878422
0.8374427130921597
0.8375441845571459
0.8376455294201794
0.8377467479180472
0.8378478402869456
0.837948806762483
0.8376347958891605
0.8377357692748015
0.8378366171497085
0.8379373397477521
0.8380379373022228
0.8381384100458318
0.8382387582107135
0.8383389820284268
0.8384390817299572
0.8385390575457183
0.8386389097055541
0.8387386384387397
0.8388382439739845
0.8389377265394327
0.8389959594862519
0.8389719175876783
0.8389831134838923
0.8390822618130278
0.8391812881134506
0.8392801926103057
0.8391740994781954
0.8392170459214465
0.8389826366489871
0.8390256478590743
0.8391243445801907
0.839222920349443
0.8392193137437993
0.8387640008805767
0.8386587425721891
0.83855361294144
0.8382293238117827
0.8383280849083566
0.838426725491085
0.8385252457804196
0.8386236459962756
0.8382039803837812
0.8383024563543328
0.8382159783375024
0.8383143272868413
0.8384125567356342
0.8383735652308688
0.8384716395238113
0.8383270236114256
0.838121976930449
0.837770639885748
0.8378688416775847
0.8379669246529764
0.8379439700431499
0.8378404792253997
0.8379384016413265
0.8379546517700068
0.8380523872031974
0.8381500048118755
0.8382475048089767
0.8377525815686949
0.8378501446585515
0.8378273981773864
0.8379247991394421
0.838022083173572
0.8381192504902045
0.8377120318176522
0.8378092684672521
0.8374719633986619
0.8375692273343898
0.8375467577008165
0.8376438606549703
0.8377408475960366
0.8377713837400921
0.8378397665376105
0.8376452454526011
0.8377420003718785
0.8376401091665746
0.8375383392603247
0.8376349851025257
0.8371369857059129
0.8370717068833144
0.8371558230931554
0.8372524665215867
0.8373489953077542
0.8374454096555267
0.8375417097682901
0.8376378958489483
0.8376682218803329
0.8377642193836562
0.8378601034147533
0.8379558741746973
0.8380515318640865
0.8377970941821709
0.8378272190611253
0.8379227834576715
0.8377237712177081
0.8378192840068679
0.8379146844280403
0.8378869260447308
0.8379821746193227
0.8380773113341674
0.8379375946021638
0.8379153438135408
0.8375110254104543
0.8376062152022467
0.8366304352913825
0.8362369455949578
0.8363326015846804
0.8363551744967733
0.8364506498908826
0.8361654339954485
0.8362609086842624
0.8363562721620235
0.8364515246229303
0.8363527550720541
0.8359181830568313
0.8360135240312317
0.8360855254690767
0.8361806586522054
0.8362756814720127
0.8363705941204348
0.8364653967889629
0.8360420023252141
0.8360110802727413
0.835962389548187
0.8360572089761938
0.8359593519326876
0.8358231167410404
0.8357255077104148
0.8356280112622927
0.8356142571957912
0.8355169371551638
0.8356116309161569
0.8356240194237672
0.8357185427018444
0.8358129573324755
0.8354373141529728
0.8355317818256749
0.8356261411017358
0.835720392167618
0.8358145352093557
0.8357523692254286
0.8358463861863757
0.8359402955764292
0.8359705692146868
0.8360643003179927
0.8354904065200651
0.835584251125587
0.8356779887247172
0.8356671560625759
0.8357607396866861
0.8355696408024021
0.8354735640253057
0.8355670980991969
0.8356605258843678
0.8357538475618895
0.8357209440035558
0.8354383280300032
0.8351536880103337
0.8350204564590531
0.8350623989577122
0.8346833690946378
0.8347768211188918
0.8348701675476382
0.8349634085597514
0.8350565443337018
0.834678803021037
0.8347719417235604
0.8348649755401575
0.8348044284111381
0.8344280322015697
0.834521050161007
0.8346139636645662
0.834706772888099
0.8347994780070624
0.8348207379816813
0.8347265340201604
0.8348190723549755
0.8349115071214249
0.8348919816700147
0.8349842723454367
0.8350764599027857
0.8351685445147885
0.835260526353787
0.8353524055917381
0.8354441824002153
0.8355358569504102
0.8356274294131327
0.8357188999588127
0.8358102687575008
0.8359015359788695
0.83547816040519
0.8355695106770361
0.8356607595612331
0.8357519072264792
0.8358429538410986
0.8359338995730426
0.8355620856277487
0.25641025641025644
0.470940170940171
0.6032051282051283
0.5766817496229262
0.5281871723048194
0.5831666445842553
0.6031279568683662
0.6427804061052144
0.6785023654946929
0.6268103422579127
0.6361703499683039
0.6385162204835626
0.6500507761633082
0.6289362799746433
0.6457374881620136
0.6404326685969278
0.6480629524403084
0.6596607471872173
0.6620943764945232
0.6781851204709745
0.6683375450649511
0.6827576518012577
0.6921882041883265
0.7045006760207935
0.707890139562709
0.7187090232826087
0.7183864659994741
0.7001826633952228
0.667106362531015
0.6775092887019207
0.6765758734935701
0.6753931606368073
0.671680628774457
0.6672347198356317
0.6682792504601058
0.6557536831403056
0.6517599989572208
0.6473081042464481
0.6512959751382619
0.6595984519206842
0.6597628290078
0.6657472402366438
0.6731750793424962
0.6735333422353504
0.6728198668686409
0.6724522115962338
0.6618684144992935
0.6582310462093075
0.6398406096314222
0.6456283937564135
0.6436540054524248
0.6445825441749359
0.6508179381367791
0.6568383185137312
0.658563443448332
0.664254052724193
0.6697580846467472
0.6715440478762844
0.6634586211189174
0.6687170801639343
0.6640235306788947
0.664478688198012
0.6681296168680553
0.6730100636788192
0.6706884759852205
0.6655028164381789
0.657117637193684
0.6585914487712081
0.6632050778418674
0.659852539549074
0.6521824150408372
0.6556172754515622
0.6565359350902951
0.6545544675575066
0.6499909577656693
0.6533623894361785
0.6485716199207394
0.6426820310388991
0.6462498418025113
0.6503632157350403
0.6505506117227601
0.6512748742518846
0.6538866276898697
0.646806405900723
0.6396986431985172
0.6436149622941855
0.6464064767474912
0.6437851312501774
0.6475347614475441
0.6462720638228163
0.6494117298878507
0.644969615369018
0.648555780870341
0.6497720864156749
0.6526572783381754
0.6527946252825725
0.6521481424793604
0.6494832564939819
0.6509167492892773
0.6500171153861289
0.6507957716286262
0.6540291441135464
0.6553683262776423
0.649805689319387
0.6499575900162093
0.6520909051847154
0.6513770792222716
0.6544351750185675
0.6538974134322547
0.651133929983126
0.6541156912653215
0.6570469142207002
0.6599288729247279
0.6627627989836885
0.6627950623529694
0.6655590372517155
0.6682780694691812
0.6709532463283007
0.6735856203576743
0.6761762106722959
0.6787260042890495
0.6812359573805413
0.6797135738725408
0.6821773156119829
0.6846034429737234
0.6869928108299831
0.6868399826783793
0.6891769977330182
0.6914793903424032
0.6925869335248701
0.694830824521039
0.6970421953578431
0.6992217479092254
0.7013701639955882
0.7034881060949102
0.7055762180238193
0.7076351255900862
0.7096654372179328
0.7091849859267747
0.7054147473843322
0.7065683885585884
0.7068618453926521
0.7077106473251398
0.703733317083713
0.6997350831957413
0.7017105102799799
0.7021518191620112
0.7040858982583618
0.7056724408502433
0.7066434050572473
0.7067284789103858
0.7085846277780417
0.7104174288611986
0.7101439865974828
0.7111679369912872
0.7124760171523097
0.7135551341821927
0.7153017492176672
0.7164762289744747
0.7134987951988587
0.711199673398539
0.7119266594695793
0.7132831672276779
0.71207769696138
0.7114222718329508
0.7124540544902528
0.7124646421191283
0.7111248386757724
0.7098863082974647
0.7115346815457745
0.7093979507649132
0.7110305465471328
0.7126449010356963
0.7142413182521646
0.7147151231236997
0.7122126183771917
0.7137852270199394
0.7106305971629469
0.7119102610758641
0.7125514361838908
0.7123060630848682
0.7132453334348896
0.7143555534859057
0.7158589453096641
0.7156013941125803
0.7169490898430303
0.717983895940562
0.7194375871986003
0.7208763688027101
0.7212800607986147
0.7208674716575049
0.7205541184138395
0.7205226188956078
0.7219200058011297
0.7222858492819925
0.7233512658697053
0.7234004386158316
0.7220976282238131
0.7218272332893879
0.7231775865258472
0.7228653111579245
0.7212214989934748
0.719540357915509
0.7184949276397209
0.7192366578404805
0.7205610132280253
0.7218729333537154
0.72303098959831
0.7230136279983831
0.723945832257183
0.7240847840009552
0.7253504501293913
0.7262896466254152
0.726018633080148
0.7272583677720931
0.7282910856610947
0.7280147429750209
0.7292289628724539
0.7304323897041318
0.7316251667408392
0.732492771418507
0.7336660487368468
0.7348290790917078
0.7359819961391352
0.7371249312207839
0.7382580134137978
0.7383084082060133
0.7392684704058292
0.7403779662764428
0.737240771504085
0.7383494602319158
0.7391413921985578
0.7390373935462028
0.7401247377397603
0.7412030583300517
0.7422724671799276
0.7426833017312772
0.7434967983249532
0.7415171495580837
0.7425636388311279
0.7436016886745508
0.7446314007682272
0.7446528751651543
0.7434568256403706
0.7444748541100518
0.745484834923846
0.7447370818554668
0.7457381129070141
0.746731323403471
0.7477168046353642
0.7486946464778628
0.7496649374181027
0.7506277645818792
0.7514032142740106
0.7523520569676213
0.7528374103631816
0.7533527568727487
0.7533401049600214
0.7539256342988593
0.7547264444156571
0.755641644249927
0.7565500396244625
0.757451706144372
0.7583467182988207
0.7591569267030726
0.7600391357627683
0.7609149053402764
0.7610570329572209
0.759507309407859
0.7603755140670364
0.7612374726495291
0.762093252317452
0.762942919273461
0.763786538777826
0.7632365710948333
0.7637198340944983
0.7645518065096585
0.7653779405219052
0.7661982973732273
0.7670129374520662
0.7678219203081355
0.7686253046669308
0.7694231484439413
0.770043687452725
0.7708312090710376
0.7706898457796889
0.7705421685058557
0.770943343829188
0.771183755718812
0.7719541807837318
0.772719435210632
0.7734795708788239
0.7742346389758945
0.7749846900091972
0.7757297738171137
0.7764699395800936
0.7772052358314748
0.7760621741683271
0.7767939971285613
0.7775210525125074
0.7774941360083459
0.7782142197105842
0.7784688282184303
0.779181147098757
0.7798888998324147
0.7805921301843879
0.7812908813621446
0.7816677357070267
0.7812284616790207
0.7819185927147336
0.782604383303681
0.7832858742651114
0.7836158836858107
0.7842899775061042
0.784278169516576
0.7849460389607972
0.7856097857541281
0.7862694479518076
0.7865842315129643
0.7872368791230164
0.7876510255984857
0.7882964632106483
0.7879647530699746
0.7886053429398538
0.7886396641960591
0.789274379919194
0.7898356667638866
0.7904630229825019
0.7908577072089733
0.7906690277432872
0.7908143235355404
0.7914313904277659
0.792044827514743
0.7925708795496811
0.7906189179135709
0.790714866875236
0.7913232538901336
0.7919281140237853
0.7925294778560865
0.7931273756144264
0.7937218371787527
0.79431289208655
0.7949005695377312
0.7953349508810786
0.7955105415238677
0.7960898317745083
0.7966658491988741
0.7972386214546519
0.7977396639676938
0.7980907487271034
0.7986547410490947
0.7992155913525791
0.7994029554506739
0.79995862593419
0.8005112264150348
0.8010607822651311
0.8016073185775895
0.8009055301580744
0.8014495041193911
0.8019905136449513
0.802528582901351
0.8029553347092063
0.803021904634037
0.8027666793744663
0.803296876472922
0.80315398940463
0.8036803156361685
0.8036705014611387
0.8020595173685067
0.8025831694389604
0.8025177198567409
0.8030374100676442
0.8035543722459444
0.8038672585046641
0.8043793544354614
0.8048887831999524
0.8053955655812511
0.8058997221471028
0.8064012732526659
0.8069002390432518
0.8065397414278879
0.8070357933729446
0.8075293079678987
0.8080203046312459
0.8085088025838382
0.8089948208513918
0.8094783782669579
0.8099594934733545
0.8104381849255626
0.8109144708930864
0.8113883694622767
0.811859898538621
0.8123290758489985
0.8127959189439015
0.8132604451996238
0.8137226718204168
0.8133595705731237
0.8138192760643228
0.8142767225604793
0.8147319266718507
0.8151849048462472
0.8156356733710124
0.8152732183668656
0.8157215843417033
0.8160709267524981
0.8165151998762844
0.8161541190733697
0.8157947742358537
0.8162365133863672
0.8165622177858758
0.816204471840484
0.8166420802408637
0.8170776097414792
0.8175110751212388
0.8179424910192973
0.8183718719367046
0.81879923223803
0.8188892407471963
0.819313387724369
0.8197355527063215
0.8201557495531598
0.8205739919960595
0.8209902936387601
0.8214046679590408
0.8216338371338119
0.8220448190758999
0.8224539114458403
0.821943696052616
0.8221223145971179
0.8225284280341107
0.8229326912959921
0.8229142415767168
0.8233157965844793
0.8237155346012565
0.8241134679317277
0.8245096087697193
0.8247217645228635
0.8251147650508391
0.8255060071871908
0.8258955027068622
0.8262832632798982
0.8263518401551492
0.8264201129200885
0.8268041392189379
0.8271864700374392
0.8275671165792069
0.8279460899493625
0.8283234011556139
0.8286990611093216
0.82907308062655
0.8294454704291067
0.8298162411455651
0.8301854033122775
0.8301200669414718
0.830486978243974
0.8308523080322413
0.8312160665095912
0.8315782637917596
0.8319389099078371
0.8322980148011965
0.832655588330405
0.8330116402701275
0.8333661803120169
0.8337192180655931
0.834070763059112
0.8344208247404218
0.8347694124778104
0.8351165355608402
0.8354622032011739
0.835806424533389
0.8361492086157828
0.8356327212939116
0.8359744412080615
0.8363147431972564
0.8363578655863777
0.8366959691698769
0.8358544752717357
0.8361922232650038
0.836528584202858
0.8368635666122783
0.8371971789504946
0.8375294296056977
0.8369345724078339
0.8372660062037529
0.837596095440662
0.8379248482838996
0.8374204249421495
0.8377482063434759
0.8380746687049578
0.8383998199726186
0.8387236680287856
0.839046220692728
0.8384892422083114
0.8388109767855857
0.8386344142074832
0.8389545840205636
0.8392734858343842
0.8395911271667273
0.8399075154760632
0.839162694503745
0.8394786813514784
0.8391398342638612
0.8394546291087459
0.8397681942862679
0.8400805369874643
0.839002003424676
0.8393146208937543
0.8389800318351747
0.8392914824505805
0.8393872303394576
0.8396966961769539
0.8400049717612289
0.8403120639459483
0.840470617315931
0.8391695262694379
0.8390360553590587
0.834573661000278
0.8348863761968748
0.8346112615818846
0.8344091174494757
0.8347203785069015
0.8350304716053876
0.8335703369244122
0.8338808400271651
0.8338177472151965
0.8341266361608931
0.8344343789509472
0.8335332524842908
0.833635573438828
0.8337375168252673
0.8340437092436369
0.8343487759545861
0.8343905999567663
0.8346939138762595
0.8349961187869062
0.8337757321975185
0.8340779581389776
0.8343790870715747
0.8346791249573147
0.8349780777150771
0.8352759512210066
0.8351569508930963
0.8354534311972455
0.8357488469401588
0.836043203845284
0.8363365075951136
0.8366287638315508
0.8369199781562717
0.8372101561310826
0.837380890015989
0.8376692217712798
0.837956532883189
0.8382428287614873
0.838528114777781
0.8388123962658482
0.8390956785219715
0.8393779668052663
0.8396592663380067
0.8396310672915498
0.839910943264863
0.8401898440605688
0.8404677747665504
0.8391421763327944
0.8394209593894101
0.8396987777987709
0.8399756365590494
0.8402515406339476
0.8405264949529941
0.8408005044118377
0.8410735738725379
0.841345708163852
0.8416169120815207
0.8418871903885488
0.8421565478154848
0.8424249890606966
0.8421931679467415
0.8424606371536114
0.8427272012193414
0.8426550268929573
0.8429203641157348
0.8431848079471899
0.8434483628918164
0.8437110334238771
0.8436175120745554
0.8438790212516882
0.8441396572763098
0.8443994245141826
0.8446583273020126
0.8449163699476903
0.84517355673053
0.8450006547173019
0.845256851982232
0.8455122037116342
0.845437224792834
0.8452428752903338
0.8454969920796764
0.8457005986003606
0.8458043470627019
0.844676111020083
0.8447254984614183
0.8447747252931884
0.8450267143755046
0.8452778866374568
0.8447191845555192
0.8449700420925862
0.8448744682919761
0.845124267859944
0.8448373585332666
0.8450864157426835
0.8453346746918138
0.8455821392123068
0.8458288131113287
0.8460747001717572
0.8463198041523755
0.8465641287880633
0.8467875853648313
0.8469247418592346
0.8467902165744966
0.8469491078927874
0.8471905130853855
0.8470374571592668
0.8472779643020981
0.8473868947610692
0.8474266132218312
0.8476653822152244
0.847512780055513
0.8477506696342095
0.8477282127240836
0.8477983976854103
0.8478129077156238
0.8480488566959096
0.8477680793119634
0.8480033682156544
0.8482379309190252
0.8483779810020199
0.8486112456466322
0.8471584504145873
0.8471737404708327
0.8474074197667489
0.8476403855380974
0.8478726410479478
0.8481041895395035
0.8477271315006897
0.8479581980689739
0.848188564435536
0.8484182337782962
0.8480583414183976
0.8482875143574348
0.847870558118084
0.8480993241961019
0.8483274032889006
0.8485547984863685
0.8487815128598919
0.8490075494624929
0.8492329113289668
0.8494576014760176
0.8496816229023926
0.849904978589016
0.8501276714991214
0.8490917908142127
0.849314698065595
0.8495369477734628
0.8497164641558709
0.8499374693556416
0.8491788729738174
0.8494000183213631
0.8496205160983451
0.8494748720689616
0.8496946167812697
0.8499137208384397
0.8496469856795289
0.8498655220375528
0.8500834240374983
0.8495510692500376
0.849768795633178
0.849985892749315
0.8502023633225483
0.8504182100612766
0.8506334356583107
0.8507174262810587
0.8497125052888493
0.849927508857821
0.8501418981308813
0.8503556757369712
0.8505688442900525
0.8506391588785446
0.8508513191642284
0.8510628775767615
0.8512738366736782
0.8514841989980436
0.8516939670785548
0.8519031434296429
0.8516422469834978
0.8513820844232772
0.851122652656765
0.8513314567904863
0.8515396760386789
0.851747312855408
0.8519543696810289
0.8521608489422827
0.852366753052391
0.8525720844111498
0.8527768454050232
0.8527573347698143
0.8529612719792744
0.8531646450470762
0.8533674563108233
0.8535697080952223
0.8537714027121709
0.8539725424608474
0.8541731296277968
0.854373166487018
0.8545726553000494
0.8543156019640257
0.8545146243657141
0.853998493194943
0.8541974053295548
0.8543957762066574
0.8541407094817389
0.8538167527733304
0.8536452839040883
0.8531062301408157
0.85330473523522
0.8535027045533911
0.8534305984825643
0.8534355947930089
0.8534405776725115
0.8534058738191208
0.8532002359185591
0.8529505256518229
0.8530298440690723
0.8531233648688158
0.853319200382324
0.8529227108419422
0.8525163886480734
0.8524466457680626
0.8522002532228352
0.8520648886490302
0.8517555195082005
0.8519513510544249
0.8519582000070481
0.8517522632137754
0.8518277088004558
0.85202241614763
0.8520853788560976
0.8519217973992387
0.8515920568267266
0.8513503242905697
0.8511165059393085
0.8510805384110497
0.8512744439599936
0.8503748262676375
0.8502324443383819
0.8503819706639861
0.8504580185116893
0.8503927429379355
0.8503511267560802
0.8505442220763949
0.8507368197283582
0.8503592653261085
0.849265255464533
0.8490713084410928
0.8484164954183286
0.8483644184519271
0.8475079859606447
0.8476353589645885
0.8472986684860774
0.8464520012002403
0.8462659122533531
0.8460747780676421
0.8452274270091271
0.8446945346005617
0.8446160442858354
0.8448122361491108
0.8446760821379053
0.8445718361426495
0.8447673432669984
0.8441946316408954
0.8443901214380837
0.844094764960309
0.8433328117096041
0.8434150093313306
0.843390183366828
0.8428729529992527
0.8425025689300812
0.8426984612572825
0.8420657095455759
0.841848092867066
0.8416681438219805
0.8418640990895276
0.8416475386044561
0.8414180202912629
0.841389368993964
0.8408388478464137
0.8404469097943126
0.8403972207159411
0.8402302534965069
0.8397622425649345
0.8398091049124532
0.8396993138306532
0.8397593743618599
0.8399547897589795
0.840022472582732
0.84021709244577
0.8402376583810034
0.8404315447179197
0.8404518008541924
0.8401261068718369
0.8394225181794384
0.8392138758466934
0.8394078277455514
0.8390768324408532
0.8392704824619833
0.8394636669782549
0.838700903431646
0.8387744035474354
0.8375652143842437
0.8374895015216426
0.8371862125381243
0.8369511872550037
0.8368705677097368
0.8366681849498757
0.8364779265214736
0.8365171759768352
0.8367108760052986
0.8367914097671407
0.8369843277224988
0.8365864713733576
0.8366481487525034
0.836840553759862
0.8367274951563102
0.8358617754205213
0.835760998688807
0.8351068565775398
0.835087038031409
0.8352183612864046
0.835192346425425
0.8350664192152117
0.8352031494403467
0.835061324814896
0.8349111167080663
0.834686492221718
0.8342737158263758
0.834465750918118
0.8339132938651375
0.8339845182514896
0.8341762220410375
0.8335985485823204
0.8337134504080704
0.8337231072696928
0.833636782651745
0.8334997550187185
0.8329843779018288
0.8326029524975884
0.8324675780831583
0.8323796786288411
0.8318860945208173
0.8319316005382336
0.8321230224055022
0.8323140087281352
0.8322030767608884
0.8310988477778435
0.8312577715871875
0.8309344647702953
0.8307748271518134
0.8306433495977884
0.8307591218455173
0.8309046633749706
0.8308963672539241
0.8305355892250643
0.8306088751331544
0.8307053524779229
0.830801613748011
0.8299351022682897
0.8300593942999321
0.8302490601545082
0.830169206898656
0.8296901766014414
0.8291717630163857
0.8288060166130342
0.8286260617296308
0.8288160550093098
0.8280827777243234
0.8282729516427699
0.8283327085372824
0.8282462485940845
0.8280681013152228
0.8277067928335982
0.8278963343156294
0.8278107339482496
0.8275349555098613
0.8271301291697556
0.82692962278141
0.8264776134604765
0.8259784553027707
0.8257412470024117
0.8249446241542499
0.8245240992294002
0.8244430066295858
0.8238713375600825
0.8236282633607773
0.8234580230172912
0.8231692949591105
0.8233606701810162
0.8231226311896579
0.823043665065263
0.822712581318977
0.8223432789684177
0.8224078749449603
0.8224793599061904
0.8225299354781399
0.8223278071583816
0.8225182382332387
0.8225392093520016
0.8227290069890584
0.8229183990756085
0.8228611017118467
0.8228722661378823
0.8227059129968054
0.8227265506033598
0.8227968612710383
0.8229186268110904
0.8228689987900659
0.8229184651233299
0.8231058529909243
0.8232928446896653
0.8228194625939002
0.8230063618949615
0.8231928673091923
0.8233789800804457
0.8235647014473433
0.8234611670970835
0.8233432761674024
0.8231291297762916
0.8225088576307344
0.8224531274127428
0.822250534206012
0.8222441594289263
0.82193557927256
0.8219399036238612
0.8216967146441462
0.8213969606095195
0.8214785837033829
0.821362607391818
0.82108059722657
0.8209207484371704
0.8208991137438537
0.8210152647971486
0.8211999755661918
0.8209271114049178
0.8209850577190797
0.8210222571012029
0.821206201338509
0.8209125720430954
0.8207543711145041
0.8206648003790726
0.8203447100080976
0.8205284066236312
0.8204198849767079
0.8206031299920378
0.8207260385961115
0.8209085986382743
0.8210907872459667
0.8212726055516111
0.8214540546830308
0.821635135763474
0.8218158499116366
0.8219961982416856
0.8221087737068945
0.8222731572535021
0.8223515899908851
0.8224776150221973
0.8226563888237862
0.8228348029195369
0.8230128583939896
0.8231905563273291
0.8232843137098158
0.8234613835357578
0.8236380988675539
0.8238144607686864
0.8239904702983879
0.8233444274862276
0.8234437626411985
0.8234950623798639
0.8236705146041384
0.8237553412123675
0.823930187104022
0.8241046864230467
0.8242392362384695
0.8244130846694898
0.8245865895265357
0.8247597518271018
0.8249325725846688
0.8250698663203347
0.8252420416487597
0.825413878382635
0.8255853775197837
0.8253104699318884
0.8254817341770533
0.8256526629388778
0.8258232572021471
0.8256676789122785
0.8258379253195908
0.8260078395387912
0.82617742254119
0.8263466752943145
0.826515598761927
0.8264191528226761
0.826587677917023
0.826755876095571
0.8268268490838505
0.8269944900818332
0.8271618068225665
0.8272901529029312
0.8273496111422999
0.8275161013919216
0.8276822708510815
0.8278267323591919
0.8279922835780773
0.827623841849803
0.8271294811570488
0.8265282064867161
0.8266943672084721
0.8266393781194982
0.8268051148516975
0.8260154251526988
0.826045126900781
0.8260202983718002
0.8258685330082715
0.8258439197513654
0.825831235417001
0.8256167708059687
0.8255111436176192
0.8250941114138819
0.8252597419901945
0.8254250591690117
0.8253766361909569
0.825156821230052
0.8237898903700519
0.8239558132604756
0.823773761491283
0.8232699356028902
0.8229051587701134
0.8229670572036207
0.8230392530262977
0.8232049466096064
0.8228600827255427
0.8230256340500982
0.823057489533845
0.823222547845847
0.8232460914624724
0.8229379551504102
0.8224049896107354
0.8222602513923859
0.8216252602024186
0.8217905750678473
0.8219555837946363
0.8220361900160019
0.8221346514194728
0.8222988853516802
0.8219660805326642
0.8214920954885717
0.8212618344166932
0.8211556895395309
0.8213200685013512
0.8214841455734344
0.8214644353481376
0.8213225492173571
0.821050101391892
0.8212138249953762
0.8210116185739911
0.8210920562822256
0.8209511572041092
0.8211143740161383
0.8212772935297847
0.8212579329351262
0.8214204257233669
0.8215826233385137
0.8217445265841231
0.8219061362608374
0.8220674531663982
0.8215140222728444
0.8216754019995417
0.8218364901639504
0.8216295913394276
0.8217904303012495
0.8219509794631403
0.8216202814209101
0.8217806948368985
0.8219408199987702
0.8213633476759025
0.8215234163607806
0.8216831984410307
0.8209482403028902
0.8210486738087261
0.8208257987173152
0.8205396026435263
0.8200311003238797
0.8198097267451662
0.8197158441718037
0.819876096754762
0.8200360646972533
0.8200182864677082
0.8201778447243858
0.8203371203269328
0.820319122875316
0.8204779919090249
0.8206365802553951
0.8207948886576409
0.8209529178563555
0.8205499957821529
0.8199534351721837
0.8196720337340375
0.8195375826206215
0.819696021968628
0.8198541833528661
0.819196086362409
0.8193127105883448
0.8194707922063776
0.8185384664308456
0.8186968098283754
0.8186536833762414
0.8188116505510008
0.8188726403145673
0.8188294734701466
0.8189868761865061
0.8191440056342609
0.8189291613721571
0.8190860685113494
0.8185340164897034
0.8186908583077762
0.8183824365489081
0.8182515342452996
0.817703297321535
0.8164191250203054
0.8165767051705026
0.816734015028847
0.8166768307828925
0.8168337855510579
0.81568168872594
0.8157734011378538
0.8156868075483895
0.815843937294725
0.8160007993583581
0.816157394422734
0.8163137231689732
0.8164697862758814
0.815932941854718
0.8160889308870445
0.8162446557550487
0.8161181092329772
0.8162735461651556
0.8164287205349485
0.816221969354268
0.816376925535251
0.8165316206274706
0.8166860552902422
0.8168402301806624
0.8169941459536199
0.8171478032618033
0.8169038166730548
0.8169810900112089
0.8164505777266713
0.8166040471432878
0.8167572601364846
0.8169102173483908
0.8170629194189927
0.8172153669861435
0.8170900141965353
0.8172421855657561
0.8173941039484944
0.8173796570183046
0.8169384409425337
0.8170902332800606
0.8171234168955228
0.8172748047954437
0.8174259422604598
0.8169017045358349
0.8170527757367129
0.8170387173890321
0.8171894268475255
0.816516842957116
0.8166677337112631
0.8168183764937518
0.8168514836207216
0.8169196940525338
0.8169058254508514
0.8169813251098523
0.8170401692700643
0.8171897684775294
0.8166719076310356
0.8167049181934433
0.8168543029381918
0.8169294141809872
0.8163080372614988
0.8164572590021475
0.816443900837373
0.8165927703419655
0.8165203878111154
0.8163219328990646
0.8161469151540007
0.8161608087822783
0.8161477548171876
0.8162064643684964
0.8163546849617477
0.8160997657957834
0.8162478336172038
0.816395663195951
0.8164319516190559
0.8165793958346229
0.8167266033821071
0.816292870796368
0.8157202762807093
0.8158678180931347
0.8160151238386602
0.8161007048132711
0.8162475892343468
0.8163942392030344
0.816540655280225
0.8165274754752209
0.8166735523259572
0.8167310028721488
0.8162278559255688
0.815726305004196
0.8149133189018859
0.815013210635815
0.8151594452519132
0.8153054488496605
0.8150924647112271
0.8152382908431582
0.8152713125660107
0.8154167682254075
0.8149208299105878
0.8150662181039023
0.8152113780582948
0.8153563103107981
0.8155010153967615
0.8156454938498572
0.8157897462020873
0.8159337729837901
0.8158822622236466
0.8160259919174611
0.8160134911437344
0.8161568945021571
0.8163000744908626
0.8164430316313366
0.8165857664434429
0.8167282794454294
0.8168705711539345
0.8170126420839935
0.8171544927490446
0.8170379258814363
0.817179537393912
0.8171662508220683
0.8173075442912938
0.8174486195466674
0.8173965758587456
0.8175373649290164
0.8176779370669756
0.8178182927736215
0.8179584325484109
0.8180983568892654
0.8182380662925762
0.8183775612532113
0.8184471267040071
0.818432990974732
0.8185720162496365
0.8187108287850231
0.8188494290688266
0.8189878175874906
0.8182469259257757
0.8180923052622534
0.818230848822602
0.8178829646995339
0.8180214567415875
0.818159738309413
0.8182978098824507
0.8184356719386856
0.8185304107972727
0.81866788775879
0.818805156579563
0.8189422177319234
0.8190790716867745
0.8192157189135972
0.8191634806351719
0.8192998581007562
0.8194360300238152
0.8195719968686768
0.8197077590982714
0.8198433171741374
0.8199786715564258
0.820113822703906
0.8202487710739705
0.8202920994168595
0.8204267120764724
0.8205611232201278
0.8199473901436729
0.8196335281181545
0.8197682304869983
0.8199027318075304
0.8198878900985016
0.8198565114753119
0.8198044962024338
0.8199212668049963
0.8200551543389702
0.8200173947660816
0.8200939051805662
0.8202273666752394
0.8203606303026113
0.8203629775481388
0.820390201737328
0.8205230492212502
0.8206557003304732
0.8207881555000962
0.8209204151639338
0.8209883525260996
0.8211202697313125
0.8212519926549271
0.8212608825303342
0.8213923083520032
0.8215235410424131
0.821507738148843
0.8215653260152049
0.8216397480071856
0.8217704148584624
0.8219008903966334
0.8220311750415517
0.822161269211843
0.8222911733249095
0.8224208877969351
0.8225504130428892
0.8225339768817792
0.8226632310865267
0.8227922971483269
0.8229211754776735
0.8229045176466577
0.8230331272925208
0.823161550277069
0.8232897870063822
0.8234178378853632
0.8235457033177416
0.823271389816386
0.8232958811159713
0.8228936923772073
0.8228410615523862
0.8229688818542965
0.8230965178443078
0.8231685498365503
0.8232958582959913
0.8232431274626848
0.8231838158978235
0.8233108390185866
0.8231750425379297
0.8233018897097102
0.8232237419137074
0.822992206281964
0.8231189119324422
0.8231262183855187
0.8232526471071874
0.8233788952163965
0.8234256546694104
0.8231631866878735
0.8232892286075542
0.8232056054767377
0.8233314377860069
0.8233924331425538
0.8235179538013012
0.8233592052545672
0.8233155896098904
0.8233620954959038
0.8231329232099394
0.8232581831793374
0.8233832658522465
0.8234360069539589
0.8233252159007524
0.8234084441879611
0.8235330677277014
0.8230770662227997
0.8228918006832062
0.8228991487005533
0.8229357878364881
0.822825971166657
0.8229503911307253
0.8229743858437163
0.8230985272281176
0.8232224946231925
0.8233462883944648
0.8234699089064351
0.8235933565225845
0.8237166316053779
0.8237621429582295
0.8238851282038971
0.8240079419220255
0.8241305844712088
0.8241535735190303
0.8240439792901839
0.8240669965904988
0.8239112863774406
0.8240335702063452
0.8241556843144602
0.8242776290548801
0.8243994047797207
0.8245210118401226
0.8246424505862541
0.8247637213673147
0.8248848245315391
0.8250057604261997
0.8251265293976101
0.8252471317911291
0.8253675679511627
0.8254878382211688
0.8253129866955029
0.8254331290705405
0.8255531063014198
0.8255355560910479
0.825655298331205
0.8257748763158888
0.8258942903828415
0.8260135408688807
0.8261326281099013
0.8262515524408794
0.8263703141958754
0.8264889137080367
0.8266073513096012
0.8267256273319002
0.8268437421053618
0.8269616959595134
0.8270794892229855
0.827197122223514
0.827314595287944
0.8274319087422322
0.8275490629114499
0.8276660581197868
0.827782894690553
0.8278995729461828
0.8280160932082368
0.8281324557974058
0.828248661033513
0.8282681841389923
0.8282490969113495
0.8283649882089802
0.8284807232135594
0.8285963022410435
0.8287117256065377
0.8288269936242991
0.8283850218586751
0.8285002770488304
0.8286153775340326
0.8287303236255591
0.8288451156338529
0.8289597538685255
0.8290742386383592
0.8291885702513101
0.8293027490145111
0.8293256839608182
0.8294396187512315
0.8295534015272481
0.8296670325928965
0.8297805122513956
0.8298938408051564
0.830007018555785
0.8301200458040856
0.830232922850063
0.8303456499929248
0.8304582275310848
0.830570655762165
0.8306829349829986
0.8307950654896323
0.8309070475773295
0.831018881540572
0.8311305676730634
0.8311912984229998
0.8313027233085292
0.8314140011955289
0.8315251323747012
0.831471426753901
0.8313629311909734
0.8314738766309793
0.83158467618612
0.8316709956912296
0.8317815203165144
0.8317606663005587
0.831820545813199
0.8319307551540815
0.8320408201474319
0.8321507410766547
0.8322605182244136
0.832370151872633
0.8324796423025006
0.8325889897944703
0.8326981946282638
0.8325899602554075
0.8326990221705506
0.8328079420779916
0.832916720254909
0.8330253569777601
0.833133852522284
0.8332422071635033
0.8333504211757269
0.8334418664112542
0.8335498107622514
0.8336576152889599
0.8337652802628829
0.8338728059548215
0.8339801926348765
0.8340874405724509
0.8341945500362518
0.8343015212942929
0.8344083546138968
0.8345150502616971
0.8344459953209444
0.8345525294294895
0.8346589265166732
0.8342290499251296
0.8343354497647155
0.8344417131067523
0.8345478402137351
0.8346538313474867
0.8347596867691592
0.8348654067392366
0.8349709915175363
0.8349965691587391
0.8351019353342444
0.8352071670283515
0.8353122644983589
0.8354172280009093
0.8355220577919916
0.8354739851899597
0.8355786455047244
0.835683172748523
0.8357055898826952
0.8358099037938808
0.8359140853270064
0.8360181347339012
0.8361220522657554
0.8362258381731236
0.8363294927059254
0.8364330161134486
0.8365364086443503
0.8366396705466596
0.8365323643573415
0.8366354985123211
0.8367385026116197
0.8368413769010894
0.8368508293412348
0.8369535034574455
0.8370560484238244
0.8371584644838974
0.8372607518805785
0.8373629108561713
0.8369379654917697
0.8370401987422451
0.8371423038808777
0.8370355564561976
0.8371375367087281
0.8372393894062212
0.8373411147878422
0.8374427130921597
0.8375441845571459
0.8376455294201794
0.8377467479180472
0.8378478402869456
0.837948806762483
0.8376347958891605
0.8377357692748015
0.8378366171497085
0.8379373397477521
0.8380379373022228
0.8381384100458318
0.8382387582107135
0.8383389820284268
0.8384390817299572
0.8385390575457183
0.8386389097055541
0.8387386384387397
0.8388382439739845
0.8389377265394327
0.8389959594862519
0.8389719175876783
0.8389831134838923
0.8390822618130278
0.8391812881134506
0.8392801926103057
0.8391740994781954
0.8392170459214465
0.8389826366489871
0.8390256478590743
0.8391243445801907
0.839222920349443
0.8392193137437993
0.8387640008805767
0.8386587425721891
0.83855361294144
0.8382293238117827
0.8383280849083566
0.838426725491085
0.8385252457804196
0.8386236459962756
0.8382039803837812
0.8383024563543328
0.8382159783375024
0.8383143272868413
0.8384125567356342
0.8383735652308688
0.8384716395238113
0.8383270236114256
0.838121976930449
0.837770639885748
0.8378688416775847
0.8379669246529764
0.8379439700431499
0.8378404792253997
0.8379384016413265
0.8379546517700068
0.8380523872031974
0.8381500048118755
0.8382475048089767
0.8377525815686949
0.8378501446585515
0.8378273981773864
0.8379247991394421
0.838022083173572
0.8381192504902045
0.8377120318176522
0.8378092684672521
0.8374719633986619
0.8375692273343898
0.8375467577008165
0.8376438606549703
0.8377408475960366
0.8377713837400921
0.8378397665376105
0.8376452454526011
0.8377420003718785
0.8376401091665746
0.8375383392603247
0.8376349851025257
0.8371369857059129
0.8370717068833144
0.8371558230931554
0.8372524665215867
0.8373489953077542
0.8374454096555267
0.8375417097682901
0.8376378958489483
0.8376682218803329
0.8377642193836562
0.8378601034147533
0.8379558741746973
0.8380515318640865
0.8377970941821709
0.8378272190611253
0.8379227834576715
0.8377237712177081
0.8378192840068679
0.8379146844280403
0.8378869260447308
0.8379821746193227
0.8380773113341674
0.8379375946021638
0.8379153438135408
0.8375110254104543
0.8376062152022467
0.8366304352913825
0.8362369455949578
0.8363326015846804
0.8363551744967733
0.8364506498908826
0.8361654339954485
0.8362609086842624
0.8363562721620235
0.8364515246229303
0.8363527550720541
0.8359181830568313
0.8360135240312317
0.8360855254690767
0.8361806586522054
0.8362756814720127
0.8363705941204348
0.8364653967889629
0.8360420023252141
0.8360110802727413
0.835962389548187
0.8360572089761938
0.8359593519326876
0.8358231167410404
0.8357255077104148
0.8356280112622927
0.8356142571957912
0.8355169371551638
0.8356116309161569
0.8356240194237672
0.8357185427018444
0.8358129573324755
0.8354373141529728
0.8355317818256749
0.8356261411017358
0.835720392167618
0.8358145352093557
0.8357523692254286
0.8358463861863757
0.8359402955764292
0.8359705692146868
0.8360643003179927
0.8354904065200651
0.835584251125587
0.8356779887247172
0.8356671560625759
0.8357607396866861
0.8355696408024021
0.8354735640253057
0.8355670980991969
0.8356605258843678
0.8357538475618895
0.8357209440035558
0.8354383280300032
0.8351536880103337
0.8350204564590531
0.8350623989577122
0.8346833690946378
0.8347768211188918
0.8348701675476382
0.8349634085597514
0.8350565443337018
0.834678803021037
0.8347719417235604
0.8348649755401575
0.8348044284111381
0.8344280322015697
0.834521050161007
0.8346139636645662
0.834706772888099
0.8347994780070624
0.8348207379816813
0.8347265340201604
0.8348190723549755
0.8349115071214249
0.8348919816700147
0.8349842723454367
0.8350764599027857
0.8351685445147885
0.835260526353787
0.8353524055917381
0.8354441824002153
0.8355358569504102
0.8356274294131327
0.8357188999588127
0.8358102687575008
0.8359015359788695
0.83547816040519
0.8355695106770361
0.8356607595612331
0.8357519072264792
0.8358429538410986
0.8359338995730426
0.8355620856277487
0.8356530358016272
0.8357438854225219
0.8358346346570951
0.8359252836716411
0.8360158326320872
0.8361062817039945
0.8361966310525589
0.8362868808426127
0.8363770312386244
0.8363169848412849
0.8364070195030884
0.836496955171311
0.836586792009129
0.8365850053761383
0.8365649257903117
0.8366545775040856
0.8367441309155417
0.8368335861862728
0.836922943477518
0.8370122029501631
0.8369190161141218
0.836550798610172
0.836640066333487
0.8366382613482248
0.8367273839552362
0.8368164093729269
0.8369053377601896
0.836570543034951
0.8366595084442952
0.8367483770468825
0.8368371490006363
0.8369258244631359
0.8370144035916187
0.8370390173470937
0.8371274389329065
0.8372157646167824
0.8373039945546594
0.837392128902138
0.8374801678144812
0.8375681114466161
0.837655959953135
0.8377437134882955
0.837831372206022
0.8379189362599064
0.8380064058032092
0.8380578227004747
0.8381451230655957
0.8382323293570475
0.8383194417268067
0.8384064603265232
0.8384671451311863
0.8385539907520835
0.8386192492202447
0.8387059198705022
0.8387924974765836
0.8388789821882379
0.838498367322756
0.8385849169651339
0.8386713738923085
0.8387577382531798
0.8388440101963296
0.8389301898700213
0.839016277422202
0.8391022730005021
0.839188176752237
0.8392739888244076
0.839226376030368
0.8393120762563645
0.8393976851661907
0.8392870255613994
0.8389260819171852
0.8389452599703925
0.8390308363466037
0.8389392993473048
0.8390247880419188
0.8391101860323474
0.8388327095146655
0.8389181187836031
0.8390034375766203
0.8388239757250711
0.8389092540447932
0.8389944421706288
0.839048449585226
0.839133474176042
0.8390424146155829
0.838951451160201
0.8390363923779435
0.8390934994041295
0.8388177860080704
0.8388930890074439
0.8387147242237558
0.8386561013952702
0.8387409299434325
0.8388256693391533
0.8385449561861847
0.838629709490024
0.8387143738607008
0.8387989494381205
0.8387524091082262
0.8387321092606054
0.8388165427112543
0.8389008877961778
0.8384718972481122
0.8385562901962584
0.8382028911459491
0.8382872923503591
0.8383716055451713
0.8382821292872878
0.8383663573449507
0.8384504977107263
0.8385345505214908
0.8381562752019847
0.8378049440069696
0.8378891574316804
0.8379732834527329
0.8380573222061288
0.8380836734589452
0.8381675679286557
0.8382513755061136
0.8378606311778668
0.8377720673059004
0.8378559493807163
0.8375069246396205
0.8374187262617305
0.837373618559841
0.8374574898241217
0.8375412746231815
0.8372242632618209
0.837308081869822
0.8373918142003058
0.8374754603864167
0.8375590205610253
0.8376424948567288
0.8377258834058522
0.8378091863404488
0.8376725108068871
0.83775575567314
0.8378389152038047
0.8379219895300323
0.837576112365723
0.837556891847889
0.8373646533865856
0.8374477578048858
0.8372754147212265
0.8373147257470379
0.8369707025693255
0.8370349188080582
0.837117937188696
0.8370735797868688
0.8371564939956286
0.8371006019474482
0.8371834181132095
0.8370967734224338
0.8371795074125697
0.8372433568823923
0.8373259325511481
0.8373950797509326
0.8374774948144141
0.8375598263773247
0.8376420745665007
0.8374880721670913
0.8375702734457119
0.8376523916087828
0.8377344267823004
0.8376480289236561
0.8377299834774554
0.8378118553324113
0.8378936446136355
0.837919347861758
0.8380010005832383
0.8380825710763988
0.8381640594653891
0.8382454658741086
0.8383267904262082
0.8383623502848336
0.8384435344383823
0.8385246370817364
0.838605658337591
0.8386865983283947
0.8387674571763504
0.8388482350034163
0.8388834091016074
0.8388639479358909
0.838944556266088
0.839025083987955
0.8391055312223438
0.8391858980898651
0.8392661847108887
0.8393463912055439
0.8392602666546517
0.8393403961328897
0.8394204457611244
0.8394672151274453
0.8395471219392285
0.8396269492417463
0.8397066971536102
0.8397863657931959
0.8398328372127389
0.8399123641058805
0.8396940453147611
0.8396318388013538
0.8397113470617399
0.8396633519159498
0.8397427658080171
0.8394920680691682
0.8393735663036713
0.8394530056872996
0.8395323665347108
0.8393646133891897
0.8394439395060345
0.839317527558269
0.8393967986349546
0.8392294432115646
0.8392265372924526
0.8391415324300754
0.8392207340389232
0.8392998576934316
0.8393789035086341
0.8394578715993378
0.8395367620801244
0.8396155750653502
0.8396943106691473
0.8397729690054235
0.8398515501878632
0.839930054329928
0.840008481544857
0.8400541842146848
0.8401324738944623
0.8402106869698563
0.8402888235532452
0.8403668837567871
0.8404448676924213
0.8405227754718684
0.8406006072066308
0.8406783630079934
0.8407560429870241
0.8408336472545743
0.8408737073012486
0.8409511787193102
0.8409069202381817
0.8409843001407895
0.840769917885009
0.8404099713748607
0.840426770805956
0.8405042335385744
0.8401739675506612
0.8401544939842285
0.8402319385123369
0.8403093080336383
0.840386602657049
0.8400574086506108
0.8401347129480248
0.8398062390581668
0.8394783989818926
0.839555796089423
0.8396331185973317
0.8397103666134216
0.839787540245288
0.8398646396003192
0.8394606643046961
0.8395378466776265
0.8396149548723995
0.8396919889958998
0.8397689491548072
0.8398458354555965
0.8398027439278002
0.8398795403113438
0.8399562630998866
0.8400329123991682
0.8397075220523748
0.8397841803392938
0.8394021601000781
0.8393196694155349
0.8393963664707065
0.8394729903416651
0.8386727301030172
0.8387495892120678
0.8388263751219668
0.8385039903692342
0.8385807835264527
0.8384538100416155
0.8385305540748498
0.8386072252267611
0.8386838236011195
0.8382859659997907
0.8383626440623797
0.8384392494443407
0.8385157822489621
0.8385922425793365
0.8382719093318632
0.8383483765142122
0.8384247714213416
0.8385010941556725
0.8385773448194329
0.8385186890239946
0.8385948594537003
0.8386709580583898
0.8387469849396063
0.8385089191592925
0.838302464865903
0.8383785578236131
0.8384545791981082
0.8385305290903516
0.8386064076011175
0.8386822148309901
0.8387579508803652
0.83883361584945
0.8389092098382636
0.8389847329466376
0.8389039840870874
0.8389794388954777
0.8388987681219623
0.8389741547536319
0.8390494708645985
0.8389688804933044
0.8390441286799898
0.8390258922817273
0.8391010435925201
0.8391761247667654
0.8392511359026017
0.8393260770979851
0.8393343794186026
0.8394092120318216
0.8392977552291997
0.8393725352407263
0.8394472456894516
0.8395218866723947
0.8395964582863945
0.839309707596165
0.8393327248576751
0.8394072804377875
0.8393890024784008
0.8394634628388651
0.8394451757847229
0.8395195411502695
0.8395938376589963
0.8396680654064933
0.839433868028106
0.8393721243780428
0.8392923159410227
0.8391565941070798
0.8392308523738816
0.839305042105135
0.839379163395677
0.8394532163401695
0.8395272010331003
0.8396011175687829
0.8396749660413572
0.8397487465447895
0.8398224591728738
0.8398961040192311
0.8399696811773105
0.8400431907403894
0.8399635871939827
0.8400370320828335
0.8399019025018114
0.8399753083236813
0.840048646862488
0.8401219182106958
0.8401951224605994
0.8401157044030277
0.8401619353116212
0.8402350208464582
0.8403080395755045
0.840380991590317
0.8404538769822849
0.8401489750727099
0.8402218998103592
0.8402947580411798
0.8401649771831645
0.8402377949612132
0.8403105464207027
0.8403832316521908
0.8404558507460705
0.8405284037925708
0.8406008908817559
0.840673312103527
0.8407456675476217
0.8408179573036146
0.8408901814609179
0.8409623401087815
0.8410344333362934
0.8411064612323802
0.8410274577022328
0.8410994235430194
0.8411713242563483
0.8412216225956177
0.8412934030555654
0.8413303590067726
0.8414020255112862
0.8413231382160968
0.8413600307182904
0.8414315868614034
0.8414716233678408
0.8415430647272965
0.8416144417251671
0.8414356168727218
0.84150697798124
0.8415782748872314
0.8415210390236515
0.8412177336877608
0.8411393190125492
0.8412106529510258
0.8412819228554463
0.841353128811994
0.841424270906697
0.8414953492254301
0.8415663638539133
0.8415253578692049
0.84159629548878
0.8415409721878672
0.8416118393738297
0.8415465914232437
0.8416173927675586
0.8416243268740237
0.8416950302995264
0.8417656706251402
0.8416132327702672
0.8416838465764329
0.8417543974469426
0.8418248854658972
0.8418610617960891
0.8419314396057036
0.8420017548016085
0.8420720074673259
0.8421125680565997
0.8421827090747888
0.8422527878007768
0.8422734873574071
0.842343463627435
0.8424007075776793
0.8423228112829493
0.8423926726869001
0.8424624722118395
0.842532209939944
0.8426018859532449
0.8426715003336283
0.8427410531628353
0.842810544522463
0.8428168750492387
0.8428862715723958
0.8429556068453118
0.8427602139883003
0.8428295436999456
0.8428854570653035
0.8429546705203408
0.8430238230212125
0.8430929146484039
0.8431619454822585
0.8432309156029787
0.8432998250906257
0.8432222182547628
0.8432910710355029
0.8433598633660405
0.8432092008546908
0.8428205912967296
0.8428894692146539
0.8429582867927465
0.8429394784360071
0.8429745495277536
0.8430432395760792
0.8431118695544019
0.8431804395414848
0.8432004082830084
0.8432688797204393
0.8433372913835906
0.8434056433507007
0.8434739356998718
0.8435260233316343
0.8435942037136249
0.8436623247050388
0.8435230766419585
0.843591169297902
0.8436592027170852
0.8437271769767734
0.8437081734231111
0.84363126573121
0.8436991635750088
0.8437670024797073
0.8438347825220154
0.8439025037785106
0.8438834736511683
0.843951115127056
0.8438965450113444
0.8439076569907296
0.8439752001941088
0.8440266654894241
0.8440940988376776
0.8437968253181635
0.8438642705576633
0.8439316575794339
0.8438551843305501
0.843922517153176
0.8439897919302651
0.8440570087368441
0.8441241676478102
0.8441912687379316
0.8442583120818482
0.8441819285784439
0.8442489182910068
0.8443158504275384
0.8442395406406996
0.8443064193265559
0.8443732406058149
0.8444400045523589
0.8445067112399437
0.8445733607421984
0.8446399531326259
0.8446049409890736
0.8446714628465268
0.8447379277747056
0.8448043358466581
0.8448706871353086
0.8449369817134559
0.844789635715287
0.8444953210454489
0.8445616626320336
0.8445061078566194
0.8445723882880531
0.8446386122385056
0.8447047797801417
0.8446289866285395
0.8446951019533785
0.8446940003630784
0.8447600318255091
0.8448260071625998
0.8447285384320229
0.8446246197320517
0.8446905685352214
0.8447564613784394
0.8448222983329015
0.8447659363610688
0.844473885589056
0.8445397306840648
0.8444958039003394
0.8445615840171328
0.8446273085059205
0.8446929774372366
0.844674095739967
0.8447012987861456
0.8447668533244377
0.8447720752669771
0.844837544657417
0.84490295884601
0.8449683179025435
0.8450336218966873
0.845098870897994
0.8451640649758989
0.8448737671920672
0.8449389736791659
0.8450041253708974
0.8447066327771595
0.8447718273058005
0.8447629131574408
0.8448280293851432
0.8448930910080426
0.8449580980947953
0.8447933116704681
0.8448583060960667
0.8449232461102584
0.8449881317813419
0.8449388990734755
0.8449541235856536
0.8450189150091447
0.8447944678047518
0.8448592717847916
0.8449240216713588
0.8449887175321551
0.8450533594347689
0.845117947446676
0.8450645571069381
0.8451290866541655
0.8451935624715451
0.8452579846261553
0.8453223531849631
0.8452480680762238
0.8453123872499244
0.8453766529801903
0.8454408653336039
0.8454672871035321
0.8455314085611656
0.8455954768280419
0.8456594919703189
0.8457234540540444
0.845787363145157
0.8458135757935817
0.8458773946777732
0.845903548386674
0.8459672772748515
0.8459718971921182
0.8460355451684851
0.8460991405649458
0.8461626834466284
0.846226173878553
0.8462896119256328
0.846284269130337
0.8463476309320146
0.8462735967481392
0.8462192360057742
0.8461702666732368
0.8460963968789954
0.8461597056421056
0.8462229623420883
0.8462861670431396
0.8463177162444683
0.8463808301187006
0.8463070558315691
0.8463701222838336
0.8464331369998779
0.8464961000433384
0.8465077819695501
0.8465706628454331
0.8466334922218274
0.8466962701619739
0.8467180801987326
0.8466692272936504
0.846731913627545
0.8467945487261851
0.8468571326523591
0.8466430548706151
0.8465015679094434
0.8462389799791354
0.8461269039560724
0.8461896324909456
0.8460365756868719
0.8458956239248813
0.8459583700063451
0.8459500014493204
0.8457685734584948
0.8456957381974977
0.8457584635071735
0.8455953940154779
0.8454550222063734
0.8454240744788153
0.8454868082148222
0.8455494910512463
0.845612123050009
0.8456354767927742
0.8456980231960185
0.8457155164587535
0.8456430270458821
0.8451514835273136
0.845214099182984
0.8449879472777824
0.844727346086963
0.844634719782156
0.8444405339298565
0.8444584711191054
0.8445212147773874
0.8445839078359448
0.8445121959289842
0.8444597275640997
0.8445223696391847
0.8445849612778162
0.8446475025408835
0.8444226701930048
0.8441458030947788
0.8442084202891964
0.8440300233332569
0.843958821664583
0.844021438509822
0.8439235558630069
0.8439594058138772
0.8440219471341923
0.8439508913327228
0.8438593549787189
0.8438951732246575
0.8439576401421346
0.8438867237527443
0.8438691760823115
0.8435796134018474
0.8436420816073579
0.8437044999380535
0.8437668684536409
0.8438118444690684
0.8437644713253407
0.8438267413646691
0.843888961786436
0.8439511326499222
0.8440132540143132
0.843942682352018
0.8440047576573672
0.8440667835986565
0.844128760234746
0.8441906876244025
0.8439808380557209
0.8440427749997241
0.8441046627874227
0.8441665014773126
0.8441842343827097
0.8442459925141474
0.8443077017088724
0.8443253576245872
0.8441890451314658
0.8442507036019322
0.8443123132919631
0.8443738742594237
0.8444353865620879
0.8444968502576383
0.8445582654036661
0.8446196320576718
0.8445724262044525
0.8446337388568372
0.8446687150376245
0.8447299414014252
0.8447911195175003
0.8448522494428578
0.8449133312344157
0.8448431829996389
0.8449042202997964
0.8449652095957855
0.8450261509442147
0.8450589781652864
0.8451198348117258
0.8451152072100461
0.8451759940204032
0.8452367331361269
0.8452974246133285
0.8453580685080312
0.8454186648761707
0.8454792137735948
0.8454614067204337
0.8453914283485926
0.8454519168351542
0.8455123580096419
0.8455727519275427
0.8456330986442572
0.8456933982150993
0.8457536506952964
0.8458138561399899
0.845874014604235
0.8458041209427928
0.8457933520138412
0.8458534481354258
0.8459134974349446
0.845973499967096
0.8460334557864938
0.8460933649476664
0.8461532275050574
0.846213043513026
0.8462728130258463
0.8463325360977089
0.8463922127827195
0.8464518431349001
0.8465114272081888
0.8465451052167712
0.8465076701236278
0.8465671632747427
0.8466266103250043
0.8466860113279768
0.8467453663371414
0.8468046754058963
0.8468639385875575
0.846923155935358
0.8469823275024492
0.8470414533418995
0.847100533506696
0.8471595680497437
0.8472185570238657
0.8472775004818041
0.8473363984762191
0.84739525105969
0.8473256061331417
0.8473844175329363
0.8474431836409329
0.8475019045094313
0.8475349292992828
0.8475935697110908
0.8476521650322322
0.8477107153146949
0.8477692206103865
0.8478276809711351
0.8478860964486894
0.8479444670947184
0.8480027929608116
0.8480428152612027
0.8481010587202824
0.8480315436275414
0.848089746789691
0.8481479053858665
0.8482060194672343
0.8481684502172468
0.8482265119953665
0.8482845293837474
0.8483272177561648
0.8483851523559524
0.8482998582924335
0.8483577591098791
0.848415615745091
0.8484734282486206
0.8484041157203773
0.8484618885421302
0.8485196173464952
0.8485773021837585
0.8482542807516368
0.8483120226539382
0.8482429297075756
0.8481105179472305
0.8481682486511655
0.8482259354867843
0.84828357850407
0.8483411777529295
0.848398733283194
0.8484562451446193
0.8485137133868852
0.8485711380595967
0.8484769466469179
0.8485343417428849
0.8485916933741826
0.8486490015901651
0.848706266440112
0.8484425944049967
0.8484998723360605
0.8485571069895037
0.8486142984143565
0.8485456130116582
0.8486027656105217
0.8486598750916192
0.8487169415037265
0.8487739648955457
0.8488309453157056
0.848834075979294
0.8488909908603258
0.8489060446420452
0.8489628896214876
0.8490196918442701
0.8490012633886895
0.8490359026999258
0.8489673943467952
0.8490241095573298
0.8490807821888773
0.8491374122893692
0.8491761382984058
0.849232690177559
0.8492891996639992
0.8493456668053765
0.8494020916492696
0.849458474243186
0.849514814634562
0.8495711128707631
0.8496273689990836
0.8496835830667476
0.8496982337789382
0.8494370700494542
0.8494593372532772
0.8494408822766901
0.8494970400975493
0.8494288706816541
0.849484991117479
0.8495410697347974
0.8495809135595257
0.84963691470861
0.8496928741746657
0.8497074560253777
0.8497633476371199
0.8496333240878123
0.8496892017079953
0.8496919705250215
0.8497477848694237
0.8498035577777869
0.8495809961608007
0.8495838010053786
0.8496395726772342
0.8495717546987276
0.8495863219955746
0.8495891207122958
0.8494861364289622
0.8494801583375131
0.8494618526925493
0.8493942509225693
0.8494499277244463
0.849452770639974
0.8495083846885001
0.8494408655902645
0.8494964429746904
0.8495519793425964
0.849284715609899
0.8492173785712032
0.8492446028780611
0.8489873324523683
0.8490429335818042
0.849098493782915
0.849125711748071
0.8491812006367256
0.8492366487247269
0.8491287174152197
0.8491841440436491
0.8491171159579431
0.8490093473968557
0.849064756810655
0.8489030174520693
0.8489584252197804
0.8490137923659608
0.849069118935266
0.849124404972286
0.8491273410587636
0.8491825653116705
0.8490548000115198
0.8488905517306086
0.8489458019859173
0.8490010118536124
0.8490561813779626
0.8488788914518335
0.8488819085988546
0.8489370611869572
0.8489921735323834
0.8490472456791622
0.8491022776712588
0.849157269552574
0.8490300720044673
0.8489636614417078
0.8490186437273132
0.8490735859966992
0.8491284882935356
0.8491833506614289
0.849238173143922
0.849227286129129
0.8491609727911477
0.8492157436797493
0.8492704748072702
0.8493251662169918
0.849162190095767
0.8492168811073348
0.8492715324733706
0.8493261442369673
0.8492599872367607
0.8489525071544881
0.8488520641810078
0.8489067486729829
0.8489613936101716
0.8490159990354753
0.8490705649917327
0.8491250915217213
0.8491795786681562
0.8492340264736912
0.8492884349809183
0.8493428042323682
0.8493971342705101
0.8494514251377522
0.8495056768764413
0.8495598895288633
0.8496140631372433
0.8496282009434893
0.8496823109827324
0.8497363820938897
0.8497904143189547
0.8498044684075852
0.8498584373373704
0.8499123674963728
0.8499662589263561
0.8500201116690244
0.8497690212015431
0.8498228867371467
0.8495722074919032
0.8495544524032601
0.8496083176190126
0.8496621442769872
0.8497159324185697
0.8496871465948258
0.8496481954307736
0.8493983574919164
0.8494164295070978
0.8494701901534716
0.849523912426793
0.8495181362658607
0.849571803121686
0.8496254317123735
0.8496790220788337
0.8497325742619193
0.8497860883024243
0.8498395642410849
0.8498930021185792
0.8499464019755274
0.849999763852492
0.8500530877899778
0.850106373828432
0.8501596220082442
0.850212832369747
0.8501772580593566
0.8502304243978736
0.8502835530163915
0.8503366439550382
0.8500352130284323
0.8500883543420296
0.850141458006804
0.8501945240627505
0.8501698491179065
0.8502228675718634
0.8501579378934391
0.8502109230639152
0.8501336406405516
0.8501865969512794
0.8502395158502722
0.8502923973771612
0.8503452415715216
0.8503980484728725
0.8504508181206775
0.8505035505543443
0.8505562458132254
0.8506089039366176
0.8506615249637621
0.850655423487836
0.8507079910966048
0.8507605217119825
0.8508130153730054
0.8508654721186547
0.8509178919878573
0.850970275019485
0.8510226212523548
0.8510448344170435
0.8509801176154462
0.8510324052934759
0.8507703441565424
0.8508226687203024
0.8508749566036812
0.8509272078452356
0.8509664497909861
0.8510186324066056
0.8510707784925675
0.8511228880872167
0.8511070948942006
0.8511203053116811
0.8511723429540049
0.8511544630298421
0.8512064523895942
0.8512584054439275
0.8511939755176526
0.8512458966706472
0.8512590264202872
0.8512237199257194
0.8511730606831316
0.8512249167595486
0.8512767367119137
0.8512588826949529
0.8511366206404123
0.8511188278009412
0.8511706125564886
0.8512223613003841
0.851274074070179
0.851256258200106
0.8513079232719364
0.8513595524652448
0.8512665201087256
0.8512487315868281
0.850986818688655
0.8509537287915908
0.8510053912772783
0.8509415178453272
0.8509238727057896
0.85097549186344
0.8509956079649379
0.8507011458168532
0.8506374880931761
0.8506891348815256
0.8507407459652168
0.8506442317376643
0.850695822676615
0.8505555425045735
0.8506071284408854
0.850564569986376
0.8506161172199094
0.8506676289036267
0.8507191050742907
0.8507705457686139
0.8507071272777071
0.8506437524634471
0.8505804212807287
0.8506318388921256
0.8506832211284888
0.8507345680263125
0.8507858796220409
0.8506653346462257
0.8507166347717338
0.8506534307991701
0.850704699789627
0.8507559335920327
0.8508071322426015
0.8507439839347908
0.8506554850004946
0.8507066654374374
0.8507578108072773
0.850808921146042
0.8508599964897099
0.8509110368742103
0.8509620423354234
0.8510130129091801
0.8509707085380223
0.851021641310224
0.8510345785318086
0.8510171486894139
0.8509542089550258
0.8509653921363491
0.8509821217876161
0.850996663022094
0.8509975705821223
0.8510483553228919
0.8510991054573646
0.8511498210209009
0.8512005020488134
0.8511376927106983
0.8511883433766694
0.851170932375521
0.8510192466763588
0.8510273978501601
0.8510780171509246
0.8511286020635771
0.8509810767883998
0.8510316602653896
0.8509973773810103
0.8510102306752803
0.8510607528079777
0.8510434440782123
0.851093920715258
0.8510610631407122
0.851067329362944
0.851045205786895
0.8510956135006728
0.8511459871090961
0.8511963266467664
0.8510212546409133
0.851071602307476
0.8511219159553451
0.8511721956189874
0.8510964675555245
0.8511092223382897
0.8510751099150986
0.8510578839083819
0.8511081004006582
0.851158283042923
0.851208431869391
0.8512585469142312
0.8513086282115665
0.8513586757954738
0.851408689699984
0.8514586699590825
0.851508616606709
0.851558529676757
0.8516084092030753
0.8516582552194667
0.8517080677596885
0.8517578468574529
0.8514720220766283
0.8515218469601987
0.8515716384266775
0.8516213965096723
0.8516711212427455
0.8517208126594146
0.8516588387324243
0.8517085009892932
0.8516465726645533
0.851696205795144
0.8517458057263162
0.8517953724913693
0.8517334979239144
0.8517830356793692
0.8518021765856523
0.8518516583296971
0.8519011070418702
0.8519505227552362
0.8519999055028162
0.8520492553175868
0.8519504240843329
0.8519997574985
0.8520345749474114
0.8520838474832264
0.8520498648442507
0.8520990994982127
0.8521368300843342
0.8521860030706713
0.8522095705307798
0.852181993660956
0.8522311026331617
0.8519480634094376
0.8519972174388502
0.8520242124988882
0.8520733086460351
0.8521049156484918
0.8521539524801732
0.85220295680484
0.8522264405577468
0.8521779661994768
0.8522269138927883
0.8520515923870845
0.8520834336411155
0.8520323555679972
0.8520340455486767
0.8520829599137845
0.8521174737205316
0.8521080293657395
0.8521568708355659
0.852205680056155
0.8522214537591067
0.8522702094655538
0.8522089945767678
0.8521478200538828
0.8521141523478664
0.8521628791510466
0.8522115738548836
0.8522602364910855
0.8523088670913188
0.8522916545651289
0.8523402428366535
0.8523887991527217
0.8523335137244388
0.8523820403383972
0.8524305350689036
0.8524789979473704
0.8525274290051683
0.8525758282736273
0.8526241957840363
0.8526725315676427
0.8526314168777099
0.8526797186093134
0.852727988688406
0.8527762271460908
0.85282443401343
0.8528726093214453
0.8528116780574875
0.8528194963926885
0.8528112448264701
0.8528593614512407
0.852907446627237
0.8529555003852811
0.8528946614454644
0.8529426880006569
0.852925409055487
0.8529733942401345
0.8527573155696309
0.8528053242701299
0.8528533016742139
0.8528307961291209
0.852797300755789
0.852798715785547
0.8527381259258077
0.8527860471344229
0.852725500816769
0.8524961604391248
0.8525440979885434
0.8525198074361682
0.852567706167108
0.8525406487200509
0.8525625439979736
0.8525424710357479
0.8523875756510461
0.8524354396018726
0.8523752228197218
0.8522984274187383
0.8520223346336981
0.85207025486212
0.8521181440641716
0.8521660022699762
0.8522138295096171
0.8521807719968391
0.8522285635351524
0.8522763241804222
0.852300975264232
0.8523486816675704
0.8523963572627697
0.8523825184804137
0.8522150292306083
0.8522333762886278
0.8522066098884157
0.8521467968828639
0.8521944453530917
0.8522420631219857
0.8521822964886667
0.852229887507183
0.8521701632648783
0.8522177275624121
0.8521366025294231
0.8520483842577987
0.8520959418327722
0.8521434688437514
0.8521909653201909
0.8522384312915074
0.8522402127936237
0.8522876324942676
0.8521608616327497
0.8520533715561264
0.8521008055504976
0.8521482091384621
0.8521955823492476
0.8521454403222021
0.8521927840813048
0.8522400975307026
0.8522873806994928
0.8523346336167354
0.8523084606617185
0.8522573095209403
0.8523045267438483
0.852238953036751
0.852286145961364
0.8523333087500098
0.8523485231423653
0.8523086138265167
0.8522450580404443
0.8522505810504414
0.8521806610030569
0.8521640323666634
0.8521049379526143
0.852152038290846
0.8521991086384133
0.8522153488350439
0.8522623690867668
0.8522509391126972
0.8522979181463657
0.8523448673141513
0.852328234054757
0.8523398479857716
0.8523413732347893
0.852388248989318
0.8524350949909081
0.852481911267878
0.8525286978485098
0.8525754547610499
0.8526221820337089
0.8526688796946614
0.8526291596590511
0.8526523695280399
0.8526990132857075
0.8527456275220096
0.8527922122649637
0.8528387675425523
0.8528852933827221
0.8527737620004899
0.8528202789793208
0.8528667665728207
0.8529132248088255
0.8529596537151358
0.8530060533195173
0.8530524236497004
0.8530987647333806
0.8531225581330775
0.8531688479035997
0.8532151085060244
0.8532613399679123
0.853307542316789
0.8532678713016665
0.8533140425190039
0.8533601846887053
0.8534062978381742
0.8534523819947797
0.8534984371858562
0.8535444634387038
0.8535904607805886
0.8535841006149851
0.8536300566411574
0.8536759838276522
0.8537218822016085
0.853767751790131
0.8538135926202908
0.8538594047191249
0.8539051881136365
0.8539509428307948
0.8539966688975353
0.8540423663407598
0.8540880351873366
0.8541336754641
0.8541792871978511
0.8542248704153572
0.8542357029211302
0.8542812400336196
0.8543267487031906
0.8543722289564835
0.8544176808201049
0.8544631043206291
0.8545084994845965
0.8545538663385146
0.854599204908858
0.8546445152220681
0.8546897973045534
0.8547350511826897
0.8547802768828195
0.8548254744312531
0.8548706438542677
0.8549157851781077
0.8549608984289851
0.8550059836330794
0.8550510408165372
0.8550960700054726
0.8551410712259678
0.8551860445040722
0.8552309898658027
0.8552759073371444
0.8553207969440497
0.8553656587124392
0.855410492668201
