0.1724137931034483
0.3876698014629049
0.5407523510971787
0.4941403424162045
0.4395613964579482
0.4967669112496699
0.5085346837070975
0.554594932525967
0.5991354392733703
0.5499539934197659
0.5529750686807624
0.5509243548956025
0.55919166287925
0.5352455520206333
0.5526976823949094
0.5428104884078785
0.5496913872000334
0.5611519384245114
0.5605136963419955
0.5814416155638052
0.5686488148563597
0.587403214210431
0.5976503025072185
0.6137442904069298
0.6155825277581426
0.6298202119152484
0.6269694900611323
0.6089796165381532
0.577134777754054
0.5903493159492398
0.5870703323490464
0.5835290480642704
0.5775710752624341
0.5710760453940332
0.5703835724226958
0.5581730304832406
0.5524079100434994
0.5463563329820671
0.5496602805146553
0.5603826547881159
0.5589784070023458
0.5657548717782664
0.5754047635165273
0.5749732589956366
0.5727523010445403
0.5709695340890184
0.5610177748899228
0.5562839058786108
0.5436640621496328
0.5504312259818787
0.5471832922693877
0.546935971574101
0.5548844633008712
0.5625588691060285
0.5635276731865899
0.5708022119668134
0.5778382412788329
0.5788408502904646
0.5710534605099437
0.5777557501894758
0.5727133540327146
0.5721737952367376
0.5785592609794729
0.5847569189062453
0.5814581643879353
0.5757490217797959
0.5676925013335317
0.5688200013152641
0.574646758054247
0.5704415914036473
0.563462096779915
0.5671334182003557
0.5671884842673841
0.5642282924834088
0.5593238763273661
0.5630006538682981
0.5594745336947649
0.5538061860714145
0.5578488885580555
0.5629901805515665
0.5680132819245369
0.5678717168521622
0.570386266850078
0.5641420123444608
0.5579426495714448
0.5627476207717552
0.5655517260512493
0.5621947927953849
0.5668032686606966
0.5647570926368392
0.5682776380735728
0.5637020888792985
0.5681091384865784
0.5689543628911863
0.572122031465421
0.5714149527255639
0.5698928089742619
0.5666320053376751
0.5675847163979512
0.5658585906264175
0.5659809156525356
0.5699996108779751
0.5708864646008072
0.5658986078519109
0.5653049267000919
0.567400418425984
0.5659189987938956
0.5697267268746509
0.5684339086546882
0.565257754269734
0.5689734999597363
0.5726262669092301
0.5762176428175558
0.5797491624607429
0.5832223098784227
0.5866385204531898
0.5899991828885297
0.5933056410910416
0.5965591959623132
0.5997611071054695
0.6029125944510957
0.6060148398069465
0.6037976705061174
0.6068453807329934
0.6098465610327416
0.6128022689037056
0.6122958950431856
0.6151892092592812
0.6180396595610643
0.6188974111639317
0.6216791818853629
0.6244206370890921
0.6271226468942066
0.6297860565592479
0.6324116873637923
0.6350003374527796
0.6375527826454176
0.6400697772103799
0.6389009389902678
0.6351153633571271
0.6360858559722335
0.6358420326210698
0.6363685002832485
0.6325182004774387
0.6286778917255839
0.6311208003326524
0.6310807951017201
0.6334763743543063
0.6352266035827424
0.635962330482853
0.6354944175498412
0.6378014149071207
0.6400793934297174
0.6392883566802412
0.6401485394199774
0.6414880105170322
0.6424967170353066
0.6446766151021646
0.646117077684433
0.6430280189835229
0.6403588626516732
0.6407989034352091
0.6422668915148166
0.6404967695285304
0.6392574400492491
0.6401919898164047
0.6397027618727004
0.6378379034211581
0.6360694480242098
0.638137235251345
0.6356875641739106
0.6377342632515852
0.6397580941831407
0.6417594381043454
0.6418970471019273
0.6391884708552836
0.6411601185555279
0.6380936128944821
0.6395093230950524
0.6398942789446012
0.6418199779876781
0.6426613610834884
0.6437961838139612
0.6456709407412561
0.6475260667059616
0.6491014517752014
0.6501224486372669
0.6519259411700645
0.6537109363435514
0.6537770370084652
0.6531656476497082
0.6523920837726894
0.6519054680530053
0.6536459407127403
0.6536950012515065
0.654826971251135
0.6546116221864058
0.6528898533841041
0.6545830736114987
0.6562598548075594
0.6555049762819191
0.6534847317692515
0.6514436122694106
0.6499288014173341
0.6505347207365779
0.6521831418651789
0.6538160848611171
0.655158890401898
0.6547239366587099
0.6556713952852898
0.6555144838859182
0.6570946926754323
0.6580712819414599
0.6573527761144533
0.6589032160415372
0.6600643126659747
0.659407134194439
0.6609276380596424
0.6624346263349329
0.6639282784307959
0.6648213990838174
0.6662914806667832
0.6677487231092863
0.6691932938783763
0.6706253575412405
0.6720450758277007
0.6717358694936763
0.6728334573529828
0.6742256554067999
0.6713687670364321
0.6727553967113838
0.6735574175808166
0.6730636859405434
0.6744259205824579
0.6757768503725722
0.6771166154536773
0.677323019206019
0.6786454658486173
0.6771930636872464
0.6784999743605774
0.6797963454317041
0.6810823038837855
0.6807579746682504
0.67918409542939
0.6804571744157812
0.6817201895366676
0.6805504855802845
0.6818032287740874
0.6830461849116886
0.6842794682388804
0.6855031912302026
0.6867174646231362
0.6879223974515087
0.6888081118334289
0.6899958671317746
0.6903598154914039
0.6907751192206032
0.6904325716009028
0.6909697925096714
0.691893126620122
0.6930427791327335
0.6941838840430208
0.6953165363243429
0.6964408295482383
0.6974036696356836
0.6985120811022195
0.6996124019741092
0.699492599300264
0.6976828435056978
0.6987742411825725
0.6998577870775992
0.7009335656185397
0.7020016600270449
0.7030621523401159
0.7021204425800446
0.7025305534478954
0.7035779810766
0.7046180583359803
0.7056508623278125
0.7066764690792836
0.7076949535616471
0.7087063897084926
0.7097108504336358
0.7103811289708464
0.7113729744195764
0.7109413453614117
0.7104668121167422
0.71077031444855
0.7108260658432262
0.7117997154531817
0.7127668305019965
0.7137274765538293
0.7146817182986499
0.7156296195667606
0.7165712433430297
0.7175066517808414
0.7184359062157729
0.7169745664338434
0.7178994861513799
0.7188183803332971
0.7185137752023449
0.719424733858648
0.7195233637494266
0.7204252178852805
0.721321290904879
0.7222116382182819
0.7230963145296887
0.7233981732714414
0.7226912170269115
0.7235660081403913
0.7244352974229687
0.7252991366160002
0.7255325768140752
0.726387615515589
0.7262021467303439
0.7270498181026958
0.7278922569357121
0.7287295115297561
0.7289481326600329
0.7297770374531215
0.7301653478790049
0.7309855139948741
0.7303360629423644
0.7311507576162546
0.7311390768019669
0.7319464669617207
0.7326129309964026
0.7334111013516372
0.7337793506248254
0.7332975975708306
0.7332695263466847
0.7340563419031841
0.7348385291328807
0.7354532092364338
0.7334976930300894
0.7334000321174652
0.7341750320241004
0.7349455391776537
0.7357115925326316
0.7364732305944972
0.7372304914261223
0.7379834126541276
0.7387320314751159
0.7391914843768961
0.739222190387189
0.7399609377232026
0.7406955113454534
0.741425946524762
0.7420185167659311
0.742340993909844
0.7430607118039506
0.7437764201276165
0.7438345575226868
0.7445441570863358
0.7452498362104067
0.7459516272952266
0.7466495623850748
0.7456313444059377
0.7463263407326974
0.7470175496135347
0.7477050019243675
0.7481802645833175
0.7480659459032035
0.7475769990589002
0.7482555555130429
0.7478580875357962
0.7485322637723315
0.7483139555133832
0.746996640099519
0.7476659611574569
0.747372287477262
0.7480370972470587
0.7486984172017909
0.7489823031702229
0.7496377018564625
0.750289687007878
0.750938285223442
0.75158352282649
0.752225425868282
0.7528640201315081
0.7522139840900389
0.7528493328487824
0.7534814317417523
0.7541103056403703
0.7547359791629139
0.7553584766777288
0.7559778223063928
0.7565940399268312
0.7572071531763858
0.757817185454837
0.7584241599273813
0.7590280995275629
0.7596290269601624
0.7602269647040426
0.7608219350149508
0.7614139599282801
0.760768493360556
0.7613577335246925
0.761944078159767
0.7625275485564341
0.7631081657971275
0.7636859507585979
0.7642609241144164
0.7648331063374396
0.7652162632786974
0.7657833737538697
0.766347751166511
0.7669094152262068
0.7674683854534822
0.7678071953186435
0.7671680373345895
0.7677223991504595
0.7682741274185106
0.7688232408606469
0.7693697580217328
0.7699136972716816
0.7704550768075129
0.7709939146553826
0.7715302286725831
0.7720640365495163
0.7725953558116386
0.773124203821379
0.7736505977800301
0.7741745547296134
0.7743564637867519
0.7748763797688101
0.77539390533256
0.7745984409363189
0.7746981740650272
0.7752125617954723
0.7757246060738425
0.7755240956054928
0.7760331112617163
0.7765398236796761
0.7770442484569229
0.7775464010504884
0.7777092181267795
0.7782076279516074
0.7787038077548476
0.7791977724696805
0.7796895368962514
0.779623560147593
0.7795578759787514
0.7800455797929576
0.7805311303894412
0.781014541996513
0.7814958287173998
0.781975004531616
0.782452083296317
0.7829270787476351
0.7834000045019975
0.783870874057428
0.7843397007948305
0.7840849972577566
0.7845513363565519
0.7850156653730249
0.7854779972754485
0.7859383449207802
0.7863967210558535
0.7868531383185546
0.7873076092389841
0.7877601462406033
0.7882107616413664
0.7886594676548381
0.7891062763912972
0.789551199858826
0.7899942499643864
0.7904354385148814
0.7908747772182045
0.7913122776842753
0.7917479514260617
0.790966532082813
0.7914011130971939
0.7918338908708511
0.7917472782603525
0.7921775524788228
0.7911065209741804
0.7915363429474845
0.7919643997381468
0.7923907021976998
0.792815261088911
0.7932380870866887
0.7924953851345192
0.7929171424818068
0.7933371888459411
0.793755534617508
0.7929937389246781
0.7934110902574912
0.7938267621080798
0.7942407645938064
0.7946531077509331
0.7950638015354312
0.7942530731668753
0.7946629276027979
0.7942759237705856
0.794684106461517
0.7950906725873358
0.7954956317324201
0.7958989934055317
0.7949228142846547
0.7953257164176907
0.7947466463854992
0.7951483163534336
0.7955484172980558
0.7959469583949407
0.794722677671734
0.795121274414119
0.7945493339598281
0.7949467240295383
0.7949564793885546
0.7953515536093859
0.7957451083139833
0.7961371522519602
0.7963803318895559
0.7950238810097272
0.7946994079543651
0.7905728972880441
0.790968789731734
0.7904810515104809
0.7900685232994038
0.7904631313383147
0.7908562586716387
0.7893951137794082
0.7897880333432526
0.7895587570552143
0.7899499117818775
0.7903396150995363
0.7892658867674807
0.7892857280119031
0.7893054960414014
0.7896935153857083
0.7900801081883081
0.7900065667053937
0.7903911700630761
0.7907743671927597
0.7897150798805821
0.7900974160989811
0.7904783645271136
0.7908579327073181
0.7912361281273772
0.7916129582210101
0.7913127546926839
0.7916880914648194
0.7920620805286168
0.79243472912982
0.7928060444623248
0.7931760336686421
0.7935447038403558
0.7939120620185758
0.7940560903276014
0.7944212391036163
0.7947850953175922
0.7951476658205646
0.7955089574152374
0.7958689768564078
0.7962277308513876
0.7965852260604204
0.7969414690970921
0.796771991004265
0.7971266646674339
0.7974801025338669
0.7978323110511992
0.7965166299556243
0.7968692874427029
0.7972207246616602
0.7975709479351288
0.7979199635421372
0.7982677777184847
0.7986143966571128
0.7989598265084727
0.7993040733808897
0.7996471433409224
0.7999890424137195
0.8003297765833725
0.8006693517932646
0.8002360499149307
0.8005746328811766
0.8009120700505823
0.801248367229551
0.801583530185319
0.8019175646462865
0.8022504763023431
0.8025822708051915
0.8023839931762311
0.8027144547261036
0.8030438128985141
0.8033720732103499
0.8036992411417803
0.8040253221365614
0.8043503216023382
0.8040070510787799
0.804331006366253
0.8046538924943615
0.8044265659279238
0.8041156416671619
0.8044372908598266
0.8046614534495453
0.8049811564717227
0.8039861119155345
0.8039434273322482
0.8039008815606149
0.8042192242853542
0.8045365351049889
0.803774070377203
0.8040910751100347
0.8038377972849047
0.804153678448697
0.8036646853965287
0.8039798303637895
0.804293965251027
0.8046070949066254
0.8049192241479886
0.8052303577617876
0.8055405005042052
0.8058496571011778
0.8061181497089538
0.8062273127046606
0.8059253464114328
0.8060739635577022
0.806379840586791
0.8061598198404601
0.8064645999979438
0.8065269065068227
0.8064961202049338
0.8067989431780089
0.8071008198292933
0.80740175458775
0.8072567140265318
0.8072554619252512
0.8071862948483592
0.8074852308253385
0.8077832413039371
0.8080803305754921
0.8083765029048509
0.8084949457380319
0.8087895688984349
0.8072288646993601
0.807141224784047
0.8074361158776494
0.8077301065404316
0.8080232008902176
0.8083154030197607
0.8077382845175596
0.8080300321890048
0.8083208957765973
0.8086108792928203
0.8080691710159429
0.8083586594457831
0.80774366146469
0.808032768740683
0.808321007826658
0.8086083826275176
0.8088948970247818
0.8091805548767627
0.8094653600187376
0.809749316263121
0.8100324273996342
0.8103146971954743
0.810596129395481
0.8096772059357311
0.8099583326625616
0.8102386301070121
0.810436282263621
0.8107150524367628
0.8098182608766501
0.8100971197316696
0.8103751620161035
0.8100875321939109
0.81036477667246
0.8106412128580687
0.8109168442804005
0.8111916744485975
0.8114657068514297
0.8107508026649521
0.8110246799404008
0.8112977656630302
0.8115700632594761
0.8118415761366239
0.812112307681751
0.8121427976611355
0.8112484056907597
0.811518436583906
0.8117876959602147
0.8120561871214698
0.8123239133506415
0.8124486304013517
0.8127150385968044
0.8129806910243267
0.813245590895397
0.8135097414033243
0.8137731457233761
0.8140358070129059
0.8135935030593666
0.8131524432800988
0.8127126224327954
0.8129752975766483
0.8132372369357848
0.813498443597413
0.8137589206314948
0.8140186710908651
0.8142776980113514
0.8145360044118919
0.8147935932946532
0.8146652002695873
0.8149218966681059
0.8151778829797682
0.8154331621469233
0.8156877370956862
0.8159416107360502
0.8161947859619979
0.8164472656516105
0.8166990526671776
0.8169501498553048
0.8165165655189773
0.8167672259485963
0.8160792761178342
0.8163298493111342
0.8165797406726156
0.8161496051553974
0.8156452562263459
0.8153143393092757
0.8146099042656979
0.8148604314220956
0.8151102823918364
0.8149102236105356
0.8148228612638189
0.8147357337621202
0.8145896218415551
0.8142194769576678
0.8138732066478925
0.8139064104858224
0.8139641360487824
0.814212183867384
0.8136401508457435
0.8130629193204109
0.8128800000056755
0.8124650397934664
0.8121836291447333
0.8117089594412792
0.8119576926520569
0.8118759542712494
0.811508967945903
0.8115376842161496
0.8117853350910299
0.8117937294257948
0.8114787030064012
0.8109775154744183
0.8105710089182426
0.8101779837657017
0.8101357409938792
0.8103829600811268
0.8094430488727975
0.8091557660744142
0.8093168264729341
0.8093479359377792
0.8091633547356173
0.809012378427571
0.8092588140683096
0.8095046145656443
0.8089964157648409
0.8078652851791328
0.8075240048989886
0.8067501265316404
0.8065847419131071
0.8056823348353126
0.8059301890000635
0.8054980061690656
0.8046004260085452
0.8042622571552454
0.8039184387239992
0.8030229813839214
0.8023609269771063
0.802189379239672
0.8024391401244705
0.80216284024201
0.8019921901493459
0.8022412565768309
0.8015366561418662
0.8017856691203582
0.8013291707881272
0.8004931309415003
0.8005341811944902
0.8004086703565446
0.7997847193960002
0.7992606380124698
0.7995103138358374
0.7987655805267246
0.799015251022349
0.7986990730769965
0.7989482078875447
0.7985786798184625
0.7981950084582531
0.7981355818140382
0.7974605379940701
0.7969158262979865
0.7967558150453681
0.7964451818288582
0.7958436014045036
0.7958274020094579
0.7955880042074903
0.79559339125974
0.7958426676118623
0.7958608992113738
0.7961092436162261
0.7960532178038128
0.7963007260346334
0.7962446039424702
0.7958393906950076
0.7950569838469311
0.7947006348326232
0.7949482818352377
0.7944665549204105
0.7947138875859696
0.7949606257018519
0.7941458819372247
0.7941747020046643
0.7928728486505862
0.7926801438700818
0.7922255908414568
0.7918422328491477
0.7916436111433749
0.7913226783482398
0.7909898855130413
0.7909640739872023
0.7912117468853216
0.7912974564909442
0.7915441498047847
0.7910031689116661
0.7910137783822891
0.7912599341203547
0.7910210816027045
0.7901568447918382
0.7899336560068714
0.7891966767179778
0.7890832235746402
0.7892129507985295
0.7890959080876012
0.7888419205302395
0.7889820708665573
0.7887090480198495
0.7884896188942451
0.7881379634550116
0.7875888646746865
0.7878349957700809
0.7871861968482089
0.7872395461389432
0.7874852279563348
0.7868076210036746
0.7870532343435321
0.786984442045407
0.7867822887914595
0.7865543358699052
0.7859256771049246
0.785407243721452
0.7852237114059812
0.7850201904296805
0.7844094367876375
0.7843961161900772
0.7846416787001114
0.7848866824786095
0.7846545898408955
0.7834731426159419
0.7836554430710139
0.7831931631580377
0.7829029062386202
0.7826831911007862
0.7827872686756444
0.7829452525206909
0.7828933929624708
0.7823981254008927
0.7824305862643227
0.7825020248964859
0.7825733035317124
0.7817302471143682
0.7818499774403733
0.7820934484476944
0.7819028326870069
0.7813105132742151
0.7806886130616989
0.7801915516397786
0.7798805732250841
0.7801246080662979
0.7793714246686608
0.7796154828272133
0.779674839568104
0.7794765229681392
0.7791683900872483
0.7786773823154929
0.7789208615428685
0.7787242452115027
0.7783197799700593
0.777792343037304
0.7774606975356203
0.7768954993602174
0.7762995249864559
0.7759296565093965
0.7751380211151658
0.7746028718195523
0.7744128795760055
0.7737618205726524
0.7734228158397163
0.7731262618095214
0.7727068020592192
0.7729527903686789
0.7725893620647077
0.772402980464206
0.7719449687128492
0.7714534218432062
0.771472819326917
0.7715034937147375
0.7715699060021903
0.7712402019338249
0.7714853892843782
0.7714380523871495
0.7716825036680188
0.7719264326170915
0.7717696274595492
0.7717083439700249
0.7714189847112708
0.7713720206076128
0.771402443540017
0.7715202253846417
0.7713913598221976
0.7713890710609779
0.7716309873878975
0.7718723922638088
0.7713010056096435
0.7715422492746122
0.7717829845230058
0.7720232129603499
0.7722629361854179
0.7720490333648244
0.7718385187143142
0.7714993545039941
0.7708280827009625
0.7707689379641264
0.7704526539185871
0.7703735347480558
0.7699426372740149
0.7698736383848792
0.7695060973112909
0.769084195301234
0.769135179333301
0.7689078606825402
0.7685090525067185
0.7682310928250345
0.7681260623946742
0.7682364693550103
0.7684756474052116
0.7680906846021083
0.7681042369351648
0.768085611177001
0.7683239610113515
0.76791026558463
0.767635485825056
0.7674751124903081
0.7670430230619733
0.7672812203799059
0.7670649531022508
0.7673026419256158
0.7674265830540187
0.7676634195274872
0.7678997741363096
0.7681356483495857
0.7683710436304491
0.7686059614360977
0.7688404032178241
0.7690743704210449
0.7691814741921055
0.7693844719492159
0.769433712460046
0.7695653317015178
0.7697973907833894
0.7700289829455791
0.770260109595885
0.7704907721364515
0.7706373878782069
0.7708672101348419
0.7710965722868591
0.7713254757145722
0.7715539217927795
0.7710124383993742
0.771098225669039
0.7711048719895452
0.7713324019378658
0.7713939718796686
0.7716207635742325
0.7718471057312452
0.7719968382236666
0.7722223606388756
0.7724474373576119
0.7726720696998057
0.7728962589801807
0.7730520601858737
0.7732754341423836
0.7734983688187432
0.773720865509491
0.7733295790860273
0.7735518049888842
0.7737735955814513
0.7739949521415478
0.7742158759419959
0.7744363682506463
0.7746564303304018
0.7748760634392415
0.7750952688302453
0.7753140477516166
0.7751159083188439
0.7753342423884373
0.7755521529195833
0.77559346073476
0.7758106984300797
0.7760275159364335
0.7762439144717607
0.7762668450562473
0.7764825954467427
0.7766979301332102
0.7768710040590978
0.7770855511705794
0.7766135326638971
0.7760459430789848
0.7754084216677021
0.7756235477005874
0.7754794103343667
0.7756940571696112
0.7749531841446162
0.774929373854402
0.7751439311719859
0.7748818893327745
0.7747789252769551
0.7746928336429617
0.7743641333532452
0.7741565350820898
0.7736490937883146
0.7738634412373787
0.7740773831094342
0.7739426964972026
0.7736094669741448
0.772256827984106
0.7724712754153827
0.7721776217793547
0.7716102351619583
0.7711465427137103
0.7711736097468118
0.771217666174586
0.7714318818429619
0.7709853764783368
0.7711994088367683
0.7711796148042409
0.7713930666561026
0.7713608663192965
0.7709466854495811
0.7703624161076346
0.770111149921661
0.7695386588485937
0.7697522467458611
0.7699654391099853
0.7701782370386532
0.770267413036461
0.7704795391555409
0.7700455174404527
0.7695033724306626
0.7691631299146122
0.7689573262490556
0.7691696816477237
0.7693816470456596
0.7692874131187064
0.7690405868921998
0.768672112606279
0.7688837575169777
0.7685726859183072
0.7686318280620652
0.7683867260291619
0.7685978593691536
0.7688086081311124
0.7687156673290519
0.7689259258132982
0.7691358023566104
0.7693452979987551
0.7695544137757281
0.7697631507197719
0.7691730004103634
0.7693817047499563
0.7695900320266049
0.7692965793302311
0.7695046076626655
0.7697122611692757
0.7692841832087802
0.7694916614612903
0.7696987668867519
0.7692150022824708
0.7694217988754076
0.7696282251969158
0.7689398278577414
0.7690346090660901
0.768705113879424
0.7683167358414703
0.7677592852238372
0.7674318058959442
0.767243303893862
0.7674501987348452
0.7676567260894324
0.7675671164537422
0.7677731739746165
0.7679788664688817
0.7678892096548975
0.7680944358178905
0.7682992993904895
0.7685038013327751
0.768707942601441
0.7682264573852479
0.7676179156770945
0.7672359591402926
0.7670011296507142
0.7672056940671753
0.7674098995986954
0.7667686238634769
0.7668932493321523
0.7670971922461225
0.7661066294649065
0.7663107249016736
0.7662238512676413
0.7664274890278611
0.7664567079233982
0.7663337020904213
0.7665367136437745
0.7667393727465144
0.7664212987025018
0.7666237065892413
0.7661624198996405
0.7663645267104446
0.7659617939585358
0.7661637251112894
0.7657052174022261
0.7645221283539385
0.7647242552823901
0.7649260355094206
0.7647847107146396
0.7649860936677949
0.7638208752740607
0.7639005695369717
0.7637228007537111
0.7639242305910908
0.7641253172771291
0.764326061687957
0.7645264646967258
0.7647265271736189
0.7642774575770563
0.7644772224435165
0.7646766490121503
0.76445272629725
0.7646518364187231
0.7648506102055317
0.7645427193952317
0.7647412499859607
0.7649394460685337
0.7651373084876679
0.7653348380852393
0.7655320357002937
0.7657289021690592
0.7653861286413527
0.76544308354889
0.7649988273421136
0.7651953166169111
0.7653914775888269
0.7655873110799881
0.7657828179097795
0.7659779988948547
0.7657565351155918
0.7659514132061778
0.7661459673099134
0.7660633433060567
0.7655935811954294
0.765787948043526
0.7657748677220318
0.7659687626990831
0.7661623369234842
0.7657227624611829
0.7659160605119574
0.7658342390825713
0.7660271268592743
0.7653966518577441
0.7655895822427294
0.765782195568742
0.7657692381011157
0.7658122344752591
0.7657309676163996
0.7657863340092882
0.7658416097861491
0.7660330720839528
0.765598732374428
0.7655860091016919
0.7657770555490417
0.7658320688045664
0.7652122042774295
0.7654029335997062
0.7653227905258969
0.765513120785
0.7653558399508376
0.7650600052626182
0.764787765313839
0.7647469390801864
0.7646677143044082
0.764696231080595
0.7648859921845622
0.764538246287019
0.7647278290194771
0.764917106711336
0.7649105469444915
0.7650993738144155
0.7652878975914505
0.7648078484888644
0.7642379475113665
0.7644267081618779
0.7646151667953484
0.7646891297772409
0.764877077756652
0.7650647257392884
0.7652520744428456
0.7651735203330637
0.7653604840907603
0.765388041382653
0.7649664559316878
0.7645462077858802
0.7636786233977262
0.7637776821520705
0.7639644191622269
0.7641508611692078
0.7638437176323734
0.764029960757269
0.7640189048386266
0.7642047167245803
0.7637893005033153
0.7639748548627
0.7641601179279569
0.764345090384484
0.7645297729155306
0.764714166202206
0.7648982709234875
0.7650820877562292
0.7649531173751696
0.7651366044029798
0.7650597947791605
0.7652429126320216
0.7654257452545824
0.76560829331275
0.7657905574703606
0.7659725383891871
0.766154236728947
0.7663356531473109
0.7665167882999099
0.7663103461710951
0.7664912205161639
0.7664140166848804
0.7665945313551394
0.7667747672382629
0.7666791517873515
0.7668590444999287
0.7670386600280489
0.767217999011861
0.7673970620895442
0.7675758498973155
0.7677543630694373
0.7679326022382252
0.7679827561731142
0.7679051193229176
0.768082833626652
0.76826027598807
0.7684374470308926
0.7686143473769347
0.7682045619499676
0.7679577935677225
0.7681345203052947
0.7677200310980652
0.7678966698576865
0.7680730401693447
0.7682491426445388
0.7684249778929118
0.7685274718125011
0.7687028297884008
0.7688779222715283
0.7690527498643638
0.7692273131675653
0.7694016127799765
0.7695756492986332
0.7697494233187699
0.7699229354338274
0.7700961862354585
0.7702691763135358
0.770441906256157
0.7706143766496536
0.7707865880785953
0.7709585411257982
0.7709672743750684
0.7711388344691694
0.7713101377367824
0.7707332415978617
0.7703440538238724
0.77051556685313
0.770686823892792
0.7706092547971722
0.7705092208043008
0.7703822593591747
0.7705192855460693
0.7706899031776335
0.7705816640222266
0.7706459262294432
0.7708160702010831
0.7709859619207264
0.7709333797267112
0.7709178849970837
0.7710873244312574
0.7712565134006356
0.7714254524601625
0.7715941421631439
0.7716445889609587
0.7718128685564185
0.7719809003174226
0.7719788766742389
0.7721465392649196
0.7723139554741298
0.7722363877143593
0.7723301247739967
0.7724155784133772
0.77258230692736
0.7727487913293165
0.7729150321549717
0.7730810299384842
0.7732467852124517
0.773412298507917
0.7735775703543737
0.7734996469551845
0.773664614437373
0.7738293417922221
0.7739938295436459
0.7739158301520203
0.7740800161867682
0.7742439639253845
0.7744076738862798
0.7745711465863623
0.7747343825410427
0.7743805329774921
0.774362904247935
0.7739145539947545
0.7738972871687656
0.7740604204392065
0.7742233184778229
0.7742830587794547
0.7744455619768777
0.7743508940494535
0.7742170941932839
0.7743792945566508
0.7741566860998877
0.7743186970854689
0.7741618776291751
0.7738460978696509
0.7740079832684557
0.7739652634766225
0.7741268322661318
0.7742881702430845
0.774306522726851
0.7739700926670938
0.7741311973765257
0.7739683222683191
0.774129198907274
0.774171307110991
0.7743318108017436
0.774086242348455
0.7739736081206595
0.7739920665546164
0.774152242269319
0.7743121911062387
0.7744719135470695
0.7745004445946421
0.7743064513475787
0.7743873711481023
0.7745465896582306
0.7741596318151606
0.7738988476757458
0.7739002292530082
0.7739029560803815
0.7737104733283924
0.7738693845128528
0.7740280726640719
0.7741865382512639
0.7743447817423282
0.7745028036038533
0.7746606043011214
0.7748181842981136
0.7749755440575139
0.7749930192362446
0.7751500373665753
0.7753068365036976
0.7754634171054372
0.7754456849208234
0.7752540038596398
0.7752364419654397
0.7750451727215444
0.7752013913515989
0.7753573931619031
0.7755131786035384
0.7756687481263357
0.7758241021788798
0.7759792412085138
0.7761341656613433
0.7762888759822407
0.7764433726148497
0.7765976560015889
0.7767517265836568
0.7769055848010354
0.7770592310924948
0.7767997271481779
0.7769532349011709
0.7771065316469433
0.777030680091325
0.777183713255298
0.7773365364972354
0.7774891502487794
0.7776415549403899
0.7777937510013478
0.77794573885976
0.7780975189425627
0.7782490916755255
0.7784004574832555
0.7785516167892014
0.7787025700156572
0.7788533175837665
0.7790038599135257
0.7791541974237886
0.77930433053227
0.7794542596555497
0.7796039852090761
0.7797535076071704
0.77990282726303
0.7800519445887325
0.7802008599952398
0.7803495738924013
0.7804980866889583
0.7804774798736278
0.7804006325993491
0.7805488103101457
0.7806967881858637
0.7808445666304824
0.7809921460468929
0.7811395268369017
0.7807616511287876
0.7809088897781302
0.781055930791702
0.7812027745671603
0.7813494215010965
0.7814958719890395
0.7816421264254592
0.7817881852037699
0.7819340487163342
0.7819405501311307
0.782086117187118
0.782231490024218
0.7823766690308684
0.7825216545944722
0.7826664471014
0.7828110469369944
0.7829554544855736
0.7830996701304337
0.7832436942538531
0.7833875272370954
0.7835311694604129
0.7836746213030502
0.7838178831432469
0.7839609553582414
0.7841038383242743
0.7842465324165914
0.7842946805835176
0.7844370603323073
0.7845792522450169
0.7847212566931085
0.7845995694357348
0.7847413735374889
0.7848829910548983
0.7850244223559799
0.7851187370775407
0.785259827860812
0.7851820108259079
0.7852291982661157
0.7853699392895325
0.7855104959763107
0.7856508686883681
0.7857910577866752
0.7859310636312591
0.786070886581206
0.7862105269946648
0.7863499852288496
0.7864892616400433
0.7866283565836003
0.7867672704139496
0.7869060034845976
0.7870445561481316
0.7871829287562225
0.7873211216596275
0.7874591352081937
0.7875645443293298
0.7877022212286626
0.7878397197900431
0.7879770403597582
0.7881141832831996
0.7882511489048653
0.7883879375683633
0.7885245496164148
0.7886609853908558
0.7887972452326412
0.788933329481847
0.788793274904865
0.7889291865683753
0.7890649234258875
0.7886936133123026
0.7888292400046567
0.7889646927051027
0.7890999717482405
0.7892350774678124
0.7893700101967063
0.7895047702669579
0.7896393580097539
0.7896317787252607
0.7897661134770326
0.7899002767741117
0.7900342689445363
0.7901680903155086
0.7903017412133968
0.7901888204524757
0.7903222881239436
0.7904555860971643
0.7904579126924385
0.7905909552875544
0.7907238290468896
0.7908565342916285
0.7909890713421408
0.7911214405179849
0.7912536421379102
0.7913856765198597
0.7915175439809723
0.7916492448375857
0.7917807794052387
0.7919121479986739
0.79204335093184
0.7921743885178942
0.7921427519280662
0.7922735620275451
0.7924042075860183
0.7925346889137456
0.7926650063202068
0.7927951601141049
0.7923523504288007
0.7924825370429519
0.7926125605159827
0.7927424211543571
0.7928721192637724
0.793001655149161
0.7931310291146927
0.7932602414637778
0.7933892924990689
0.7935181825224631
0.7936469118351049
0.7937754807373884
0.7939038895289591
0.7935343164800923
0.7936627155370077
0.7937909549928579
0.7939190351450363
0.7940469562901976
0.7941747187242608
0.7943023227424106
0.7944297686391006
0.7945570567080548
0.7946841872422701
0.7948111605340188
0.7949379768748507
0.795064636555595
0.7951911398663633
0.7952403742032748
0.7953666131834207
0.7953386608647618
0.7954646838568401
0.7955905517436975
0.7957162648115058
0.7958418233457335
0.7958648525287725
0.7955601426044374
0.7955833163410808
0.7957086484585909
0.7958338269828197
0.7958175360717651
0.7953610993911826
0.7954862607982828
0.7956112691963279
0.7952363192345819
0.7953613275866976
0.7954861833965898
0.7956108869432992
0.7957354385051862
0.7953000381655413
0.7954246273084715
0.7952683237264478
0.7953927806725107
0.7955170863950669
0.7954175489700355
0.7955416888068255
0.7953191477151121
0.7950391563124565
0.7946473386212606
0.7947716441063566
0.7948957991915917
0.7948182725092914
0.7949422493839081
0.7950660765279999
0.7950690541523041
0.7951926554465427
0.7953161077337961
0.7954394112833542
0.7949488164467206
0.7950721184211963
0.7949949516833631
0.7951180778385083
0.795241056183143
0.7953638869832731
0.7949387853821103
0.7950616501002755
0.794680829297276
0.7948037013324063
0.794926426391418
0.7950490047378667
0.7951714366346779
0.7951743193590751
0.7952422886846908
0.7949730625137399
0.7950952478161751
0.794919491265957
0.7947439439497272
0.7948660474928863
0.7943934755264814
0.794260994894219
0.7943584250239334
0.7944804675016639
0.794602365207772
0.7947241183997058
0.7948457273343031
0.7949671922677938
0.7949701702605347
0.7950914179422257
0.795212522305144
0.7953334836032508
0.7954543020899077
0.7951459085622602
0.7951487706444758
0.7952694843918862
0.7949974371886714
0.7951180979083956
0.7952386166743318
0.7951656090405309
0.7952859582714119
0.7954061661643823
0.7951908875625084
0.7951155067877895
0.7946963300546196
0.7948166016831758
0.7938886810222786
0.7935451524646839
0.7936657452494592
0.7936564703122312
0.7937768574357363
0.7934365472725295
0.7935569222449815
0.7936771570019734
0.7937972517883517
0.79362634006538
0.7931919710466833
0.7933121384080739
0.7933874954258839
0.7935074098220384
0.7936271851063643
0.7937468215207955
0.7938663193067046
0.7934388087312841
0.793365445223145
0.7932549615540088
0.7933744673565787
0.7934938350819649
0.7932831408518779
0.7931139064947793
0.7929448673330176
0.7928855331155347
0.7927168202508368
0.7928361542633579
0.7928115074542305
0.7929306497731182
0.7930496551468118
0.7926515795263943
0.792770608470409
0.7928895008350273
0.7930082568551906
0.7931268767653022
0.7929999017908826
0.7931183906851066
0.7932367440085133
0.7932406109358954
0.7933587591582177
0.7927384866021011
0.7928567190683863
0.7929748167200006
0.7929162218643598
0.7930341511229791
0.7927725114998775
0.792605974235088
0.7927238787409236
0.7928416492643663
0.7929592860336654
0.7928704122256801
0.7925361651480543
0.7922002602925281
0.791994238291553
0.7920176466126412
0.7916873099083283
0.7918050672232472
0.7919226914790533
0.792040182901143
0.7921575417144042
0.7918281645535086
0.7919454444608024
0.7920625922961285
0.7919384313389718
0.7916102262447178
0.7917272991513219
0.7918442405891931
0.7919610507796593
0.7920777299435519
0.7920677051781054
0.79190408181386
0.7920205968856326
0.7921369815544153
0.7922532360390044
0.7923693605577082
0.7924853553283464
0.7926012205682523
0.7927169564942745
0.7928325633227775
0.7929480412696432
0.793063390550273
0.793178611379588
0.7932937039720311
0.7934086685415684
0.7935235053016898
0.7931039519799291
0.7932188304074805
0.7933335813340024
0.793448204971643
0.7935627015320801
0.7936770712265221
0.793352027428817
0.1724137931034483
0.3876698014629049
0.5407523510971787
0.4941403424162045
0.4395613964579482
0.4967669112496699
0.5085346837070975
0.554594932525967
0.5991354392733703
0.5499539934197659
0.5529750686807624
0.5509243548956025
0.55919166287925
0.5352455520206333
0.5526976823949094
0.5428104884078785
0.5496913872000334
0.5611519384245114
0.5605136963419955
0.5814416155638052
0.5686488148563597
0.587403214210431
0.5976503025072185
0.6137442904069298
0.6155825277581426
0.6298202119152484
0.6269694900611323
0.6089796165381532
0.577134777754054
0.5903493159492398
0.5870703323490464
0.5835290480642704
0.5775710752624341
0.5710760453940332
0.5703835724226958
0.5581730304832406
0.5524079100434994
0.5463563329820671
0.5496602805146553
0.5603826547881159
0.5589784070023458
0.5657548717782664
0.5754047635165273
0.5749732589956366
0.5727523010445403
0.5709695340890184
0.5610177748899228
0.5562839058786108
0.5436640621496328
0.5504312259818787
0.5471832922693877
0.546935971574101
0.5548844633008712
0.5625588691060285
0.5635276731865899
0.5708022119668134
0.5778382412788329
0.5788408502904646
0.5710534605099437
0.5777557501894758
0.5727133540327146
0.5721737952367376
0.5785592609794729
0.5847569189062453
0.5814581643879353
0.5757490217797959
0.5676925013335317
0.5688200013152641
0.574646758054247
0.5704415914036473
0.563462096779915
0.5671334182003557
0.5671884842673841
0.5642282924834088
0.5593238763273661
0.5630006538682981
0.5594745336947649
0.5538061860714145
0.5578488885580555
0.5629901805515665
0.5680132819245369
0.5678717168521622
0.570386266850078
0.5641420123444608
0.5579426495714448
0.5627476207717552
0.5655517260512493
0.5621947927953849
0.5668032686606966
0.5647570926368392
0.5682776380735728
0.5637020888792985
0.5681091384865784
0.5689543628911863
0.572122031465421
0.5714149527255639
0.5698928089742619
0.5666320053376751
0.5675847163979512
0.5658585906264175
0.5659809156525356
0.5699996108779751
0.5708864646008072
0.5658986078519109
0.5653049267000919
0.567400418425984
0.5659189987938956
0.5697267268746509
0.5684339086546882
0.565257754269734
0.5689734999597363
0.5726262669092301
0.5762176428175558
0.5797491624607429
0.5832223098784227
0.5866385204531898
0.5899991828885297
0.5933056410910416
0.5965591959623132
0.5997611071054695
0.6029125944510957
0.6060148398069465
0.6037976705061174
0.6068453807329934
0.6098465610327416
0.6128022689037056
0.6122958950431856
0.6151892092592812
0.6180396595610643
0.6188974111639317
0.6216791818853629
0.6244206370890921
0.6271226468942066
0.6297860565592479
0.6324116873637923
0.6350003374527796
0.6375527826454176
0.6400697772103799
0.6389009389902678
0.6351153633571271
0.6360858559722335
0.6358420326210698
0.6363685002832485
0.6325182004774387
0.6286778917255839
0.6311208003326524
0.6310807951017201
0.6334763743543063
0.6352266035827424
0.635962330482853
0.6354944175498412
0.6378014149071207
0.6400793934297174
0.6392883566802412
0.6401485394199774
0.6414880105170322
0.6424967170353066
0.6446766151021646
0.646117077684433
0.6430280189835229
0.6403588626516732
0.6407989034352091
0.6422668915148166
0.6404967695285304
0.6392574400492491
0.6401919898164047
0.6397027618727004
0.6378379034211581
0.6360694480242098
0.638137235251345
0.6356875641739106
0.6377342632515852
0.6397580941831407
0.6417594381043454
0.6418970471019273
0.6391884708552836
0.6411601185555279
0.6380936128944821
0.6395093230950524
0.6398942789446012
0.6418199779876781
0.6426613610834884
0.6437961838139612
0.6456709407412561
0.6475260667059616
0.6491014517752014
0.6501224486372669
0.6519259411700645
0.6537109363435514
0.6537770370084652
0.6531656476497082
0.6523920837726894
0.6519054680530053
0.6536459407127403
0.6536950012515065
0.654826971251135
0.6546116221864058
0.6528898533841041
0.6545830736114987
0.6562598548075594
0.6555049762819191
0.6534847317692515
0.6514436122694106
0.6499288014173341
0.6505347207365779
0.6521831418651789
0.6538160848611171
0.655158890401898
0.6547239366587099
0.6556713952852898
0.6555144838859182
0.6570946926754323
0.6580712819414599
0.6573527761144533
0.6589032160415372
0.6600643126659747
0.659407134194439
0.6609276380596424
0.6624346263349329
0.6639282784307959
0.6648213990838174
0.6662914806667832
0.6677487231092863
0.6691932938783763
0.6706253575412405
0.6720450758277007
0.6717358694936763
0.6728334573529828
0.6742256554067999
0.6713687670364321
0.6727553967113838
0.6735574175808166
0.6730636859405434
0.6744259205824579
0.6757768503725722
0.6771166154536773
0.677323019206019
0.6786454658486173
0.6771930636872464
0.6784999743605774
0.6797963454317041
0.6810823038837855
0.6807579746682504
0.67918409542939
0.6804571744157812
0.6817201895366676
0.6805504855802845
0.6818032287740874
0.6830461849116886
0.6842794682388804
0.6855031912302026
0.6867174646231362
0.6879223974515087
0.6888081118334289
0.6899958671317746
0.6903598154914039
0.6907751192206032
0.6904325716009028
0.6909697925096714
0.691893126620122
0.6930427791327335
0.6941838840430208
0.6953165363243429
0.6964408295482383
0.6974036696356836
0.6985120811022195
0.6996124019741092
0.699492599300264
0.6976828435056978
0.6987742411825725
0.6998577870775992
0.7009335656185397
0.7020016600270449
0.7030621523401159
0.7021204425800446
0.7025305534478954
0.7035779810766
0.7046180583359803
0.7056508623278125
0.7066764690792836
0.7076949535616471
0.7087063897084926
0.7097108504336358
0.7103811289708464
0.7113729744195764
0.7109413453614117
0.7104668121167422
0.71077031444855
0.7108260658432262
0.7117997154531817
0.7127668305019965
0.7137274765538293
0.7146817182986499
0.7156296195667606
0.7165712433430297
0.7175066517808414
0.7184359062157729
0.7169745664338434
0.7178994861513799
0.7188183803332971
0.7185137752023449
0.719424733858648
0.7195233637494266
0.7204252178852805
0.721321290904879
0.7222116382182819
0.7230963145296887
0.7233981732714414
0.7226912170269115
0.7235660081403913
0.7244352974229687
0.7252991366160002
0.7255325768140752
0.726387615515589
0.7262021467303439
0.7270498181026958
0.7278922569357121
0.7287295115297561
0.7289481326600329
0.7297770374531215
0.7301653478790049
0.7309855139948741
0.7303360629423644
0.7311507576162546
0.7311390768019669
0.7319464669617207
0.7326129309964026
0.7334111013516372
0.7337793506248254
0.7332975975708306
0.7332695263466847
0.7340563419031841
0.7348385291328807
0.7354532092364338
0.7334976930300894
0.7334000321174652
0.7341750320241004
0.7349455391776537
0.7357115925326316
0.7364732305944972
0.7372304914261223
0.7379834126541276
0.7387320314751159
0.7391914843768961
0.739222190387189
0.7399609377232026
0.7406955113454534
0.741425946524762
0.7420185167659311
0.742340993909844
0.7430607118039506
0.7437764201276165
0.7438345575226868
0.7445441570863358
0.7452498362104067
0.7459516272952266
0.7466495623850748
0.7456313444059377
0.7463263407326974
0.7470175496135347
0.7477050019243675
0.7481802645833175
0.7480659459032035
0.7475769990589002
0.7482555555130429
0.7478580875357962
0.7485322637723315
0.7483139555133832
0.746996640099519
0.7476659611574569
0.747372287477262
0.7480370972470587
0.7486984172017909
0.7489823031702229
0.7496377018564625
0.750289687007878
0.750938285223442
0.75158352282649
0.752225425868282
0.7528640201315081
0.7522139840900389
0.7528493328487824
0.7534814317417523
0.7541103056403703
0.7547359791629139
0.7553584766777288
0.7559778223063928
0.7565940399268312
0.7572071531763858
0.757817185454837
0.7584241599273813
0.7590280995275629
0.7596290269601624
0.7602269647040426
0.7608219350149508
0.7614139599282801
0.760768493360556
0.7613577335246925
0.761944078159767
0.7625275485564341
0.7631081657971275
0.7636859507585979
0.7642609241144164
0.7648331063374396
0.7652162632786974
0.7657833737538697
0.766347751166511
0.7669094152262068
0.7674683854534822
0.7678071953186435
0.7671680373345895
0.7677223991504595
0.7682741274185106
0.7688232408606469
0.7693697580217328
0.7699136972716816
0.7704550768075129
0.7709939146553826
0.7715302286725831
0.7720640365495163
0.7725953558116386
0.773124203821379
0.7736505977800301
0.7741745547296134
0.7743564637867519
0.7748763797688101
0.77539390533256
0.7745984409363189
0.7746981740650272
0.7752125617954723
0.7757246060738425
0.7755240956054928
0.7760331112617163
0.7765398236796761
0.7770442484569229
0.7775464010504884
0.7777092181267795
0.7782076279516074
0.7787038077548476
0.7791977724696805
0.7796895368962514
0.779623560147593
0.7795578759787514
0.7800455797929576
0.7805311303894412
0.781014541996513
0.7814958287173998
0.781975004531616
0.782452083296317
0.7829270787476351
0.7834000045019975
0.783870874057428
0.7843397007948305
0.7840849972577566
0.7845513363565519
0.7850156653730249
0.7854779972754485
0.7859383449207802
0.7863967210558535
0.7868531383185546
0.7873076092389841
0.7877601462406033
0.7882107616413664
0.7886594676548381
0.7891062763912972
0.789551199858826
0.7899942499643864
0.7904354385148814
0.7908747772182045
0.7913122776842753
0.7917479514260617
0.790966532082813
0.7914011130971939
0.7918338908708511
0.7917472782603525
0.7921775524788228
0.7911065209741804
0.7915363429474845
0.7919643997381468
0.7923907021976998
0.792815261088911
0.7932380870866887
0.7924953851345192
0.7929171424818068
0.7933371888459411
0.793755534617508
0.7929937389246781
0.7934110902574912
0.7938267621080798
0.7942407645938064
0.7946531077509331
0.7950638015354312
0.7942530731668753
0.7946629276027979
0.7942759237705856
0.794684106461517
0.7950906725873358
0.7954956317324201
0.7958989934055317
0.7949228142846547
0.7953257164176907
0.7947466463854992
0.7951483163534336
0.7955484172980558
0.7959469583949407
0.794722677671734
0.795121274414119
0.7945493339598281
0.7949467240295383
0.7949564793885546
0.7953515536093859
0.7957451083139833
0.7961371522519602
0.7963803318895559
0.7950238810097272
0.7946994079543651
0.7905728972880441
0.790968789731734
0.7904810515104809
0.7900685232994038
0.7904631313383147
0.7908562586716387
0.7893951137794082
0.7897880333432526
0.7895587570552143
0.7899499117818775
0.7903396150995363
0.7892658867674807
0.7892857280119031
0.7893054960414014
0.7896935153857083
0.7900801081883081
0.7900065667053937
0.7903911700630761
0.7907743671927597
0.7897150798805821
0.7900974160989811
0.7904783645271136
0.7908579327073181
0.7912361281273772
0.7916129582210101
0.7913127546926839
0.7916880914648194
0.7920620805286168
0.79243472912982
0.7928060444623248
0.7931760336686421
0.7935447038403558
0.7939120620185758
0.7940560903276014
0.7944212391036163
0.7947850953175922
0.7951476658205646
0.7955089574152374
0.7958689768564078
0.7962277308513876
0.7965852260604204
0.7969414690970921
0.796771991004265
0.7971266646674339
0.7974801025338669
0.7978323110511992
0.7965166299556243
0.7968692874427029
0.7972207246616602
0.7975709479351288
0.7979199635421372
0.7982677777184847
0.7986143966571128
0.7989598265084727
0.7993040733808897
0.7996471433409224
0.7999890424137195
0.8003297765833725
0.8006693517932646
0.8002360499149307
0.8005746328811766
0.8009120700505823
0.801248367229551
0.801583530185319
0.8019175646462865
0.8022504763023431
0.8025822708051915
0.8023839931762311
0.8027144547261036
0.8030438128985141
0.8033720732103499
0.8036992411417803
0.8040253221365614
0.8043503216023382
0.8040070510787799
0.804331006366253
0.8046538924943615
0.8044265659279238
0.8041156416671619
0.8044372908598266
0.8046614534495453
0.8049811564717227
0.8039861119155345
0.8039434273322482
0.8039008815606149
0.8042192242853542
0.8045365351049889
0.803774070377203
0.8040910751100347
0.8038377972849047
0.804153678448697
0.8036646853965287
0.8039798303637895
0.804293965251027
0.8046070949066254
0.8049192241479886
0.8052303577617876
0.8055405005042052
0.8058496571011778
0.8061181497089538
0.8062273127046606
0.8059253464114328
0.8060739635577022
0.806379840586791
0.8061598198404601
0.8064645999979438
0.8065269065068227
0.8064961202049338
0.8067989431780089
0.8071008198292933
0.80740175458775
0.8072567140265318
0.8072554619252512
0.8071862948483592
0.8074852308253385
0.8077832413039371
0.8080803305754921
0.8083765029048509
0.8084949457380319
0.8087895688984349
0.8072288646993601
0.807141224784047
0.8074361158776494
0.8077301065404316
0.8080232008902176
0.8083154030197607
0.8077382845175596
0.8080300321890048
0.8083208957765973
0.8086108792928203
0.8080691710159429
0.8083586594457831
0.80774366146469
0.808032768740683
0.808321007826658
0.8086083826275176
0.8088948970247818
0.8091805548767627
0.8094653600187376
0.809749316263121
0.8100324273996342
0.8103146971954743
0.810596129395481
0.8096772059357311
0.8099583326625616
0.8102386301070121
0.810436282263621
0.8107150524367628
0.8098182608766501
0.8100971197316696
0.8103751620161035
0.8100875321939109
0.81036477667246
0.8106412128580687
0.8109168442804005
0.8111916744485975
0.8114657068514297
0.8107508026649521
0.8110246799404008
0.8112977656630302
0.8115700632594761
0.8118415761366239
0.812112307681751
0.8121427976611355
0.8112484056907597
0.811518436583906
0.8117876959602147
0.8120561871214698
0.8123239133506415
0.8124486304013517
0.8127150385968044
0.8129806910243267
0.813245590895397
0.8135097414033243
0.8137731457233761
0.8140358070129059
0.8135935030593666
0.8131524432800988
0.8127126224327954
0.8129752975766483
0.8132372369357848
0.813498443597413
0.8137589206314948
0.8140186710908651
0.8142776980113514
0.8145360044118919
0.8147935932946532
0.8146652002695873
0.8149218966681059
0.8151778829797682
0.8154331621469233
0.8156877370956862
0.8159416107360502
0.8161947859619979
0.8164472656516105
0.8166990526671776
0.8169501498553048
0.8165165655189773
0.8167672259485963
0.8160792761178342
0.8163298493111342
0.8165797406726156
0.8161496051553974
0.8156452562263459
0.8153143393092757
0.8146099042656979
0.8148604314220956
0.8151102823918364
0.8149102236105356
0.8148228612638189
0.8147357337621202
0.8145896218415551
0.8142194769576678
0.8138732066478925
0.8139064104858224
0.8139641360487824
0.814212183867384
0.8136401508457435
0.8130629193204109
0.8128800000056755
0.8124650397934664
0.8121836291447333
0.8117089594412792
0.8119576926520569
0.8118759542712494
0.811508967945903
0.8115376842161496
0.8117853350910299
0.8117937294257948
0.8114787030064012
0.8109775154744183
0.8105710089182426
0.8101779837657017
0.8101357409938792
0.8103829600811268
0.8094430488727975
0.8091557660744142
0.8093168264729341
0.8093479359377792
0.8091633547356173
0.809012378427571
0.8092588140683096
0.8095046145656443
0.8089964157648409
0.8078652851791328
0.8075240048989886
0.8067501265316404
0.8065847419131071
0.8056823348353126
0.8059301890000635
0.8054980061690656
0.8046004260085452
0.8042622571552454
0.8039184387239992
0.8030229813839214
0.8023609269771063
0.802189379239672
0.8024391401244705
0.80216284024201
0.8019921901493459
0.8022412565768309
0.8015366561418662
0.8017856691203582
0.8013291707881272
0.8004931309415003
0.8005341811944902
0.8004086703565446
0.7997847193960002
0.7992606380124698
0.7995103138358374
0.7987655805267246
0.799015251022349
0.7986990730769965
0.7989482078875447
0.7985786798184625
0.7981950084582531
0.7981355818140382
0.7974605379940701
0.7969158262979865
0.7967558150453681
0.7964451818288582
0.7958436014045036
0.7958274020094579
0.7955880042074903
0.79559339125974
0.7958426676118623
0.7958608992113738
0.7961092436162261
0.7960532178038128
0.7963007260346334
0.7962446039424702
0.7958393906950076
0.7950569838469311
0.7947006348326232
0.7949482818352377
0.7944665549204105
0.7947138875859696
0.7949606257018519
0.7941458819372247
0.7941747020046643
0.7928728486505862
0.7926801438700818
0.7922255908414568
0.7918422328491477
0.7916436111433749
0.7913226783482398
0.7909898855130413
0.7909640739872023
0.7912117468853216
0.7912974564909442
0.7915441498047847
0.7910031689116661
0.7910137783822891
0.7912599341203547
0.7910210816027045
0.7901568447918382
0.7899336560068714
0.7891966767179778
0.7890832235746402
0.7892129507985295
0.7890959080876012
0.7888419205302395
0.7889820708665573
0.7887090480198495
0.7884896188942451
0.7881379634550116
0.7875888646746865
0.7878349957700809
0.7871861968482089
0.7872395461389432
0.7874852279563348
0.7868076210036746
0.7870532343435321
0.786984442045407
0.7867822887914595
0.7865543358699052
0.7859256771049246
0.785407243721452
0.7852237114059812
0.7850201904296805
0.7844094367876375
0.7843961161900772
0.7846416787001114
0.7848866824786095
0.7846545898408955
0.7834731426159419
0.7836554430710139
0.7831931631580377
0.7829029062386202
0.7826831911007862
0.7827872686756444
0.7829452525206909
0.7828933929624708
0.7823981254008927
0.7824305862643227
0.7825020248964859
0.7825733035317124
0.7817302471143682
0.7818499774403733
0.7820934484476944
0.7819028326870069
0.7813105132742151
0.7806886130616989
0.7801915516397786
0.7798805732250841
0.7801246080662979
0.7793714246686608
0.7796154828272133
0.779674839568104
0.7794765229681392
0.7791683900872483
0.7786773823154929
0.7789208615428685
0.7787242452115027
0.7783197799700593
0.777792343037304
0.7774606975356203
0.7768954993602174
0.7762995249864559
0.7759296565093965
0.7751380211151658
0.7746028718195523
0.7744128795760055
0.7737618205726524
0.7734228158397163
0.7731262618095214
0.7727068020592192
0.7729527903686789
0.7725893620647077
0.772402980464206
0.7719449687128492
0.7714534218432062
0.771472819326917
0.7715034937147375
0.7715699060021903
0.7712402019338249
0.7714853892843782
0.7714380523871495
0.7716825036680188
0.7719264326170915
0.7717696274595492
0.7717083439700249
0.7714189847112708
0.7713720206076128
0.771402443540017
0.7715202253846417
0.7713913598221976
0.7713890710609779
0.7716309873878975
0.7718723922638088
0.7713010056096435
0.7715422492746122
0.7717829845230058
0.7720232129603499
0.7722629361854179
0.7720490333648244
0.7718385187143142
0.7714993545039941
0.7708280827009625
0.7707689379641264
0.7704526539185871
0.7703735347480558
0.7699426372740149
0.7698736383848792
0.7695060973112909
0.769084195301234
0.769135179333301
0.7689078606825402
0.7685090525067185
0.7682310928250345
0.7681260623946742
0.7682364693550103
0.7684756474052116
0.7680906846021083
0.7681042369351648
0.768085611177001
0.7683239610113515
0.76791026558463
0.767635485825056
0.7674751124903081
0.7670430230619733
0.7672812203799059
0.7670649531022508
0.7673026419256158
0.7674265830540187
0.7676634195274872
0.7678997741363096
0.7681356483495857
0.7683710436304491
0.7686059614360977
0.7688404032178241
0.7690743704210449
0.7691814741921055
0.7693844719492159
0.769433712460046
0.7695653317015178
0.7697973907833894
0.7700289829455791
0.770260109595885
0.7704907721364515
0.7706373878782069
0.7708672101348419
0.7710965722868591
0.7713254757145722
0.7715539217927795
0.7710124383993742
0.771098225669039
0.7711048719895452
0.7713324019378658
0.7713939718796686
0.7716207635742325
0.7718471057312452
0.7719968382236666
0.7722223606388756
0.7724474373576119
0.7726720696998057
0.7728962589801807
0.7730520601858737
0.7732754341423836
0.7734983688187432
0.773720865509491
0.7733295790860273
0.7735518049888842
0.7737735955814513
0.7739949521415478
0.7742158759419959
0.7744363682506463
0.7746564303304018
0.7748760634392415
0.7750952688302453
0.7753140477516166
0.7751159083188439
0.7753342423884373
0.7755521529195833
0.77559346073476
0.7758106984300797
0.7760275159364335
0.7762439144717607
0.7762668450562473
0.7764825954467427
0.7766979301332102
0.7768710040590978
0.7770855511705794
0.7766135326638971
0.7760459430789848
0.7754084216677021
0.7756235477005874
0.7754794103343667
0.7756940571696112
0.7749531841446162
0.774929373854402
0.7751439311719859
0.7748818893327745
0.7747789252769551
0.7746928336429617
0.7743641333532452
0.7741565350820898
0.7736490937883146
0.7738634412373787
0.7740773831094342
0.7739426964972026
0.7736094669741448
0.772256827984106
0.7724712754153827
0.7721776217793547
0.7716102351619583
0.7711465427137103
0.7711736097468118
0.771217666174586
0.7714318818429619
0.7709853764783368
0.7711994088367683
0.7711796148042409
0.7713930666561026
0.7713608663192965
0.7709466854495811
0.7703624161076346
0.770111149921661
0.7695386588485937
0.7697522467458611
0.7699654391099853
0.7701782370386532
0.770267413036461
0.7704795391555409
0.7700455174404527
0.7695033724306626
0.7691631299146122
0.7689573262490556
0.7691696816477237
0.7693816470456596
0.7692874131187064
0.7690405868921998
0.768672112606279
0.7688837575169777
0.7685726859183072
0.7686318280620652
0.7683867260291619
0.7685978593691536
0.7688086081311124
0.7687156673290519
0.7689259258132982
0.7691358023566104
0.7693452979987551
0.7695544137757281
0.7697631507197719
0.7691730004103634
0.7693817047499563
0.7695900320266049
0.7692965793302311
0.7695046076626655
0.7697122611692757
0.7692841832087802
0.7694916614612903
0.7696987668867519
0.7692150022824708
0.7694217988754076
0.7696282251969158
0.7689398278577414
0.7690346090660901
0.768705113879424
0.7683167358414703
0.7677592852238372
0.7674318058959442
0.767243303893862
0.7674501987348452
0.7676567260894324
0.7675671164537422
0.7677731739746165
0.7679788664688817
0.7678892096548975
0.7680944358178905
0.7682992993904895
0.7685038013327751
0.768707942601441
0.7682264573852479
0.7676179156770945
0.7672359591402926
0.7670011296507142
0.7672056940671753
0.7674098995986954
0.7667686238634769
0.7668932493321523
0.7670971922461225
0.7661066294649065
0.7663107249016736
0.7662238512676413
0.7664274890278611
0.7664567079233982
0.7663337020904213
0.7665367136437745
0.7667393727465144
0.7664212987025018
0.7666237065892413
0.7661624198996405
0.7663645267104446
0.7659617939585358
0.7661637251112894
0.7657052174022261
0.7645221283539385
0.7647242552823901
0.7649260355094206
0.7647847107146396
0.7649860936677949
0.7638208752740607
0.7639005695369717
0.7637228007537111
0.7639242305910908
0.7641253172771291
0.764326061687957
0.7645264646967258
0.7647265271736189
0.7642774575770563
0.7644772224435165
0.7646766490121503
0.76445272629725
0.7646518364187231
0.7648506102055317
0.7645427193952317
0.7647412499859607
0.7649394460685337
0.7651373084876679
0.7653348380852393
0.7655320357002937
0.7657289021690592
0.7653861286413527
0.76544308354889
0.7649988273421136
0.7651953166169111
0.7653914775888269
0.7655873110799881
0.7657828179097795
0.7659779988948547
0.7657565351155918
0.7659514132061778
0.7661459673099134
0.7660633433060567
0.7655935811954294
0.765787948043526
0.7657748677220318
0.7659687626990831
0.7661623369234842
0.7657227624611829
0.7659160605119574
0.7658342390825713
0.7660271268592743
0.7653966518577441
0.7655895822427294
0.765782195568742
0.7657692381011157
0.7658122344752591
0.7657309676163996
0.7657863340092882
0.7658416097861491
0.7660330720839528
0.765598732374428
0.7655860091016919
0.7657770555490417
0.7658320688045664
0.7652122042774295
0.7654029335997062
0.7653227905258969
0.765513120785
0.7653558399508376
0.7650600052626182
0.764787765313839
0.7647469390801864
0.7646677143044082
0.764696231080595
0.7648859921845622
0.764538246287019
0.7647278290194771
0.764917106711336
0.7649105469444915
0.7650993738144155
0.7652878975914505
0.7648078484888644
0.7642379475113665
0.7644267081618779
0.7646151667953484
0.7646891297772409
0.764877077756652
0.7650647257392884
0.7652520744428456
0.7651735203330637
0.7653604840907603
0.765388041382653
0.7649664559316878
0.7645462077858802
0.7636786233977262
0.7637776821520705
0.7639644191622269
0.7641508611692078
0.7638437176323734
0.764029960757269
0.7640189048386266
0.7642047167245803
0.7637893005033153
0.7639748548627
0.7641601179279569
0.764345090384484
0.7645297729155306
0.764714166202206
0.7648982709234875
0.7650820877562292
0.7649531173751696
0.7651366044029798
0.7650597947791605
0.7652429126320216
0.7654257452545824
0.76560829331275
0.7657905574703606
0.7659725383891871
0.766154236728947
0.7663356531473109
0.7665167882999099
0.7663103461710951
0.7664912205161639
0.7664140166848804
0.7665945313551394
0.7667747672382629
0.7666791517873515
0.7668590444999287
0.7670386600280489
0.767217999011861
0.7673970620895442
0.7675758498973155
0.7677543630694373
0.7679326022382252
0.7679827561731142
0.7679051193229176
0.768082833626652
0.76826027598807
0.7684374470308926
0.7686143473769347
0.7682045619499676
0.7679577935677225
0.7681345203052947
0.7677200310980652
0.7678966698576865
0.7680730401693447
0.7682491426445388
0.7684249778929118
0.7685274718125011
0.7687028297884008
0.7688779222715283
0.7690527498643638
0.7692273131675653
0.7694016127799765
0.7695756492986332
0.7697494233187699
0.7699229354338274
0.7700961862354585
0.7702691763135358
0.770441906256157
0.7706143766496536
0.7707865880785953
0.7709585411257982
0.7709672743750684
0.7711388344691694
0.7713101377367824
0.7707332415978617
0.7703440538238724
0.77051556685313
0.770686823892792
0.7706092547971722
0.7705092208043008
0.7703822593591747
0.7705192855460693
0.7706899031776335
0.7705816640222266
0.7706459262294432
0.7708160702010831
0.7709859619207264
0.7709333797267112
0.7709178849970837
0.7710873244312574
0.7712565134006356
0.7714254524601625
0.7715941421631439
0.7716445889609587
0.7718128685564185
0.7719809003174226
0.7719788766742389
0.7721465392649196
0.7723139554741298
0.7722363877143593
0.7723301247739967
0.7724155784133772
0.77258230692736
0.7727487913293165
0.7729150321549717
0.7730810299384842
0.7732467852124517
0.773412298507917
0.7735775703543737
0.7734996469551845
0.773664614437373
0.7738293417922221
0.7739938295436459
0.7739158301520203
0.7740800161867682
0.7742439639253845
0.7744076738862798
0.7745711465863623
0.7747343825410427
0.7743805329774921
0.774362904247935
0.7739145539947545
0.7738972871687656
0.7740604204392065
0.7742233184778229
0.7742830587794547
0.7744455619768777
0.7743508940494535
0.7742170941932839
0.7743792945566508
0.7741566860998877
0.7743186970854689
0.7741618776291751
0.7738460978696509
0.7740079832684557
0.7739652634766225
0.7741268322661318
0.7742881702430845
0.774306522726851
0.7739700926670938
0.7741311973765257
0.7739683222683191
0.774129198907274
0.774171307110991
0.7743318108017436
0.774086242348455
0.7739736081206595
0.7739920665546164
0.774152242269319
0.7743121911062387
0.7744719135470695
0.7745004445946421
0.7743064513475787
0.7743873711481023
0.7745465896582306
0.7741596318151606
0.7738988476757458
0.7739002292530082
0.7739029560803815
0.7737104733283924
0.7738693845128528
0.7740280726640719
0.7741865382512639
0.7743447817423282
0.7745028036038533
0.7746606043011214
0.7748181842981136
0.7749755440575139
0.7749930192362446
0.7751500373665753
0.7753068365036976
0.7754634171054372
0.7754456849208234
0.7752540038596398
0.7752364419654397
0.7750451727215444
0.7752013913515989
0.7753573931619031
0.7755131786035384
0.7756687481263357
0.7758241021788798
0.7759792412085138
0.7761341656613433
0.7762888759822407
0.7764433726148497
0.7765976560015889
0.7767517265836568
0.7769055848010354
0.7770592310924948
0.7767997271481779
0.7769532349011709
0.7771065316469433
0.777030680091325
0.777183713255298
0.7773365364972354
0.7774891502487794
0.7776415549403899
0.7777937510013478
0.77794573885976
0.7780975189425627
0.7782490916755255
0.7784004574832555
0.7785516167892014
0.7787025700156572
0.7788533175837665
0.7790038599135257
0.7791541974237886
0.77930433053227
0.7794542596555497
0.7796039852090761
0.7797535076071704
0.77990282726303
0.7800519445887325
0.7802008599952398
0.7803495738924013
0.7804980866889583
0.7804774798736278
0.7804006325993491
0.7805488103101457
0.7806967881858637
0.7808445666304824
0.7809921460468929
0.7811395268369017
0.7807616511287876
0.7809088897781302
0.781055930791702
0.7812027745671603
0.7813494215010965
0.7814958719890395
0.7816421264254592
0.7817881852037699
0.7819340487163342
0.7819405501311307
0.782086117187118
0.782231490024218
0.7823766690308684
0.7825216545944722
0.7826664471014
0.7828110469369944
0.7829554544855736
0.7830996701304337
0.7832436942538531
0.7833875272370954
0.7835311694604129
0.7836746213030502
0.7838178831432469
0.7839609553582414
0.7841038383242743
0.7842465324165914
0.7842946805835176
0.7844370603323073
0.7845792522450169
0.7847212566931085
0.7845995694357348
0.7847413735374889
0.7848829910548983
0.7850244223559799
0.7851187370775407
0.785259827860812
0.7851820108259079
0.7852291982661157
0.7853699392895325
0.7855104959763107
0.7856508686883681
0.7857910577866752
0.7859310636312591
0.786070886581206
0.7862105269946648
0.7863499852288496
0.7864892616400433
0.7866283565836003
0.7867672704139496
0.7869060034845976
0.7870445561481316
0.7871829287562225
0.7873211216596275
0.7874591352081937
0.7875645443293298
0.7877022212286626
0.7878397197900431
0.7879770403597582
0.7881141832831996
0.7882511489048653
0.7883879375683633
0.7885245496164148
0.7886609853908558
0.7887972452326412
0.788933329481847
0.788793274904865
0.7889291865683753
0.7890649234258875
0.7886936133123026
0.7888292400046567
0.7889646927051027
0.7890999717482405
0.7892350774678124
0.7893700101967063
0.7895047702669579
0.7896393580097539
0.7896317787252607
0.7897661134770326
0.7899002767741117
0.7900342689445363
0.7901680903155086
0.7903017412133968
0.7901888204524757
0.7903222881239436
0.7904555860971643
0.7904579126924385
0.7905909552875544
0.7907238290468896
0.7908565342916285
0.7909890713421408
0.7911214405179849
0.7912536421379102
0.7913856765198597
0.7915175439809723
0.7916492448375857
0.7917807794052387
0.7919121479986739
0.79204335093184
0.7921743885178942
0.7921427519280662
0.7922735620275451
0.7924042075860183
0.7925346889137456
0.7926650063202068
0.7927951601141049
0.7923523504288007
0.7924825370429519
0.7926125605159827
0.7927424211543571
0.7928721192637724
0.793001655149161
0.7931310291146927
0.7932602414637778
0.7933892924990689
0.7935181825224631
0.7936469118351049
0.7937754807373884
0.7939038895289591
0.7935343164800923
0.7936627155370077
0.7937909549928579
0.7939190351450363
0.7940469562901976
0.7941747187242608
0.7943023227424106
0.7944297686391006
0.7945570567080548
0.7946841872422701
0.7948111605340188
0.7949379768748507
0.795064636555595
0.7951911398663633
0.7952403742032748
0.7953666131834207
0.7953386608647618
0.7954646838568401
0.7955905517436975
0.7957162648115058
0.7958418233457335
0.7958648525287725
0.7955601426044374
0.7955833163410808
0.7957086484585909
0.7958338269828197
0.7958175360717651
0.7953610993911826
0.7954862607982828
0.7956112691963279
0.7952363192345819
0.7953613275866976
0.7954861833965898
0.7956108869432992
0.7957354385051862
0.7953000381655413
0.7954246273084715
0.7952683237264478
0.7953927806725107
0.7955170863950669
0.7954175489700355
0.7955416888068255
0.7953191477151121
0.7950391563124565
0.7946473386212606
0.7947716441063566
0.7948957991915917
0.7948182725092914
0.7949422493839081
0.7950660765279999
0.7950690541523041
0.7951926554465427
0.7953161077337961
0.7954394112833542
0.7949488164467206
0.7950721184211963
0.7949949516833631
0.7951180778385083
0.795241056183143
0.7953638869832731
0.7949387853821103
0.7950616501002755
0.794680829297276
0.7948037013324063
0.794926426391418
0.7950490047378667
0.7951714366346779
0.7951743193590751
0.7952422886846908
0.7949730625137399
0.7950952478161751
0.794919491265957
0.7947439439497272
0.7948660474928863
0.7943934755264814
0.794260994894219
0.7943584250239334
0.7944804675016639
0.794602365207772
0.7947241183997058
0.7948457273343031
0.7949671922677938
0.7949701702605347
0.7950914179422257
0.795212522305144
0.7953334836032508
0.7954543020899077
0.7951459085622602
0.7951487706444758
0.7952694843918862
0.7949974371886714
0.7951180979083956
0.7952386166743318
0.7951656090405309
0.7952859582714119
0.7954061661643823
0.7951908875625084
0.7951155067877895
0.7946963300546196
0.7948166016831758
0.7938886810222786
0.7935451524646839
0.7936657452494592
0.7936564703122312
0.7937768574357363
0.7934365472725295
0.7935569222449815
0.7936771570019734
0.7937972517883517
0.79362634006538
0.7931919710466833
0.7933121384080739
0.7933874954258839
0.7935074098220384
0.7936271851063643
0.7937468215207955
0.7938663193067046
0.7934388087312841
0.793365445223145
0.7932549615540088
0.7933744673565787
0.7934938350819649
0.7932831408518779
0.7931139064947793
0.7929448673330176
0.7928855331155347
0.7927168202508368
0.7928361542633579
0.7928115074542305
0.7929306497731182
0.7930496551468118
0.7926515795263943
0.792770608470409
0.7928895008350273
0.7930082568551906
0.7931268767653022
0.7929999017908826
0.7931183906851066
0.7932367440085133
0.7932406109358954
0.7933587591582177
0.7927384866021011
0.7928567190683863
0.7929748167200006
0.7929162218643598
0.7930341511229791
0.7927725114998775
0.792605974235088
0.7927238787409236
0.7928416492643663
0.7929592860336654
0.7928704122256801
0.7925361651480543
0.7922002602925281
0.791994238291553
0.7920176466126412
0.7916873099083283
0.7918050672232472
0.7919226914790533
0.792040182901143
0.7921575417144042
0.7918281645535086
0.7919454444608024
0.7920625922961285
0.7919384313389718
0.7916102262447178
0.7917272991513219
0.7918442405891931
0.7919610507796593
0.7920777299435519
0.7920677051781054
0.79190408181386
0.7920205968856326
0.7921369815544153
0.7922532360390044
0.7923693605577082
0.7924853553283464
0.7926012205682523
0.7927169564942745
0.7928325633227775
0.7929480412696432
0.793063390550273
0.793178611379588
0.7932937039720311
0.7934086685415684
0.7935235053016898
0.7931039519799291
0.7932188304074805
0.7933335813340024
0.793448204971643
0.7935627015320801
0.7936770712265221
0.793352027428817
0.7934663238738232
0.7935804939546006
0.7936945378805925
0.79380845586078
0.7939222481036824
0.7940359148173594
0.7941494562094115
0.794262872486982
0.7943761638567579
0.7943058779474624
0.7944190210288994
0.7945320397089275
0.794644934192604
0.7946661798813138
0.7945959276786714
0.7947086013332634
0.7948211514421816
0.7949335782085146
0.7950458818349064
0.7951580625235573
0.7949965975002949
0.7946741968472891
0.7947863354617909
0.7947423940746862
0.7948543731286551
0.7949662300680616
0.7950779650925477
0.7947129988806236
0.794824750106056
0.7949363797305903
0.7950478879525965
0.7951592749700136
0.7952705409803503
0.7952673939354157
0.7953784805366444
0.79548944665349
0.7956002924818621
0.7957110182172458
0.7958216240547026
0.7959321101888721
0.7960424768139728
0.796152724123803
0.7962628523117427
0.7963728615707536
0.7964827520933814
0.7965251022810332
0.7966347922528494
0.7967443640242649
0.7968538177862335
0.7969631537292979
0.7970223326375587
0.7971314604157106
0.797199136644975
0.7973080522536512
0.7974168509373584
0.7975255328842803
0.797134884082327
0.7972436006503429
0.7973522007571183
0.7974606845896894
0.7975690523346923
0.7976773041783636
0.797785440306542
0.7978934609046687
0.7980013661577896
0.7981091562505549
0.7980034980338879
0.7981111720754477
0.798218731387075
0.7980394554180397
0.7977223921675949
0.7977117889701522
0.7978192747358429
0.7976611126143687
0.7977685111745522
0.7978757957840086
0.7975521606855017
0.7976594462389275
0.7977666181424027
0.7975207561599733
0.7976278880350209
0.7977349066029559
0.7977830852405278
0.7978899087559844
0.797732627917148
0.79757551307392
0.7976822770438178
0.7977362136399992
0.7974146982481973
0.7975025713477432
0.7973459910470339
0.7972382827890357
0.7973448872670647
0.7974513797067562
0.797126818677229
0.7972333137855349
0.7973396971466128
0.797445968936258
0.7973424857240272
0.7972740332258306
0.7973801724754506
0.7974862006426534
0.7970445004851597
0.7971505378412281
0.79684035982678
0.7969463377298438
0.7970522051241453
0.7968974098114178
0.7970031924104742
0.7971088648766843
0.7972144273819515
0.7968304487558618
0.7965220534844272
0.7966277014317353
0.7967332397288648
0.7968386685464327
0.7968403073911469
0.7969455714805815
0.797050726544548
0.7966606786844678
0.7965072070452105
0.7966124256558386
0.7963060078607396
0.7961530362511058
0.7960518220941134
0.7961570042384691
0.7962620779476246
0.795916244831732
0.7960213343040122
0.7961263156039072
0.7962311888983497
0.7963359543539289
0.796440612136892
0.7965451624131442
0.7966496053482504
0.7964460909278562
0.7965504775478932
0.7966547571596062
0.7967589299274548
0.7964551848609989
0.7963887968721527
0.7961350193686393
0.7962391915610928
0.7960027738602614
0.7960263075454567
0.7957243939222589
0.7957921039297253
0.7958961324045446
0.7958727637016909
0.7959766452468809
0.7958624295430059
0.7959662107176155
0.7958158213829013
0.7959195208133822
0.7959868568071681
0.7960903642364896
0.7961677615917033
0.7962710724069129
0.796374278550577
0.7964773801816907
0.7962583310842486
0.7963613870624558
0.7964643388384607
0.796567186570225
0.7964174051628663
0.7965201727523853
0.7966228366410067
0.7967253969856154
0.796727047491167
0.796829452001247
0.7969317533849322
0.7970339517979241
0.7971360473956113
0.7972380403330696
0.7972561786712605
0.7973580088175833
0.7974597367248034
0.7975613625468181
0.797662886437216
0.7977643085492775
0.7978656290359762
0.7978833895288642
0.7978177154933976
0.7979188572065075
0.7980198977779043
0.7981208373592247
0.7982216761018024
0.7983224141566693
0.7984230516745552
0.7985235888058895
0.7986240257008018
0.7987243625091223
0.7988245993803827
0.7989247364638171
0.7990247739083625
0.7991247118626597
0.7992245504750539
0.7992621935200241
0.7993618647248304
0.7994614370004013
0.7993404519401608
0.7994399360988419
0.7993366006948827
0.799435988213112
0.799535277327858
0.7993517227267909
0.7994509553070448
0.7995500897829186
0.7996491262998243
0.7997480650028862
0.7995565628512966
0.79965544959878
0.799754238824816
0.7997121153528894
0.799564473916755
0.7996631620142849
0.7997617529778606
0.7998602469508178
0.7999586440762108
0.8000569444968122
0.8001551483551143
0.8002532557933297
0.8003512669533919
0.8004491819769557
0.8005470010053984
0.80064472417982
0.8006811371454519
0.8007786989970693
0.8008761653869925
0.8009735364552629
0.8010708123416485
0.8011679931856437
0.801265079126471
0.8013620703030808
0.8014589668541525
0.8015557689180949
0.8016524766330472
0.801679505556822
0.8017760588647301
0.8016778710015355
0.8017743311810095
0.8018706975732404
0.8015066358052005
0.8014951113476836
0.8015914729441168
0.8012989496919887
0.8012336892542643
0.8013299907614087
0.801426198998328
0.8015223141004586
0.8012307064465897
0.8013267766706367
0.8010357802663194
0.800745345360129
0.8008414179997817
0.8009373980393
0.8010332856124988
0.8011290808529357
0.8012247838939112
0.8008393943874687
0.8009351446786286
0.8010308029464428
0.8011263693235098
0.8012218439421734
0.8013172269345237
0.801220671909615
0.8013159640132058
0.8014111647970998
0.8015062743925034
0.8012177516418887
0.801312817279554
0.8009225108539233
0.8007788038286826
0.8008738974784064
0.8009689003899149
0.8002053456707633
0.800300531308843
0.800395626293934
0.8001098074297153
0.800204857449958
0.800035769801191
0.8001307646848959
0.800225669355036
0.8003204839400597
0.7999408252664638
0.800035684998438
0.8001304548159743
0.8002251348468526
0.8003197252186107
0.8000356005968334
0.8001301464121541
0.8002246028647003
0.8003189700811081
0.8004132481877743
0.800297694769826
0.8003918939704063
0.800486004345715
0.8005800260213296
0.8002971338752999
0.8000380485956975
0.8001321483375349
0.8002261595565671
0.80032008237765
0.8004139169254049
0.8005076633242186
0.8006013216982448
0.8006948921714038
0.8007883748673834
0.8008817699096398
0.8007407756407037
0.8008341054881787
0.8009273479481561
0.8010205031433137
0.8011135711960998
0.8012065522287337
0.8012994463632063
0.8012365632339693
0.8013293566218153
0.8014220634082726
0.8015146837145188
0.801607217661505
0.8016996653699573
0.8017920269603764
0.8016182743540501
0.8017105878606327
0.8018028154941859
0.8018949573744768
0.80198701362105
0.8016725746922897
0.8016717981952179
0.8017638298433872
0.8017011688215057
0.801793101520244
0.8017304850073369
0.8018223189651844
0.8019140678915894
0.8020057319045965
0.8017272833699506
0.8016088031397539
0.8015464454057091
0.8013494262623345
0.8014411393619364
0.8015327678163149
0.8016243117425988
0.8017157712577014
0.80180714647832
0.801898437520937
0.8019896445018206
0.8020807675370245
0.8021718067423893
0.8022627622335422
0.8023536341258981
0.8024444225346598
0.8023055591634317
0.8023962863047059
0.8022002329623644
0.8022909251985119
0.8023815343070368
0.8024720604021779
0.8025625035979644
0.8026528640082171
0.8026923132419228
0.802782531662937
0.8028726676173872
0.8029627212182929
0.8030526925784672
0.8027292270056982
0.8028192227962978
0.802909136511393
0.8027184830237466
0.8028083607080183
0.8028981565364754
0.8029878706208922
0.803077503072839
0.8031670540036836
0.803256523524591
0.8033459117465244
0.8034352187802453
0.8035244447363142
0.8036135897250908
0.8037026538567348
0.8037916372412058
0.8038805399882647
0.8037429129321105
0.8038317572449525
0.8039205211557015
0.8039680880430534
0.8040567100647338
0.8040806983824375
0.8041691894852457
0.8040318670520695
0.8040558341053596
0.8041442166790604
0.8041737121708152
0.8042619619625364
0.8043501322499407
0.8041166176859894
0.8042047740236644
0.8042928510483951
0.8041810087392707
0.8038604370908077
0.8037239319528513
0.8038120666937796
0.8039001223191414
0.8039880989354181
0.8040759966489001
0.8041638155656867
0.8042515557916877
0.8041600862190089
0.8042477495644794
0.8041489064252261
0.8042364963597407
0.8041153952587007
0.8042029218917397
0.8041787133513683
0.8042661335686221
0.8043534757669405
0.8041433864973447
0.8042307055403686
0.8043179467589335
0.8044051102570364
0.804428590999194
0.8045156276743167
0.8046025869146751
0.8046894688235614
0.8047207179485287
0.8048074701840026
0.8048941453748623
0.8048919730955125
0.8049785338882829
0.805040381298729
0.8049051683637563
0.8049916082537146
0.8050779715804403
0.8051642584456105
0.805250468950723
0.805336603197096
0.8054226612858683
0.805508643318
0.8054841253660044
0.8055700043393528
0.8056558075148429
0.8054107012918544
0.8054964990426076
0.8055688659313931
0.8056545184133617
0.8057400954638181
0.805825597182364
0.8059110236684254
0.8059963750212538
0.8060816513399257
0.805947169067808
0.8060323920941287
0.8061175402977748
0.8059100878155613
0.8054957285393822
0.8055809626635981
0.8056661221192865
0.8057512070045232
0.8057736978798573
0.8058586612666115
0.8059435503521967
0.8060283652340358
0.8060257316100803
0.8061104365307746
0.8061950675056629
0.8062796246315331
0.8063641080050038
0.8064173805946143
0.8065017303198454
0.806586006569706
0.8063893381775021
0.806473589988565
0.8065577685053165
0.8066418738233576
0.8065810414864795
0.8066650636231056
0.8067490127921795
0.8068328890887106
0.8069166926075442
0.8070004234433604
0.8070840816906759
0.8071676674438428
0.8070606221136376
0.807044245553948
0.8071277400387797
0.8071802675857228
0.8072636310670952
0.8069981765262165
0.8070815106468874
0.8071647728347826
0.8072479631829989
0.8073310817844723
0.8074141287319789
0.8074971041181349
0.8075800080353968
0.8076628405760616
0.8077456018322682
0.8076132381325554
0.8076959495521029
0.8077785898831935
0.8076463825851337
0.8077289732323706
0.8078114929863481
0.807893941938306
0.8079763201793273
0.8080586278003391
0.8081408648921128
0.8080588630941575
0.8081410296767371
0.808223125941317
0.8083051519781257
0.8083871078772372
0.8084689937285717
0.8082660310372453
0.8080028931533039
0.8080848031818221
0.8079771148033035
0.8080589659905144
0.8081407474280983
0.8082224592051732
0.8080912448760097
0.8081729081760625
0.8081384972101316
0.8082200709783246
0.808301575410548
0.8081470056862633
0.8079858270972549
0.8080673271706431
0.8081487580882627
0.808230119938098
0.8081217695603995
0.8078607600139697
0.8079421060088833
0.8078646865818799
0.8079459620951702
0.8080271688765254
0.8081083070130949
0.8080651190308085
0.808075789729416
0.8081568045923414
0.8081322658562266
0.8082131885614748
0.8082940430350999
0.8083748293633615
0.8084555476323744
0.8085361979281082
0.8086167803363876
0.8083572203865672
0.8084377764099441
0.8085182647391835
0.8082095755947172
0.8082900921456849
0.8082446493877555
0.8083250836791198
0.8084054505203445
0.808485749996237
0.8082692359269745
0.8083495251916618
0.808429747240556
0.8085099021580285
0.8084107464362681
0.8084021628415534
0.8084822287994131
0.808220464368761
0.8083005393314463
0.8083805474535951
0.8084604888188627
0.8085403635107647
0.8086201716126777
0.8085160896784274
0.8085958414111727
0.8086755267394778
0.8087551457462445
0.808834698514237
0.8087062849181812
0.8087857918654304
0.8088652327495744
0.8089446076529176
0.809023916657628
0.8091031598457368
0.8091823372991397
0.8092614490995961
0.8093404953287301
0.8094194760680306
0.8094293782863599
0.8095082568549499
0.8095181141476592
0.8095968907753897
0.8095722537804433
0.8096509429317736
0.8097295670776093
0.8098081262984691
0.8098866206747388
0.8099650502866717
0.8099255948903826
0.8100039437795458
0.8098762124471273
0.8097714675307799
0.8096733436542455
0.8095459060642644
0.8096242499943078
0.8097025294967772
0.8097807446511148
0.809800203201851
0.8098783140013573
0.8097511061548872
0.8098291729968425
0.8099071757970899
0.8099851146344015
0.8099719149061816
0.8100497633638193
0.8101275480635065
0.8102052690835378
0.8102085328106648
0.8101108722947621
0.8101885048081331
0.8102660738703283
0.8103435795591067
0.810091217008167
0.8098966219536058
0.8096126254282112
0.8094455729708587
0.8095232551669571
0.8093187600783366
0.8091248759941227
0.8092025938784899
0.8091592483794359
0.8089317629244402
0.8088061298366304
0.8088838509220626
0.8086712667834166
0.8084781969485465
0.808403703161722
0.8084814613990753
0.8085591565465807
0.8086367886809901
0.808642825415114
0.808720360737069
0.8087168287967137
0.8085918422263506
0.8080932304545718
0.8081708312509913
0.8079115328821214
0.8076299973581735
0.8074833149862374
0.8072470367897239
0.8072441122389612
0.8073218677402767
0.8073995605355427
0.8072756590601152
0.8071742408072932
0.8072518991879587
0.8073294950417478
0.8074070284441455
0.8071492889583138
0.8069023843851962
0.8069799647852022
0.8067897452544986
0.8066665859830194
0.806744167609832
0.8065924737714693
0.806619902611176
0.8066974096642376
0.8065745340994683
0.8064295080323257
0.8064569581892382
0.806534406385241
0.8066117926226869
0.8065558369545718
0.8062823490419317
0.8063597123210684
0.8064370138331158
0.8065142536520172
0.8065581915909941
0.8064633228746421
0.8065404598523724
0.8066175353663755
0.8066945494900846
0.8067715022968163
0.8066494284797463
0.8067263380149572
0.8068031863895039
0.8068799736763126
0.8069566999481932
0.8067106885502789
0.8067874211074245
0.8068640927657152
0.8069407035976209
0.8069606092889553
0.8070371211362446
0.8071135723560797
0.8071107550997011
0.8069231947585426
0.8069996003007829
0.8070759453956007
0.8071522301147008
0.8072284545296753
0.8073046187120025
0.8073807227330484
0.8074567666640657
0.8073670047198415
0.8074429940670921
0.8074696332650151
0.8075455222546624
0.8076213514421112
0.8076971208980223
0.8077728306929443
0.8078484808973154
0.8079240715814627
0.807999602815603
0.8080750746698421
0.8080980969063831
0.8081734707881952
0.8081366086929843
0.8082119082971079
0.8082871488195492
0.8083623303298161
0.8084374528973073
0.8085125165913131
0.8085875214810149
0.8086624676354859
0.8087373551236912
0.8088121840144878
0.8088869543766253
0.8089616662787454
0.809036319789383
0.8091109149769652
0.809185451909813
0.8092599306561401
0.8093343512840542
0.8094087138615566
0.8093855525696028
0.8094598372334493
0.8095340640206588
0.8096082329988439
0.8096823442355122
0.8097563977980665
0.8098303937538044
0.8099043321699188
0.8099782131134983
0.8100520366515271
0.8101258028508858
0.8101995117783505
0.8102731635005941
0.8102982708848064
0.8102167283214544
0.8102902877290817
0.8103637901360058
0.810437235608455
0.8105106242125555
0.8105839560143309
0.8106572310797024
0.8107304494744899
0.8108036112644108
0.8108767165150814
0.8109497652920166
0.8110227576606297
0.8110956936862335
0.8111685734340397
0.8112413969691596
0.8113141643566041
0.8113868756612835
0.8114595309480088
0.8115321302814905
0.8116046737263398
0.8116290659257526
0.8117015162850119
0.8117739109346523
0.811846249938905
0.811918533361902
0.811990761267677
0.8120629337201654
0.8121350507832045
0.8122071125205335
0.8122442612155375
0.8123162258528639
0.8121965644636482
0.8122684922443975
0.8123403649502764
0.8124121826445165
0.8123309232020358
0.8124026895793964
0.8124744010894961
0.8125166641854027
0.8125882773770813
0.8124689233192818
0.8125405000661065
0.8126120221950396
0.8126834897685732
0.8125642814232554
0.8126357127184447
0.8127070895897901
0.8127784120994664
0.8124690179570608
0.812540376778234
0.8126116813135028
0.8124294462002024
0.8125007386949952
0.8125719770161597
0.8126431612254206
0.8127142913844086
0.8127853675546612
0.8128563897976223
0.8129273581746426
0.8129982727469797
0.8128526013395619
0.8129234905057212
0.8129943259883013
0.8130651078482604
0.8131358361464638
0.812899060466958
0.8129697713284595
0.8130404287627896
0.8131110328304774
0.8129928331200845
0.8130634018623034
0.8131339173651845
0.8132043796889532
0.8132747888937444
0.8133451450396021
0.8133212862279111
0.8133915718882169
0.813461804642493
0.813531984550453
0.8136021116717201
0.8136721860658286
0.8137004523953373
0.8137704371990957
0.8138403694419799
0.8139102491831804
0.8139800764817984
0.8140157519628971
0.814085487338989
0.8141551704396865
0.8142248013237481
0.814294380049844
0.8143639066765569
0.8144333812623816
0.8145028038657253
0.8145721745449078
0.814641493358162
0.8147107603636337
0.8144757261886048
0.8144827652356913
0.8144276099750312
0.8144968275766817
0.8143795655231483
0.8144487494346193
0.8145178817932502
0.8145559260334265
0.8146249670140544
0.8146939566057871
0.8146884901040737
0.814757404760041
0.8145784367037486
0.8146473410379352
0.8146233264238796
0.8146921629161098
0.8147609483047824
0.8145116333491432
0.8144877047017586
0.8145564893867041
0.8146252230822614
0.814619804326025
0.8145958710651634
0.8144423738896488
0.814405306288019
0.8143506490036603
0.8142343950654193
0.8143030699655799
0.8142793068207294
0.8143479143911687
0.8142318331820139
0.8143004076252838
0.8143689314601084
0.8140931283377205
0.8139773122874485
0.8139932229195367
0.8137619203612165
0.8138304910827331
0.81389901132893
0.8139149215003111
0.8139833602934334
0.8140517487639138
0.8139057049998207
0.8139740717503718
0.8140423882866369
0.8138847425437326
0.8139530417207806
0.8137485139198597
0.8138168129613266
0.8138850619301824
0.8139532608814721
0.8140214098701603
0.8140895089511305
0.8141575581791866
0.8139816254221994
0.8140496643302382
0.814117653484048
0.8141855929381838
0.8142534827471213
0.8140372551136206
0.8140138753198588
0.8140817534675523
0.8141495820872284
0.8142173612330755
0.8142850909592028
0.8143527713196403
0.81442040236834
0.8143059011293129
0.814373500000398
0.8144410496728869
0.8145085502004704
0.8145760016367611
0.8146434040352938
0.8145995210945179
0.8144852459324785
0.8145526078620601
0.8146199208900593
0.8146871850697074
0.8144823656337009
0.8145496309108461
0.8146168474273698
0.814684015236273
0.8145700405838875
0.8142751202216196
0.814132802998079
0.8142000487278191
0.8142672458168869
0.8143343943180377
0.8144014942839509
0.8144685457672298
0.8145355488204017
0.8146025034959178
0.8146694098461538
0.8147362679234099
0.8148030777799107
0.8148698394678054
0.8149365530391683
0.8150032185459987
0.8150698360402204
0.8150644113332226
0.815130958864229
0.8151974585193138
0.8152639103501231
0.8153303144082288
0.8153966707451284
0.8154629794122458
0.8155292404609308
0.8155954539424596
0.8153690583513962
0.8154352580436329
0.8152092205960919
0.81515601767563
0.8152221988365052
0.8152883326236073
0.8153544190877849
0.8153012403494369
0.8152200583879667
0.8149948207613944
0.814995958974759
0.8150620082575241
0.8151280103959047
0.8150920338364648
0.8151579781895901
0.8152238755235689
0.815289725888671
0.8153555293350947
0.8154212859129668
0.8154869956723427
0.8155526586632067
0.8156182749354717
0.8156838445389797
0.8157493675235019
0.8158148439387387
0.8158802738343199
0.815945657259805
0.8159222473708239
0.8159875694973778
0.8160528452797484
0.8161180747672379
0.8158287737836266
0.815894036443519
0.8159592528670248
0.8160244231032616
0.8159621135729596
0.8160272366750214
0.8159154477692291
0.815980541316694
0.8158552524938668
0.81592032130924
0.815985344155828
0.8160503210823267
0.8161152521373629
0.8161801373694951
0.8162449768272131
0.8163097705589384
0.816374518613024
0.8164392210377551
0.8165038778813488
0.8164678855702235
0.8165324868072633
0.8165970425824894
0.8166615529438744
0.8167260179393231
0.8167904376166731
0.8168548120236946
0.816919141208091
0.8169279846497868
0.8168167428159329
0.816881017643015
0.8166137126633255
0.8166780136055893
0.8167422694718335
0.8168064803094397
0.8168456274016506
0.816909757083933
0.816973841873193
0.8170378818165545
0.8169882008505466
0.8169822609201793
0.8170462307695606
0.8169936872461144
0.8170576084171776
0.8171214849505515
0.817010796823169
0.8170746451145776
0.8170686895355352
0.8169930031026428
0.8168983574220404
0.8169621559037749
0.8170259099421225
0.8169735564451603
0.8170372621338324
0.816984941119404
0.8170485985311885
0.8171122116749537
0.8171757805968602
0.8171234841708942
0.817187005016962
0.8172504817513311
0.8171097369488775
0.8170575360223395
0.8167916489305888
0.8167189551747677
0.8167824841331126
0.8168459690658455
0.8167939499101824
0.8168573869081359
0.8168630899010142
0.8165804383128131
0.8164709327997336
0.8165343937496646
0.816597810827525
0.8164538585777574
0.8165172596628774
0.8163339713431438
0.8163973700413338
0.8163128397450562
0.8163762019941955
0.816439520545232
0.8165027954433549
0.8165660267336915
0.8164569788429806
0.8163480060541228
0.8162391082895604
0.8163023432832666
0.8163655347716452
0.8164286827995779
0.8164917874118848
0.8163257535788682
0.8163888501939217
0.8162802001766848
0.8163432691089962
0.8164062947544634
0.8164692771576351
0.816360748598939
0.8162252298752434
0.8162882095771368
0.81635114612747
0.816414039570577
0.8164768899507309
0.816539697312144
0.8166024616989686
0.8166651831552958
0.8166139016111971
0.8166765762859711
0.8166708787880942
0.8166196478413313
0.8165115496344889
0.816514817691447
0.816515386439482
0.8165123772038929
0.8164878864005721
0.8165504331332236
0.8166129372445922
0.8166753987782283
0.8167378177776228
0.8166300104877052
0.8166924024541946
0.8166413732923621
0.8164500529525714
0.8164369080595821
0.8164992808397181
0.8165616112470416
0.8163736982702978
0.8164360289905048
0.8163625861574575
0.8164248783602535
0.8164871283167268
0.8164363417195571
0.8164985456024038
0.8164325303842531
0.8164165460425148
0.8163729046931436
0.8164350458421477
0.8164971449470725
0.8165592020505736
0.8163507641864591
0.8164128288149869
0.8164748515079547
0.8165368323078508
0.8164152877119097
0.8164097476215582
0.8163367348861932
0.8162862559424429
0.8163481958426646
0.8164100939903415
0.8164719504276763
0.8165337651968149
0.8165955383398462
0.8166572698988028
0.8167189599156606
0.8167806084323388
0.8168422154907005
0.8169037811325524
0.8169653053996448
0.8170267883336726
0.8170882299762737
0.817149630369031
0.8168754190836722
0.816936849671031
0.8169982390574592
0.8170595872843927
0.8171208943932116
0.8171821604252406
0.8170759373306574
0.8171371773918122
0.8170310404515874
0.8170922545564882
0.8171534277154994
0.8172145599696902
0.8172756513600746
0.8173367019276122
0.8173420448238733
0.8174030324549839
0.8174639793733901
0.8175248856198454
0.817585751235049
0.8176465762596454
0.8175022325290973
0.8175630448474814
0.817596057379733
0.8176567979533661
0.8175843422949262
0.8176450463407515
0.8176835321315009
0.8177441628158603
0.8177572607860487
0.8176932005465053
0.8177537675895131
0.8174821788257836
0.8175427757119637
0.8175618454843792
0.8176223757280804
0.8176496983231956
0.8177101592985525
0.8177705801937137
0.8177836260111256
0.8176934209496627
0.8177537873665668
0.817548002740286
0.8175808017687196
0.817494124545361
0.8174718050597309
0.8175321449588847
0.8175649058715442
0.8175260671183655
0.8175863293154862
0.8176465517224472
0.8176467283780444
0.817706891120249
0.8177670141772673
0.8178270975883529
0.8177553022364781
0.8178153499128417
0.8178753580321062
0.8179353266333469
0.8179952557555874
0.8180551454378001
0.8181149957189061
0.8181748066377752
0.8180767873062046
0.8181365714707441
0.8181963163552807
0.8182560219985138
0.8183156884390921
0.8183753157156135
0.8184349038666254
0.8184944529306246
0.8184134477235747
0.8184729647843012
0.8185324428430218
0.8185918819380619
0.8186512821076958
0.8187106433901482
0.8186063532581488
0.8186002667834161
0.8185778337334543
0.8186371414046757
0.8186964103127135
0.818755640495558
0.8186515400251153
0.8187107461824692
0.8186611234411127
0.8187202878380325
0.8184875881870398
0.8185467705841096
0.8186059144007379
0.8185491657953433
0.8184779771419898
0.8184556788752552
0.8183520149172879
0.818411125878916
0.8183075438600874
0.8181005818679807
0.8181596977009777
0.8181006346531099
0.8181597120695915
0.8180969978773611
0.818107953688453
0.8180546565437931
0.8178648485826463
0.8179239066732485
0.817820851922301
0.8176998615115822
0.8174349765548244
0.8174940973525722
0.8175531798720437
0.8176122241504022
0.8176712302247632
0.8176008320261134
0.8176598036290795
0.8177187371120694
0.817734552275092
0.817793423543737
0.8178522567941264
0.8178376909503348
0.8176383241575144
0.8176433870637001
0.8175812640752887
0.8176400708889331
0.8176988397993782
0.8177575708432573
0.8176552334613432
0.8177139407268096
0.8176116832627842
0.8176703667623779
0.8175521067537698
0.8174198552724985
0.8174785438436099
0.8175371946971306
0.817595807869409
0.817654383396747
0.8176378423530428
0.8176963667938795
0.8175290905441207
0.8173813286522649
0.817439879043848
0.8174983919031288
0.8175568672661845
0.8174658283379549
0.8175242766798255
0.8175826876027833
0.8176410611427504
0.817699397335603
0.8176383059602691
0.8175461619253412
0.8176044725159691
0.8174968909966158
0.8175551800764636
0.8176134319346767
0.8176136133538429
0.8175350603730115
0.817428940253227
0.8174135709384877
0.8173033651821182
0.8172553611354274
0.817154292208656
0.8172125233257871
0.8172707173648428
0.8172727093108645
0.8173308471698174
0.8172902378585083
0.8173483331723848
0.8174063915534489
0.8173584920539614
0.8173529779205263
0.8173315892327141
0.8173895792043863
0.8174475323687137
0.8175054487607287
0.8175633284154192
0.8176211713677288
0.8176789776525568
0.8177367473047582
0.8176677777934167
0.8176818377008657
0.8177395515857341
0.8177972289428271
0.8178548698068123
0.8179124742123131
0.8179700421939089
0.8178168700356092
0.8178744318460245
0.8179319572939568
0.8179894464138514
0.8180468992401096
0.8181043158070898
0.8181616961491064
0.8182190403004312
0.8182437353457773
0.8183010174966295
0.8183582635528688
0.8184154735486002
0.8184726475178858
0.8183948873428498
0.8184520318087584
0.8185091403234457
0.8185662129208283
0.8186232496347796
0.8186802504991307
0.8187372155476701
0.8187941448141438
0.8187613321201004
0.818818218079887
0.8188750683409224
0.8189318829368004
0.8189886619010723
0.8190454052672476
0.8191021130687934
0.8191587853391352
0.8192154221116567
0.8192720234196994
0.8193285892965633
0.8193851197755068
0.8194416148897465
0.8194980746724577
0.8195544991567739
0.8195483883757875
0.8196047618876976
0.8196611001881698
0.8197174033101842
0.8197736712866791
0.8198299041505522
0.81988610193466
0.8199422646718179
0.8199983923948004
0.8200544851363415
0.820110542929134
0.8201665658058299
0.8202225537990411
0.8202785069413383
0.820334425265252
0.8203903088032721
0.8204461575878482
0.8205019716513895
0.8205577510262647
0.8206134957448027
0.8206692058392919
0.8207248813419807
0.8207805222850776
0.8208361287007508
0.820891700621129
0.8209472380783007
0.8210027411043149
