0.5
0.6666666666666666
0.75
0.8
0.8333333333333334
0.8571428571428571
0.875
0.8888888888888888
0.9
0.9090909090909091
0.9166666666666666
0.916083916083916
0.922077922077922
0.9272727272727272
0.9318181818181818
0.9358288770053476
0.9356902356902356
0.9390749601275916
0.942121212121212
0.9448773448773448
0.9473829201101928
0.9496706192358365
0.9517676767676767
0.9536969696969696
0.9550357688288721
0.9567011107240991
0.9582474996268099
0.9596872410189888
0.930029999662925
0.9322165621734586
0.933719641556632
0.9356690638637899
0.9375070906105386
0.9392430047602459
0.9408850857126717
0.9424407413518119
0.9439166197786886
0.9453187042842213
0.9466523944236306
0.9479225755087822
0.9491336784039268
0.950289731167474
0.9513944038081967
0.9504747626186905
0.9515284910736119
0.952538314176245
0.9535069200093829
0.9528983200707336
0.9178286038403147
0.9193502963617903
0.9202105940036972
0.9216354048250598
0.9230102222842692
0.9243376322448853
0.9252433974234089
0.9264893407996854
0.927694433573461
0.9288606523867923
0.9299898483806527
0.931083756999705
0.927015801763812
0.9278283678172441
0.9264179941682306
0.927500082489286
0.9272332828748168
0.9282728074051765
0.9163763405328105
0.9165433965333395
0.9176711884720782
0.9187689059591171
0.9198377361438655
0.9208788045056335
0.9218931788068434
0.9228818727459973
0.9228041826700057
0.9237572174518575
0.9135462001638609
0.9145754120666721
0.9155804072188289
0.9165620303907029
0.9117739610758673
0.9127765297000052
0.91375656869214
0.9147148290400051
0.9046630177318732
0.9056992892782658
0.9067132754150586
0.9077056873787283
0.9086772064589522
0.9086815158613684
0.9096229435329006
0.9105451583948099
0.9114487426534481
0.911728194620853
0.9126021728919337
0.9134590143341696
0.914299218078498
0.9151232640585125
0.9159316139246219
0.9167247119064651
0.9175029856269654
0.9182668468711602
0.9190166923127092
0.9197529042007755
0.9204758510097775
0.921185888054333
0.9218833580715513
0.922568591772678
0.9232419083659591
0.9239036160524595
0.9245540124964555
0.9251933852719093
0.9258220122864311
0.9264401621840441
0.922915863323019
0.9235477005088959
0.9241692639193927
0.9247808021135911
0.9253825556966824
0.9259747576355977
0.9265576335597268
0.9271314020475414
0.927696274899886
0.9282524574006562
0.9288001485655366
0.9293395413794341
0.9287967091671291
0.9293280770091654
0.9298515727350234
0.9302666447727292
0.930775647365629
0.9312772731093564
0.9317716812164832
0.9322590263506513
0.9327394587878807
0.9332131245710646
0.9336801656579803
0.9341407200631332
0.9345949219937323
0.9350429019800766
0.9354847870006202
0.9359207006019674
0.9363507630140347
0.9367750912606079
0.9371937992655045
0.9376069979545472
0.938014795353537
0.9384172966824103
0.9388146044457495
0.9392068185198152
0.9395940362362495
0.9399763524626024
0.9403538596798187
0.9404141480568198
0.9407842465160942
0.9411497758585874
0.9414472453668138
0.9418042743584796
0.9417781878472161
0.9401208895268512
0.9404794470745946
0.940833736080103
0.9411838323163154
0.9415023221427121
0.9418444138260881
0.9421825276991922
0.9425167327413934
0.9428470963463279
0.9431736843672061
0.9434965611605741
0.9432508178771811
0.9435696335070846
0.9438848869511791
0.9441966375792281
0.9445049434489561
0.9448098613420938
0.9451114467992408
0.9426923628492448
0.9430021338608706
0.9433085740014036
0.9409379399158345
0.9412520998098992
0.9415629352606405
0.9418704987592688
0.9395570406505814
0.9398718477305263
0.9401833925609381
0.9404917255889745
0.9407968962269798
0.9410989528788829
0.9403827145393963
0.9405096565941433
0.940808603043419
0.9411045600282019
0.9413622875973074
0.9416525733022713
0.941529490018352
0.9414780439043338
0.9393244924706541
0.9396190337693402
0.9397381964771488
0.9400279166863933
0.940314864453444
0.9405990793846182
0.940880600335402
0.9411594654281595
0.9414357120693418
0.941709376966214
0.9419804961431154
0.9422491049572677
0.9423232258253601
0.9425877981839594
0.9428499543566354
0.943109727291378
0.9433671493398332
0.9436222522707349
0.9436508520363369
0.9439024107326033
0.9441517333515695
0.9443988495756777
0.9446437885643311
0.9448865789653647
0.9451272489262146
0.9453658261047962
0.9456023376801002
0.9458368103625135
0.9460692704038761
0.9462997436072784
0.9465282553366091
0.9425175423902675
0.9427600844054985
0.9430005882525342
0.9432390795150759
0.9434755833504298
0.9437101244983532
0.9439427272896824
0.9441734156547454
0.9439468397253772
0.9403375158251709
0.9405790643440973
0.9408186648910969
0.941056340935711
0.9412921155719681
0.9415260115258647
0.9417580511626668
0.9419882564940396
0.942216649185008
0.9424432505607531
0.9426680816132501
0.9428911630077511
0.9431125150891164
0.9433321578880001
0.9435501111268925
0.9437263445644427
0.9439411295088532
0.9441542811076788
0.944365817921665
0.9445757582313945
0.9447841200425546
0.9449909210910844
0.9451961788482073
0.9453999105253514
0.9456021330789612
0.9458028632152012
0.9460021173945572
0.9461999118363353
0.9463962625230641
0.9465911852047983
0.9467846954033317
0.946976808416316
0.9471675393212933
0.9473569029796399
0.947544914040427
0.9477315869441977
0.947916935926665
0.9481009750223306
0.9482837180680266
0.9484651787063844
0.9486453703892291
0.9488243063809043
0.9490019997615262
0.9491784634301714
0.9493537101079984
0.9495277523413043
0.9497006025045189
0.949765617513036
0.9499364827595903
0.9501061895976933
0.9502747497679714
0.9504421748529277
0.9506084762795958
0.9507736653221389
0.9509377531043984
0.9511007506023905
0.9512626686467535
0.951423517925147
0.9515833089846037
0.9517420522338346
0.9518997579454888
0.9520564362583699
0.9522120971796089
0.9523667505867947
0.9525204062300631
0.9526730737341464
0.9528247626003832
0.9529754822086887
0.953125241819489
0.9532740505756176
0.9531054618079732
0.9532533941051089
0.9534003960104387
0.9535464762737289
0.9536916435353735
0.9538359063280982
0.9537965913102725
0.953939635919219
0.9540817975367524
0.9542230843135623
0.9543635043003306
0.9545030654492592
0.9546417756155724
0.9547796425589902
0.9548844366788952
0.9550207374744273
0.9548215451594106
0.954957216194968
0.9550920748291147
0.9552261283370875
0.9553593839075128
0.9554918486436924
0.9556235295648648
0.9557544336074464
0.9558845676262481
0.9560139383956725
0.9561425526108899
0.9562704168889923
0.9563975377701289
0.9565239217186212
0.9566495751240588
0.9567745043023757
0.956898715496909
0.9570222148794394
0.9571450085512124
0.957267102543944
0.9573885028208078
0.9575092152774061
0.9576292457427241
0.9577485999800686
0.9578672836879897
0.9579853025011886
0.9581026619914087
0.958219367668313
0.9583354249803454
0.9584508393155798
0.9585656160025534
0.9586797603110864
0.9587932774530888
0.9589061725833543
0.9590184508003398
0.9591301171469327
0.9592411766112074
0.9593516341271662
0.9594614945754711
0.9594210173513984
0.9595301006380882
0.9596385990277984
0.959746517212216
0.9598538598329834
0.9574143168099968
0.9575269773475364
0.9576390433703662
0.9577505195720232
0.9578614105967684
0.9579717210402324
0.9580814554500491
0.9581906183264812
0.9582992141230359
0.9584072472470694
0.9585147220603845
0.9586216428798164
0.9587280139778118
0.958833839582997
0.9589391238807385
0.9590438710136959
0.9591480850823634
0.959251770145606
0.9593549302211868
0.9594575692862848
0.959559691278007
0.9596613000938914
0.959762399592403
0.959862993593422
0.9599630858787251
0.9600626801924597
0.9601617802416099
0.9602603896964574
0.9603585121910341
0.9604561513235684
0.9605533106569257
0.9606499937190411
0.9607462040033466
0.9608419449691922
0.9597206750300944
0.9598184403819631
0.9599157322938712
0.960012554196543
0.9589040902105272
0.9578009553782904
0.9579021521279827
0.9580028646827005
0.9581030965092334
0.9582028510413543
0.958302131680211
0.9584009417947128
0.958499284721912
0.9585971637673792
0.9586945822055736
0.9582046888201146
0.9583025701109339
0.9583999940125439
0.9584969637234704
0.9585934824124855
0.9586895532189531
0.9587851792531685
0.9588803635966947
0.958975109302693
0.9590694193962501
0.959163296874699
0.9592567447079378
0.9593497658387415
0.9594423631830724
0.9595345396303836
0.9596262980439202
0.9597176412610153
0.9598085720933833
0.9598990933274072
0.9599892077244242
0.9600789180210063
0.9601682269292366
0.9602571371369839
0.9603456513081711
0.9604337720830417
0.960521502078423
0.9606088438879841
0.9606958000824918
0.9607823732100634
0.9608685657964149
0.960954380345107
0.9610398193377873
0.9611248852344296
0.9612095804735703
0.9612939074725408
0.961377868627698
0.961461466314651
0.9615447028884855
0.9616275806839845
0.9617101020158468
0.961792269178903
0.9618740844483272
0.9619555500798478
0.9620366683099548
0.9621174413561038
0.9621978714169189
0.9622779606723915
0.9623577112840778
0.9624371253952928
0.9625162051313028
0.9625949525995142
0.962673369889662
0.9627514590739933
0.9628292222074505
0.9629066613278516
0.9629837784560682
0.9630605755962008
0.9631370547357532
0.9632132178458033
0.9632890668811728
0.9633646037805942
0.9634398304668763
0.9635147488470672
0.9635893608126151
0.9636636682395281
0.963228508019081
0.9633032468239203
0.9633776824287399
0.9634518166748356
0.9635256513886238
0.9635991883817919
0.9636724294514463
0.9637453763802586
0.9638180309366108
0.9638903948747376
0.9639624699348679
0.9640342578433642
0.9641057603128604
0.9641769790423984
0.964247915717562
0.9643185720106102
0.9643889495806091
0.9644590500735606
0.964528875122532
0.9645984263477819
0.9646677053568861
0.9647367137448609
0.9648054530942861
0.9648739249754257
0.9649421309463472
0.9650100725530403
0.9650777513295334
0.9651451687980093
0.9652123264689186
0.9652792258410938
0.9653458684018594
0.9652648934108156
0.9653313085285768
0.9653974701535223
0.959977792349329
0.9600534486964947
0.9600838959181814
0.9601590674889571
0.9602339564598424
0.9603085644214563
0.9585877847413762
0.9586650463370079
0.9587420201799557
0.9588187078747885
0.9588951110141674
0.958971231178956
0.9590470699383294
0.9591226288498823
0.9591979094597353
0.9592729133026401
0.9593476419020849
0.959422096770396
0.9594962794088414
0.9578223403217417
0.9578990269757023
0.9579754352752019
0.9580515667330367
0.9581274228510601
0.958203005120282
0.9582783150209662
0.958353354022727
0.9584281235846251
0.9585026251552621
0.9585768601728734
0.9586508300654218
0.9587245362506884
0.9587979801363634
0.9588711631201354
0.9589440865897806
0.95901675192325
0.9590891604887566
0.9591613136448611
0.9592332127405567
0.9593048591153537
0.9593762540993618
0.9594473990133734
0.9595182951689445
0.9595889438684752
0.9596593464052896
0.9597295040637152
0.9597994181191601
0.9598690898381911
0.9599385204786094
0.9600077112895272
0.9600766635114418
0.9601453783763102
0.9602138571076224
0.9602821009204738
0.9603501110216374
0.9604178886096346
0.9604854348748059
0.9605527509993803
0.9606198381575446
0.9606866975155114
0.9607533302315868
0.9608197374562373
0.9603228572690927
0.960389766447391
0.9604564503422607
0.9605229100895847
0.9605891468176223
0.9605355157987845
0.9606015099195222
0.9606672836926116
0.9607328382197905
0.9607981745954648
0.960863293906768
0.9609281972336224
0.9609525044502846
0.9610170457652428
0.9610813740725609
0.9611454904249949
0.9610266473303631
0.9610906429833511
0.961154428814526
0.9609452289855879
0.9594413293804146
0.9595073858472218
0.9595732274962507
0.9596388553736919
0.9597042705189532
0.9597694739647155
0.9598344667369857
0.9598992498551518
0.9599638243320358
0.9600281911739457
0.960092351380729
0.960156305945824
0.9602200558563107
0.9602836020929619
0.9603469456302938
0.9604100874366149
0.9604730284740766
0.9605357696987209
0.9605983120605296
0.9606606565034718
0.9607228039655517
0.9607847553788552
0.960621539791082
0.9606834556090206
0.9607451770287866
0.9607747172477614
0.960836102666779
0.9602722962563621
0.9603342739533102
0.9603960585733206
0.9604576510172189
0.9604852957665171
0.9605465588738559
0.9598336385040821
0.9598957194337512
0.9599576087556128
0.9600193073553729
0.9600808161132878
0.9586695252663144
0.9587328184894901
0.9587959181554083
0.9588588251505908
0.9589215403561541
0.9589840646478494
0.9590463988961049
0.9591085439660653
0.9591705007176319
0.9592322700055024
0.9592143487835191
0.9592758656028502
0.9593371971305567
0.9593983442025408
0.9594593076496841
0.9595200882978855
0.9595806869680983
0.9596411044763672
0.9597013416338651
0.9597613992469294
0.9598212781170977
0.9598809790411436
0.9599405028111122
0.9585797320927362
0.9586409141723629
0.9587019157738785
0.9587627376946828
0.9588233807274847
0.9588838456603372
0.958944133276671
0.9590042443553289
0.9590119658025955
0.959071802348869
0.9591314644445704
0.9584631508136467
0.9585235241409524
0.9585837222191224
0.9586437458101091
0.9587035956714548
0.9587632725563227
0.9588227772135286
0.9588821103875724
0.9589412728186695
0.9590002652427806
0.9576850782363543
0.9577456146051149
0.9578059780128219
0.9578661691996795
0.9579261889016742
0.9578437903399364
0.9579036713195671
0.9579633824240784
0.9580229243753191
0.9580822978910541
0.9581415036849933
0.9582005424668198
0.9582594149422187
0.9583181218129048
0.9583766637766507
0.9584350415273145
0.9584932557548673
0.9585513071454199
0.9586091963812504
0.9586669241408302
0.9587244910988514
0.9587818979262521
0.9588391452902434
0.9588962338543346
0.9589531642783591
0.9590099372184997
0.9590665533273139
0.959123013253759
0.9591793176432166
0.9592354671375176
0.9592914623749661
0.9593473039903639
0.9594029926150346
0.9594585288768471
0.9595139134002395
0.9595691468062418
0.9596242297125004
0.9596791627332997
0.959733946479586
0.9597885815589895
0.9598430685758472
0.959897408131225
0.9599516008229396
0.9600056472455807
0.9600595479905327
0.9601133036459963
0.9601669147970098
0.9602203820254702
0.9602737059101545
0.9601037723457947
0.9601571095485409
0.96021030432885
0.9602633572564115
0.960316268897881
0.9603439494917292
0.9603715565647437
0.9604241141820319
0.9604765325738438
0.9604910193977256
0.9605432109176758
0.96059526472913
0.9606471813763907
0.9606989614008955
0.9607506053412359
0.9608021137331766
0.9608534871096731
0.9609047260008908
0.960955830934223
0.9609907514134639
0.9608786383086224
0.9609295775816581
0.9608358965820576
0.960886759054029
0.9609374895870328
0.9609880886937854
0.9610385568843497
0.9610888946661529
0.9611391025440029
0.9611891810201061
0.9610460804010326
0.959862393416691
0.9598896622398385
0.9599410199066248
0.9599922462238798
0.9597879138532235
0.9597116537590229
0.9594798908596838
0.959531443161389
0.959582864453433
0.9596341552345835
0.9596853160010795
0.9595781193985465
0.9595626836231408
0.9596137408407883
0.9596646692886562
0.959575531026188
0.9596263794148343
0.9596771000437102
0.9597276933937181
0.95977815994335
0.9598285001687025
0.9598787145434916
0.9599288035390677
0.9596670469261762
0.9596836171952258
0.9597337619499581
0.9597837821214489
0.9592133307788664
0.9592251482128455
0.9592756121383247
0.9593259513074985
0.9593761661824276
0.9593029526606243
0.9592709703708123
0.959308889238623
0.9593588783181825
0.959408744725154
0.9593563647275333
0.9594061121391275
0.9594557379189085
0.9595052425124141
0.9595546263630087
0.9596038899118967
0.9596530335981353
0.9597020578586478
0.9597509631282368
0.9597997498395966
0.9595457549850692
0.9595671902599032
0.9596160221557245
0.9596647362423883
0.9597003312988355
0.9597488266883676
0.9597972055024441
0.9596453881288918
0.9596937749536772
0.9585940290805823
0.9586434985798887
0.9586928500135642
0.9587420838037746
0.9587912003706748
0.958748733929184
0.9587977259316434
0.958846601701594
0.9588953616521845
0.9588848345969749
0.9589334340832669
0.9589819188128026
0.9590302891915611
0.9590785456236087
0.9591266885111104
0.9585871741885356
0.9586357807916007
0.9586842734284218
0.9587326524993487
0.9587809184028582
0.9588188239539944
0.9588668766681672
0.9589148173713511
0.9589626464547372
0.9588442513508862
0.9588275268364769
0.9588752907264577
0.958922943923762
0.9587775855781713
0.9587879489884669
0.9588355379619213
0.9588830171568903
0.9587863777362026
0.9588338042290263
0.9588811216954297
0.9588239572722328
0.958857764767984
0.9589048921852028
0.9587612176327407
0.9588083476697319
0.9588553701038989
0.9589022853033243
0.9589490936344139
0.958995795461906
0.9590423911488811
0.9580014786972963
0.9580490421415803
0.9580964979762617
0.9581438465661191
0.9580884820768694
0.9581357329426227
0.9581828773875071
0.9581549251444764
0.9582019420825164
0.9582488534830972
0.9582956597011655
0.9583423610900779
0.9583889580016103
0.958435450785966
0.9584818397917853
0.9585281253661534
0.9585743078546097
0.9586203876011563
0.9586663649482662
0.9587122402368918
0.9587580138064741
0.9582499761389143
0.9582961597936278
0.9582731806115354
0.9583192367035757
0.9583651912386324
0.9584110445522462
0.9584567969784814
0.9585024488499336
0.9585147370177131
0.9585602252446673
0.9586056138259984
0.9586509030887709
0.9586050186773806
0.9586502097050253
0.9586953021699054
0.9587043845935035
0.9587493199747945
0.9587941576704742
0.9586837870944398
0.9587285986051833
0.9587733130162287
0.9588179306428345
0.9588347317711763
0.9588791867044688
0.9589235457263625
0.958967809146916
0.9590119772748527
0.9590560504175678
0.9590023821669484
0.9590463710272843
0.9590902655920996
0.9591340661642709
0.9591777730453785
0.9592213865357146
0.9592649069342892
0.9593083345388368
0.9593516696458242
0.9593949125504564
0.9594380635466833
0.959481122927207
0.9594848152284113
0.9595277338563474
0.9595705616512084
0.9596132989010485
0.9596559458927053
0.9596985029118058
0.9597409702427734
0.9597833481688336
0.959825636972021
0.9598678369331848
0.9598482237470936
0.9598903115628723
0.9599323112366285
0.9597998855275246
0.9597964600871932
0.9598270801025329
0.9598689705299547
0.9599107736856527
0.9599524898420672
0.9599941192705058
0.9600356622411491
0.9600771190230566
0.9600808073594435
0.9601221315754275
0.9601633703225056
0.9602045238655609
0.9602455924683828
0.9602259335798466
0.9602668955432042
0.9603077732226865
0.9603485668781616
0.9603892767684304
0.960429903151232
0.960385063769588
0.9603846696408577
0.9604251761136174
0.9604655998356669
0.9605059410603244
0.9605462000398756
0.9605863770255784
0.9606264722676683
0.9606664860153638
0.960706418516871
0.9607462700193894
0.9607860407691164
0.9608257310112529
0.960865340990008
0.960904870948604
0.9609443211292814
0.9609836917733043
0.9610229831209647
0.9610621954115874
0.9611013288835356
0.9611403837742147
0.961095776234488
0.9611347584226299
0.9611736625683529
0.9612124889057846
0.9612512376681164
0.960331494422517
0.9603710048862396
0.9604104367221736
0.9604497901647958
0.960489065447651
0.9605282628033577
0.9605673824636121
0.9606064246591927
0.9606453896199649
0.960684277574886
0.9607230887520084
0.9607618233784857
0.9608004816805759
0.9608390638836461
0.9608775702121776
0.9609160008897687
0.9609543561391408
0.9609926361821417
0.9610308412397498
0.9610689715320788
0.960618268725107
0.9606567274470552
0.9606951111275946
0.9607334199861448
0.9607716542412702
0.9608098141106853
0.9608478998112581
0.9608859115590141
0.9609238495691411
0.9609617140559927
0.9609995052330925
0.9610372233131379
0.9610005466945521
0.9610381909544995
0.9610757626122097
0.9611132618775159
0.9611506889594431
0.9611880440662129
0.9612253274052464
0.9612625391831684
0.9612996796058115
0.9613367488782197
0.9613737472046521
0.9614106747885864
0.9604924219950921
0.9605301200657075
0.9602499833131821
0.9602878404719315
0.9603256255904168
0.9603633388740761
0.9604009805275671
0.9604385507547705
0.9604760497587944
0.9605134777419774
0.9605508349058922
0.9605881214513498
0.9606253375784023
0.9596897303714416
0.9597276873108281
0.9597655728354653
0.9597884688987092
0.9598262262049075
0.9598639126718823
0.9599015284988065
0.9599390738841073
0.9599765490254691
0.9600139541198378
0.9600512893634234
0.9600885549517039
0.9601257510794282
0.9601628779406206
0.9601999357285828
0.9602369246358983
0.9593830527905626
0.9594206959297743
0.959458269359469
0.959341595043071
0.9593791721271347
0.959416679816768
0.9594541183040219
0.9594914877802394
0.9595287884360587
0.9595660204614165
0.9596031840455512
0.9596402793770062
0.9596773066436328
0.9597142660325937
0.9596748451540535
0.9597117391658065
0.9597485657296403
0.9597853250303439
0.9598220172520315
0.9598586425781463
0.9598952011914631
0.9599316932740914
0.9599681190074787
0.9600044785724128
0.9600407721490258
0.9600769999167965
0.960113162054553
0.9601492587404765
0.9601852901521035
0.9602212564663293
0.9601568770732088
0.96019280414528
0.9602286664838877
0.9602644642638303
0.9603001976592764
0.9603358668437695
0.9595101522844085
0.95954643350996
0.9595826497736037
0.9587243468668295
0.958761233062659
0.9587980533902817
0.9588348080259728
0.9588714971453791
0.9589081209235222
0.9589446795348002
0.9589811731529915
0.9590176019512571
0.9590539661021432
0.9590902657775846
0.9591265011489065
0.9591626723868278
0.9591987796614637
0.9592348231423281
0.9592708029983367
0.959306719397809
0.9593425725084718
0.9593783624974608
0.959414089531324
0.9594497537760242
0.9594853553969407
0.9595208945588731
0.9595563714260433
0.9595917861620976
0.9596271389301098
0.9588242967660396
0.9588602266990536
0.9588168358380178
0.9588527096743958
0.9588885210671945
0.9589242701793099
0.9589599571730725
0.9589955822102486
0.9590311454520437
0.9590666470591044
0.9582724141057148
0.9583084794349235
0.958344482475135
0.9579490170027666
0.9571601298072406
0.9555523287854008
0.955590481292881
0.9556285683586676
0.955666590150991
0.9557045468375055
0.9549255647061593
0.9549640569651635
0.9550024835377188
0.9550408445918214
0.9550791402948947
0.9551173708137927
0.9551555363148013
0.9551936369636418
0.9544214679441955
0.954460093818819
0.9544986542812924
0.9545371494976366
0.9545755796333105
0.9546139448532148
0.9546522453216931
0.954690481202535
0.9547286526589776
0.9547667598537091
0.9548048029488699
0.9548427821060558
0.9548806974863194
0.9549185492501732
0.9549563375575912
0.9541949043566581
0.9542332029316107
0.9542714375156277
0.9543096082689536
0.9543477153512981
0.9543857589218386
0.9544237391392226
0.9544616561615694
0.9544995101464725
0.954537301251002
0.9541600918723705
0.9541981017464398
0.9542360486381163
0.9542739327038132
0.9543117540994264
0.9535614456698649
0.9535997613087511
0.9536380137726351
0.9536762032176329
0.9528912845318571
0.9529300252518145
0.9529687023058393
0.9530073158507442
0.9530458660428273
0.9530843530378741
0.95312277699116
0.9531221699333775
0.9531605001296708
0.952420646251908
0.9524594548601855
0.9524982002107476
0.9525368824581331
0.9518010501289328
0.9518402044342709
0.9518792951774249
0.9519183225130473
0.9519572865952896
0.9519961875778036
0.9520350256137439
0.9520738008557699
0.952112513456048
0.952151163566253
0.9521897513375704
0.9522282769206989
0.9522667404658514
0.9523051421227573
0.9523434820406651
0.9523817603683433
0.952419977254083
0.9522977479218824
0.9523359708802783
0.9523741326329762
0.9524122333268699
0.9524502731083831
0.9524882521234723
0.9525261705176276
0.9525640284358751
0.9526018260227788
0.9526395634224422
0.9526772407785102
0.9519581347566222
0.9512413098006244
0.9505267550740992
0.9505658952995153
0.950604973643152
0.9506439902516488
0.9506829452711818
0.9507218388474663
0.9507606711257583
0.9507994422508562
0.9500906380963737
0.9501298441937057
0.9501689887430042
0.9502080718890881
0.9502470937763223
0.9502860545486197
0.9503249543494423
0.950363793321804
0.9504025716082714
0.950441289350966
0.9504799466915658
0.9505185437713074
0.950557080730987
0.9505955577109629
0.9506339748511565
0.9506723322910546
0.9507106301697107
0.9507488686257466
0.9507870477973546
0.9508251678222984
0.9508632288379159
0.9509012309811193
0.9509391743883983
0.9509770591958203
0.9509377250452064
0.9509755525509541
0.9510133217708686
0.9510510328395592
0.9510886858912211
0.9511262810596367
0.9511638184781778
0.9512012982798062
0.9512387205970763
0.9512760855621359
0.9513133933067285
0.9513506439621939
0.9513878376594705
0.9514249745290966
0.9503549135458332
0.9503927527885575
0.9504305343934405
0.9504224130096894
0.9504601145967544
0.9504977588865744
0.9505353460096674
0.9505728760961547
0.9506003736163723
0.9506377975757538
0.950675164875091
0.9507124756429615
0.9507497300075549
0.950786928096673
0.9505221832452793
0.9505594968325755
0.9505967541823624
0.9506339554216829
0.9506711006771972
0.9507081900751843
0.9507452237415439
0.9507822018017981
0.9508191243810915
0.9508559916041942
0.9508928035955019
0.9509295604790382
0.9502183192221354
0.9502555252615807
0.9502926757281516
0.9503297707462649
0.9503668104399664
0.9504037949329321
0.9504407243484698
0.9504775988095201
0.950514418438658
0.9505511833580944
0.9505878936896771
0.9506245495548924
0.9506611510748666
0.9506976983703667
0.9507341915618024
0.9507706307692271
0.9508070161123392
0.9508433477104837
0.9508796256826532
0.9509158501474889
0.9509520212232829
0.9509881390279786
0.9509573095725431
0.950993370374328
0.9510293781844864
0.9510653331197401
0.9510278677249348
0.9510344455345207
0.9510703177355943
0.9511061374151436
0.9511419046884317
0.9511776196703846
0.9512132824755924
0.9512488932183111
0.9512844520124625
0.9513199589716371
0.9513554142090941
0.9513908178377628
0.9514261699702444
0.9514614707188126
0.9514967201954148
0.9515319185116735
0.9515670657788877
0.9516021621080334
0.9516372076097654
0.9516722023944183
0.9517071465720073
0.9517420402522299
0.9515963781293041
0.951631301377407
0.9516661742675459
0.9517009969085635
0.9517357694089893
0.9516985494309973
0.9517332736945264
0.9517679480668723
0.9518025726554818
0.9518371475674937
0.9518716729097392
0.9519061487887437
0.9519405753107274
0.9519749525816067
0.9520092807069952
0.9520435597922045
0.9520777899422457
0.9520549099208889
0.9520890831853787
0.9521232077700045
0.9521572837787091
0.9521913113151396
0.9522252904826484
0.9522592213842942
0.9522931041228434
0.9523269388007705
0.9518882473723739
0.9519223208515719
0.9519563461022077
0.951990323226605
0.9520242523267982
0.9520581335045336
0.95209196686127
0.9514547688811977
0.9514277186765354
0.9513915274600143
0.9514257106333899
0.9514598457629518
0.951493932949916
0.9513525336987231
0.9513866483314729
0.9514207151511426
0.9514547342581795
0.9514887057527505
0.9515226297347416
0.9515565063037599
0.9515903355591343
0.9516241175999165
0.9516578525248818
0.9516915404325299
0.9517251814210866
0.9517587755885041
0.951792323032462
0.9516520920922031
0.9516856670282503
0.9517191953648025
0.9517526771988075
0.9517861126269441
0.9518195017456236
0.9518528446509898
0.9518861414389215
0.9519193922050314
0.9519525970446688
0.9519857560529196
0.9520188693246072
0.9520519369542939
0.9520849590362812
0.9521179356646114
0.9521508669330677
0.9521837529351755
0.9522165937642035
0.9522493895131643
0.9522821402748151
0.952314846141659
0.9523475072059455
0.9523801235596717
0.9524126952945831
0.9524452225021739
0.9524777052736888
0.9525101437001231
0.952542537872224
0.952574887880491
0.9526071938151773
0.9526394557662903
0.9526716738235921
0.9527038480766012
0.9527359786145927
0.9527680655265991
0.9528001089014114
0.95283210882758
0.952864065393415
0.9528959786869874
0.9529278487961301
0.9529596758084384
0.9529914598112705
0.9530232008917491
0.9530548991367614
0.9530865546329604
0.9531181674667658
0.953149737724364
0.9531812654917096
0.952572150887554
0.9526040030360513
0.9526358124299869
0.9526675791553859
0.9526993032980432
0.9527309849435234
0.9527626241771623
0.9527942210840672
0.9528257757491179
0.952823888123367
0.9528553808549268
0.9528868315681658
0.9529182403471202
0.9529496072756032
0.952980932437204
0.9530122159152897
0.9530434577930056
0.9530746581532761
0.953105817078805
0.9531369346520773
0.9531680109553584
0.9531990460706962
0.9532300400799208
0.9532609930646462
0.9532919051062702
0.9533227762859752
0.9533536066847295
0.9533843963832874
0.9534151454621903
0.953445854001767
0.9534765220821346
0.9531779858595658
0.9532087898162371
0.9532395532680344
0.9532702762947967
0.9533009589761526
0.9533316013915226
0.9533622036201184
0.9533927657409439
0.9534232878327966
0.9534537699742673
0.9534842122437412
0.953514614719399
0.9535449774792165
0.9535753006009663
0.9536055841622182
0.9533098829991398
0.9533403000134726
0.953370677422318
0.9534010153029802
0.9534313137325621
0.9534615727879665
0.9534917925458964
0.9535219730828556
0.9535521144751494
0.9535822167988856
0.9536122801299743
0.9536423045441297
0.9536722901168696
0.9537022369235167
0.9537321450391992
0.9537620145388511
0.9537918454972132
0.9538216379888333
0.9538513920880672
0.9538811078690795
0.9539107854058433
0.9539404247721418
0.9533573285296599
0.9533872660594868
0.9534171651832459
0.9534470259747951
0.953476848507803
0.9535066328557493
0.953536379091926
0.9535660872894376
0.9535957575212015
0.9536253898599492
0.9536549843782262
0.9536845411483932
0.9537140602426262
0.9537435417329175
0.953772985691076
0.953802392188728
0.9538317612973175
0.9538384029447053
0.9538677118952167
0.9538969836516283
0.9539262182846964
0.9539554158649977
0.9539845764629299
0.9540137001487128
0.9540427869923885
0.9540718370638219
0.9541008504327013
0.9538141706028828
0.9538433099274235
0.9538724125062839
0.9539014784089264
0.9539305077046387
0.9539595004625339
0.9539884567515511
0.9540173766404565
0.9540462601978431
0.954075107492132
0.9541039185915723
0.9541326935642421
0.954161432478049
0.9538770483625336
0.9539059112859614
0.9539347381081715
0.9539635288968539
0.9539922837195292
0.9540210026435495
0.9540496857360987
0.9540783330641934
0.954106944694683
0.9541355206942504
0.9541640611294127
0.9541925660665213
0.9542210355717627
0.9542494697111591
0.9542778685505687
0.9543062321556862
0.9543345605920436
0.9543628539250101
0.9543911122197933
0.9544193355414395
0.9544475239548338
0.954475677524701
0.9545037963156061
0.9545318803919545
0.9545599298179928
0.9543824370540277
0.9544105439936125
0.9544386163187395
0.9544666540933125
0.9544946573810781
0.954215312170641
0.9542434354432635
0.9542513971862413
0.9542794638137343
0.9543074960247621
0.9543354938825901
0.9543077874620196
0.9543357508723855
0.9540578696791915
0.9537803281940574
0.9538085625690153
0.9538367624697668
0.953864927959413
0.9538930591009012
0.953921155957025
0.953949218590425
0.9539772470635898
0.9539957371809477
0.9540237032981629
0.9540516354346767
0.954079533652385
0.9541073980130328
0.9541352285782159
0.9541630254093806
0.9541907885678244
0.9542185181146962
0.954246214110997
0.9542738766175805
0.9539993908915275
0.9540271690371244
0.9540194136367328
0.9540471461978687
0.95407484532614
0.9541025110819676
0.9535259737641795
0.9535539196608938
0.9535818319687899
0.9536097107483882
0.9536375560600638
0.953665367964047
0.9536931465204235
0.953720891789135
0.9537486038299798
0.9537762827026129
0.9536045664250796
0.9536322983040844
0.9536599970506171
0.9536876627240197
0.9537152953834923
0.9537428950880936
0.953770461896742
0.953797995868215
0.9538254970611506
0.9538529655340471
0.953285871024217
0.953313627488255
0.9533413509873712
0.953369041580257
0.9533966993254644
0.9534243242814067
0.9534519165063584
0.9534794760584565
0.9535070029957
0.953534497375951
0.9535619592569344
0.9535893886962392
0.9536167857513183
0.9535261563791935
0.9535535584096303
0.9535809281453936
0.9536082656435413
0.9536355709609965
0.9536628441545488
0.9536679007722966
0.953695122922254
0.9537223131025698
0.9537494713695284
0.9537765977792824
0.9538036923878526
0.9538307552511285
0.9532996484573881
0.9527697832926221
0.9527973710360259
0.9528249265695717
0.9528524499496361
0.9528799412324643
0.9529074004741704
0.9529348277307376
0.9529622230580188
0.9529895865117373
0.9530169181474862
0.95304421802073
0.9530714861868039
0.9530987227009149
0.9531259276181417
0.9531531009934356
0.9531802428816202
0.9532073533373923
0.9532039743256534
0.9532310396961996
0.9532580737773001
0.9529962262476771
0.9530233646851785
0.9530504718030751
0.9530775476555531
0.9530963584555869
0.9531233766822831
0.9531503637999098
0.9531773198621654
0.9532042449226241
0.9532311390347376
0.9532580022518342
0.9532848346271202
0.9533116362136795
0.9533384070644744
0.9533651472323458
0.9533918567700134
0.9534185357300764
0.9534451841650133
0.9534718021271832
0.9534983896688248
0.9529806974431755
0.9530075196351645
0.9530343112431262
0.953061072319341
0.9530878029159701
0.953114503085056
0.953141172878523
0.953167812348177
0.9531944215457064
0.9532210005226822
0.9532475493305581
0.9532658475137947
0.9532923407975171
0.9533188040605213
0.9533452373538053
0.9528324033748983
0.9528590667986547
0.9528857000942487
0.952912303312716
0.9529388765049776
0.9524282351560429
0.9524550361503212
0.9524818069632996
0.9525085476459314
0.9519998252764588
0.9520267916667529
0.9520537277747446
0.9520806336514143
0.9521075093476277
0.9521343549141369
0.9521611704015799
0.9521879558604815
0.9522147113412536
0.9520550088554177
0.9520818087386735
0.9521085786779256
0.9521353187233316
0.9521620289249368
0.9521887093326753
0.9522153599963695
0.9522419809657309
0.9522685722903602
0.9522951340197479
0.9523216662032741
0.9523481688902095
0.9523746421297149
0.9524010859708423
0.9524275004625343
0.9524538856536255
0.952480241592842
0.9525065683288017
0.9520057309537836
0.5
0.6666666666666666
0.75
0.8
0.8333333333333334
0.8571428571428571
0.875
0.8888888888888888
0.9
0.9090909090909091
0.9166666666666666
0.916083916083916
0.922077922077922
0.9272727272727272
0.9318181818181818
0.9358288770053476
0.9356902356902356
0.9390749601275916
0.942121212121212
0.9448773448773448
0.9473829201101928
0.9496706192358365
0.9517676767676767
0.9536969696969696
0.9550357688288721
0.9567011107240991
0.9582474996268099
0.9596872410189888
0.930029999662925
0.9322165621734586
0.933719641556632
0.9356690638637899
0.9375070906105386
0.9392430047602459
0.9408850857126717
0.9424407413518119
0.9439166197786886
0.9453187042842213
0.9466523944236306
0.9479225755087822
0.9491336784039268
0.950289731167474
0.9513944038081967
0.9504747626186905
0.9515284910736119
0.952538314176245
0.9535069200093829
0.9528983200707336
0.9178286038403147
0.9193502963617903
0.9202105940036972
0.9216354048250598
0.9230102222842692
0.9243376322448853
0.9252433974234089
0.9264893407996854
0.927694433573461
0.9288606523867923
0.9299898483806527
0.931083756999705
0.927015801763812
0.9278283678172441
0.9264179941682306
0.927500082489286
0.9272332828748168
0.9282728074051765
0.9163763405328105
0.9165433965333395
0.9176711884720782
0.9187689059591171
0.9198377361438655
0.9208788045056335
0.9218931788068434
0.9228818727459973
0.9228041826700057
0.9237572174518575
0.9135462001638609
0.9145754120666721
0.9155804072188289
0.9165620303907029
0.9117739610758673
0.9127765297000052
0.91375656869214
0.9147148290400051
0.9046630177318732
0.9056992892782658
0.9067132754150586
0.9077056873787283
0.9086772064589522
0.9086815158613684
0.9096229435329006
0.9105451583948099
0.9114487426534481
0.911728194620853
0.9126021728919337
0.9134590143341696
0.914299218078498
0.9151232640585125
0.9159316139246219
0.9167247119064651
0.9175029856269654
0.9182668468711602
0.9190166923127092
0.9197529042007755
0.9204758510097775
0.921185888054333
0.9218833580715513
0.922568591772678
0.9232419083659591
0.9239036160524595
0.9245540124964555
0.9251933852719093
0.9258220122864311
0.9264401621840441
0.922915863323019
0.9235477005088959
0.9241692639193927
0.9247808021135911
0.9253825556966824
0.9259747576355977
0.9265576335597268
0.9271314020475414
0.927696274899886
0.9282524574006562
0.9288001485655366
0.9293395413794341
0.9287967091671291
0.9293280770091654
0.9298515727350234
0.9302666447727292
0.930775647365629
0.9312772731093564
0.9317716812164832
0.9322590263506513
0.9327394587878807
0.9332131245710646
0.9336801656579803
0.9341407200631332
0.9345949219937323
0.9350429019800766
0.9354847870006202
0.9359207006019674
0.9363507630140347
0.9367750912606079
0.9371937992655045
0.9376069979545472
0.938014795353537
0.9384172966824103
0.9388146044457495
0.9392068185198152
0.9395940362362495
0.9399763524626024
0.9403538596798187
0.9404141480568198
0.9407842465160942
0.9411497758585874
0.9414472453668138
0.9418042743584796
0.9417781878472161
0.9401208895268512
0.9404794470745946
0.940833736080103
0.9411838323163154
0.9415023221427121
0.9418444138260881
0.9421825276991922
0.9425167327413934
0.9428470963463279
0.9431736843672061
0.9434965611605741
0.9432508178771811
0.9435696335070846
0.9438848869511791
0.9441966375792281
0.9445049434489561
0.9448098613420938
0.9451114467992408
0.9426923628492448
0.9430021338608706
0.9433085740014036
0.9409379399158345
0.9412520998098992
0.9415629352606405
0.9418704987592688
0.9395570406505814
0.9398718477305263
0.9401833925609381
0.9404917255889745
0.9407968962269798
0.9410989528788829
0.9403827145393963
0.9405096565941433
0.940808603043419
0.9411045600282019
0.9413622875973074
0.9416525733022713
0.941529490018352
0.9414780439043338
0.9393244924706541
0.9396190337693402
0.9397381964771488
0.9400279166863933
0.940314864453444
0.9405990793846182
0.940880600335402
0.9411594654281595
0.9414357120693418
0.941709376966214
0.9419804961431154
0.9422491049572677
0.9423232258253601
0.9425877981839594
0.9428499543566354
0.943109727291378
0.9433671493398332
0.9436222522707349
0.9436508520363369
0.9439024107326033
0.9441517333515695
0.9443988495756777
0.9446437885643311
0.9448865789653647
0.9451272489262146
0.9453658261047962
0.9456023376801002
0.9458368103625135
0.9460692704038761
0.9462997436072784
0.9465282553366091
0.9425175423902675
0.9427600844054985
0.9430005882525342
0.9432390795150759
0.9434755833504298
0.9437101244983532
0.9439427272896824
0.9441734156547454
0.9439468397253772
0.9403375158251709
0.9405790643440973
0.9408186648910969
0.941056340935711
0.9412921155719681
0.9415260115258647
0.9417580511626668
0.9419882564940396
0.942216649185008
0.9424432505607531
0.9426680816132501
0.9428911630077511
0.9431125150891164
0.9433321578880001
0.9435501111268925
0.9437263445644427
0.9439411295088532
0.9441542811076788
0.944365817921665
0.9445757582313945
0.9447841200425546
0.9449909210910844
0.9451961788482073
0.9453999105253514
0.9456021330789612
0.9458028632152012
0.9460021173945572
0.9461999118363353
0.9463962625230641
0.9465911852047983
0.9467846954033317
0.946976808416316
0.9471675393212933
0.9473569029796399
0.947544914040427
0.9477315869441977
0.947916935926665
0.9481009750223306
0.9482837180680266
0.9484651787063844
0.9486453703892291
0.9488243063809043
0.9490019997615262
0.9491784634301714
0.9493537101079984
0.9495277523413043
0.9497006025045189
0.949765617513036
0.9499364827595903
0.9501061895976933
0.9502747497679714
0.9504421748529277
0.9506084762795958
0.9507736653221389
0.9509377531043984
0.9511007506023905
0.9512626686467535
0.951423517925147
0.9515833089846037
0.9517420522338346
0.9518997579454888
0.9520564362583699
0.9522120971796089
0.9523667505867947
0.9525204062300631
0.9526730737341464
0.9528247626003832
0.9529754822086887
0.953125241819489
0.9532740505756176
0.9531054618079732
0.9532533941051089
0.9534003960104387
0.9535464762737289
0.9536916435353735
0.9538359063280982
0.9537965913102725
0.953939635919219
0.9540817975367524
0.9542230843135623
0.9543635043003306
0.9545030654492592
0.9546417756155724
0.9547796425589902
0.9548844366788952
0.9550207374744273
0.9548215451594106
0.954957216194968
0.9550920748291147
0.9552261283370875
0.9553593839075128
0.9554918486436924
0.9556235295648648
0.9557544336074464
0.9558845676262481
0.9560139383956725
0.9561425526108899
0.9562704168889923
0.9563975377701289
0.9565239217186212
0.9566495751240588
0.9567745043023757
0.956898715496909
0.9570222148794394
0.9571450085512124
0.957267102543944
0.9573885028208078
0.9575092152774061
0.9576292457427241
0.9577485999800686
0.9578672836879897
0.9579853025011886
0.9581026619914087
0.958219367668313
0.9583354249803454
0.9584508393155798
0.9585656160025534
0.9586797603110864
0.9587932774530888
0.9589061725833543
0.9590184508003398
0.9591301171469327
0.9592411766112074
0.9593516341271662
0.9594614945754711
0.9594210173513984
0.9595301006380882
0.9596385990277984
0.959746517212216
0.9598538598329834
0.9574143168099968
0.9575269773475364
0.9576390433703662
0.9577505195720232
0.9578614105967684
0.9579717210402324
0.9580814554500491
0.9581906183264812
0.9582992141230359
0.9584072472470694
0.9585147220603845
0.9586216428798164
0.9587280139778118
0.958833839582997
0.9589391238807385
0.9590438710136959
0.9591480850823634
0.959251770145606
0.9593549302211868
0.9594575692862848
0.959559691278007
0.9596613000938914
0.959762399592403
0.959862993593422
0.9599630858787251
0.9600626801924597
0.9601617802416099
0.9602603896964574
0.9603585121910341
0.9604561513235684
0.9605533106569257
0.9606499937190411
0.9607462040033466
0.9608419449691922
0.9597206750300944
0.9598184403819631
0.9599157322938712
0.960012554196543
0.9589040902105272
0.9578009553782904
0.9579021521279827
0.9580028646827005
0.9581030965092334
0.9582028510413543
0.958302131680211
0.9584009417947128
0.958499284721912
0.9585971637673792
0.9586945822055736
0.9582046888201146
0.9583025701109339
0.9583999940125439
0.9584969637234704
0.9585934824124855
0.9586895532189531
0.9587851792531685
0.9588803635966947
0.958975109302693
0.9590694193962501
0.959163296874699
0.9592567447079378
0.9593497658387415
0.9594423631830724
0.9595345396303836
0.9596262980439202
0.9597176412610153
0.9598085720933833
0.9598990933274072
0.9599892077244242
0.9600789180210063
0.9601682269292366
0.9602571371369839
0.9603456513081711
0.9604337720830417
0.960521502078423
0.9606088438879841
0.9606958000824918
0.9607823732100634
0.9608685657964149
0.960954380345107
0.9610398193377873
0.9611248852344296
0.9612095804735703
0.9612939074725408
0.961377868627698
0.961461466314651
0.9615447028884855
0.9616275806839845
0.9617101020158468
0.961792269178903
0.9618740844483272
0.9619555500798478
0.9620366683099548
0.9621174413561038
0.9621978714169189
0.9622779606723915
0.9623577112840778
0.9624371253952928
0.9625162051313028
0.9625949525995142
0.962673369889662
0.9627514590739933
0.9628292222074505
0.9629066613278516
0.9629837784560682
0.9630605755962008
0.9631370547357532
0.9632132178458033
0.9632890668811728
0.9633646037805942
0.9634398304668763
0.9635147488470672
0.9635893608126151
0.9636636682395281
0.963228508019081
0.9633032468239203
0.9633776824287399
0.9634518166748356
0.9635256513886238
0.9635991883817919
0.9636724294514463
0.9637453763802586
0.9638180309366108
0.9638903948747376
0.9639624699348679
0.9640342578433642
0.9641057603128604
0.9641769790423984
0.964247915717562
0.9643185720106102
0.9643889495806091
0.9644590500735606
0.964528875122532
0.9645984263477819
0.9646677053568861
0.9647367137448609
0.9648054530942861
0.9648739249754257
0.9649421309463472
0.9650100725530403
0.9650777513295334
0.9651451687980093
0.9652123264689186
0.9652792258410938
0.9653458684018594
0.9652648934108156
0.9653313085285768
0.9653974701535223
0.959977792349329
0.9600534486964947
0.9600838959181814
0.9601590674889571
0.9602339564598424
0.9603085644214563
0.9585877847413762
0.9586650463370079
0.9587420201799557
0.9588187078747885
0.9588951110141674
0.958971231178956
0.9590470699383294
0.9591226288498823
0.9591979094597353
0.9592729133026401
0.9593476419020849
0.959422096770396
0.9594962794088414
0.9578223403217417
0.9578990269757023
0.9579754352752019
0.9580515667330367
0.9581274228510601
0.958203005120282
0.9582783150209662
0.958353354022727
0.9584281235846251
0.9585026251552621
0.9585768601728734
0.9586508300654218
0.9587245362506884
0.9587979801363634
0.9588711631201354
0.9589440865897806
0.95901675192325
0.9590891604887566
0.9591613136448611
0.9592332127405567
0.9593048591153537
0.9593762540993618
0.9594473990133734
0.9595182951689445
0.9595889438684752
0.9596593464052896
0.9597295040637152
0.9597994181191601
0.9598690898381911
0.9599385204786094
0.9600077112895272
0.9600766635114418
0.9601453783763102
0.9602138571076224
0.9602821009204738
0.9603501110216374
0.9604178886096346
0.9604854348748059
0.9605527509993803
0.9606198381575446
0.9606866975155114
0.9607533302315868
0.9608197374562373
0.9603228572690927
0.960389766447391
0.9604564503422607
0.9605229100895847
0.9605891468176223
0.9605355157987845
0.9606015099195222
0.9606672836926116
0.9607328382197905
0.9607981745954648
0.960863293906768
0.9609281972336224
0.9609525044502846
0.9610170457652428
0.9610813740725609
0.9611454904249949
0.9610266473303631
0.9610906429833511
0.961154428814526
0.9609452289855879
0.9594413293804146
0.9595073858472218
0.9595732274962507
0.9596388553736919
0.9597042705189532
0.9597694739647155
0.9598344667369857
0.9598992498551518
0.9599638243320358
0.9600281911739457
0.960092351380729
0.960156305945824
0.9602200558563107
0.9602836020929619
0.9603469456302938
0.9604100874366149
0.9604730284740766
0.9605357696987209
0.9605983120605296
0.9606606565034718
0.9607228039655517
0.9607847553788552
0.960621539791082
0.9606834556090206
0.9607451770287866
0.9607747172477614
0.960836102666779
0.9602722962563621
0.9603342739533102
0.9603960585733206
0.9604576510172189
0.9604852957665171
0.9605465588738559
0.9598336385040821
0.9598957194337512
0.9599576087556128
0.9600193073553729
0.9600808161132878
0.9586695252663144
0.9587328184894901
0.9587959181554083
0.9588588251505908
0.9589215403561541
0.9589840646478494
0.9590463988961049
0.9591085439660653
0.9591705007176319
0.9592322700055024
0.9592143487835191
0.9592758656028502
0.9593371971305567
0.9593983442025408
0.9594593076496841
0.9595200882978855
0.9595806869680983
0.9596411044763672
0.9597013416338651
0.9597613992469294
0.9598212781170977
0.9598809790411436
0.9599405028111122
0.9585797320927362
0.9586409141723629
0.9587019157738785
0.9587627376946828
0.9588233807274847
0.9588838456603372
0.958944133276671
0.9590042443553289
0.9590119658025955
0.959071802348869
0.9591314644445704
0.9584631508136467
0.9585235241409524
0.9585837222191224
0.9586437458101091
0.9587035956714548
0.9587632725563227
0.9588227772135286
0.9588821103875724
0.9589412728186695
0.9590002652427806
0.9576850782363543
0.9577456146051149
0.9578059780128219
0.9578661691996795
0.9579261889016742
0.9578437903399364
0.9579036713195671
0.9579633824240784
0.9580229243753191
0.9580822978910541
0.9581415036849933
0.9582005424668198
0.9582594149422187
0.9583181218129048
0.9583766637766507
0.9584350415273145
0.9584932557548673
0.9585513071454199
0.9586091963812504
0.9586669241408302
0.9587244910988514
0.9587818979262521
0.9588391452902434
0.9588962338543346
0.9589531642783591
0.9590099372184997
0.9590665533273139
0.959123013253759
0.9591793176432166
0.9592354671375176
0.9592914623749661
0.9593473039903639
0.9594029926150346
0.9594585288768471
0.9595139134002395
0.9595691468062418
0.9596242297125004
0.9596791627332997
0.959733946479586
0.9597885815589895
0.9598430685758472
0.959897408131225
0.9599516008229396
0.9600056472455807
0.9600595479905327
0.9601133036459963
0.9601669147970098
0.9602203820254702
0.9602737059101545
0.9601037723457947
0.9601571095485409
0.96021030432885
0.9602633572564115
0.960316268897881
0.9603439494917292
0.9603715565647437
0.9604241141820319
0.9604765325738438
0.9604910193977256
0.9605432109176758
0.96059526472913
0.9606471813763907
0.9606989614008955
0.9607506053412359
0.9608021137331766
0.9608534871096731
0.9609047260008908
0.960955830934223
0.9609907514134639
0.9608786383086224
0.9609295775816581
0.9608358965820576
0.960886759054029
0.9609374895870328
0.9609880886937854
0.9610385568843497
0.9610888946661529
0.9611391025440029
0.9611891810201061
0.9610460804010326
0.959862393416691
0.9598896622398385
0.9599410199066248
0.9599922462238798
0.9597879138532235
0.9597116537590229
0.9594798908596838
0.959531443161389
0.959582864453433
0.9596341552345835
0.9596853160010795
0.9595781193985465
0.9595626836231408
0.9596137408407883
0.9596646692886562
0.959575531026188
0.9596263794148343
0.9596771000437102
0.9597276933937181
0.95977815994335
0.9598285001687025
0.9598787145434916
0.9599288035390677
0.9596670469261762
0.9596836171952258
0.9597337619499581
0.9597837821214489
0.9592133307788664
0.9592251482128455
0.9592756121383247
0.9593259513074985
0.9593761661824276
0.9593029526606243
0.9592709703708123
0.959308889238623
0.9593588783181825
0.959408744725154
0.9593563647275333
0.9594061121391275
0.9594557379189085
0.9595052425124141
0.9595546263630087
0.9596038899118967
0.9596530335981353
0.9597020578586478
0.9597509631282368
0.9597997498395966
0.9595457549850692
0.9595671902599032
0.9596160221557245
0.9596647362423883
0.9597003312988355
0.9597488266883676
0.9597972055024441
0.9596453881288918
0.9596937749536772
0.9585940290805823
0.9586434985798887
0.9586928500135642
0.9587420838037746
0.9587912003706748
0.958748733929184
0.9587977259316434
0.958846601701594
0.9588953616521845
0.9588848345969749
0.9589334340832669
0.9589819188128026
0.9590302891915611
0.9590785456236087
0.9591266885111104
0.9585871741885356
0.9586357807916007
0.9586842734284218
0.9587326524993487
0.9587809184028582
0.9588188239539944
0.9588668766681672
0.9589148173713511
0.9589626464547372
0.9588442513508862
0.9588275268364769
0.9588752907264577
0.958922943923762
0.9587775855781713
0.9587879489884669
0.9588355379619213
0.9588830171568903
0.9587863777362026
0.9588338042290263
0.9588811216954297
0.9588239572722328
0.958857764767984
0.9589048921852028
0.9587612176327407
0.9588083476697319
0.9588553701038989
0.9589022853033243
0.9589490936344139
0.958995795461906
0.9590423911488811
0.9580014786972963
0.9580490421415803
0.9580964979762617
0.9581438465661191
0.9580884820768694
0.9581357329426227
0.9581828773875071
0.9581549251444764
0.9582019420825164
0.9582488534830972
0.9582956597011655
0.9583423610900779
0.9583889580016103
0.958435450785966
0.9584818397917853
0.9585281253661534
0.9585743078546097
0.9586203876011563
0.9586663649482662
0.9587122402368918
0.9587580138064741
0.9582499761389143
0.9582961597936278
0.9582731806115354
0.9583192367035757
0.9583651912386324
0.9584110445522462
0.9584567969784814
0.9585024488499336
0.9585147370177131
0.9585602252446673
0.9586056138259984
0.9586509030887709
0.9586050186773806
0.9586502097050253
0.9586953021699054
0.9587043845935035
0.9587493199747945
0.9587941576704742
0.9586837870944398
0.9587285986051833
0.9587733130162287
0.9588179306428345
0.9588347317711763
0.9588791867044688
0.9589235457263625
0.958967809146916
0.9590119772748527
0.9590560504175678
0.9590023821669484
0.9590463710272843
0.9590902655920996
0.9591340661642709
0.9591777730453785
0.9592213865357146
0.9592649069342892
0.9593083345388368
0.9593516696458242
0.9593949125504564
0.9594380635466833
0.959481122927207
0.9594848152284113
0.9595277338563474
0.9595705616512084
0.9596132989010485
0.9596559458927053
0.9596985029118058
0.9597409702427734
0.9597833481688336
0.959825636972021
0.9598678369331848
0.9598482237470936
0.9598903115628723
0.9599323112366285
0.9597998855275246
0.9597964600871932
0.9598270801025329
0.9598689705299547
0.9599107736856527
0.9599524898420672
0.9599941192705058
0.9600356622411491
0.9600771190230566
0.9600808073594435
0.9601221315754275
0.9601633703225056
0.9602045238655609
0.9602455924683828
0.9602259335798466
0.9602668955432042
0.9603077732226865
0.9603485668781616
0.9603892767684304
0.960429903151232
0.960385063769588
0.9603846696408577
0.9604251761136174
0.9604655998356669
0.9605059410603244
0.9605462000398756
0.9605863770255784
0.9606264722676683
0.9606664860153638
0.960706418516871
0.9607462700193894
0.9607860407691164
0.9608257310112529
0.960865340990008
0.960904870948604
0.9609443211292814
0.9609836917733043
0.9610229831209647
0.9610621954115874
0.9611013288835356
0.9611403837742147
0.961095776234488
0.9611347584226299
0.9611736625683529
0.9612124889057846
0.9612512376681164
0.960331494422517
0.9603710048862396
0.9604104367221736
0.9604497901647958
0.960489065447651
0.9605282628033577
0.9605673824636121
0.9606064246591927
0.9606453896199649
0.960684277574886
0.9607230887520084
0.9607618233784857
0.9608004816805759
0.9608390638836461
0.9608775702121776
0.9609160008897687
0.9609543561391408
0.9609926361821417
0.9610308412397498
0.9610689715320788
0.960618268725107
0.9606567274470552
0.9606951111275946
0.9607334199861448
0.9607716542412702
0.9608098141106853
0.9608478998112581
0.9608859115590141
0.9609238495691411
0.9609617140559927
0.9609995052330925
0.9610372233131379
0.9610005466945521
0.9610381909544995
0.9610757626122097
0.9611132618775159
0.9611506889594431
0.9611880440662129
0.9612253274052464
0.9612625391831684
0.9612996796058115
0.9613367488782197
0.9613737472046521
0.9614106747885864
0.9604924219950921
0.9605301200657075
0.9602499833131821
0.9602878404719315
0.9603256255904168
0.9603633388740761
0.9604009805275671
0.9604385507547705
0.9604760497587944
0.9605134777419774
0.9605508349058922
0.9605881214513498
0.9606253375784023
0.9596897303714416
0.9597276873108281
0.9597655728354653
0.9597884688987092
0.9598262262049075
0.9598639126718823
0.9599015284988065
0.9599390738841073
0.9599765490254691
0.9600139541198378
0.9600512893634234
0.9600885549517039
0.9601257510794282
0.9601628779406206
0.9601999357285828
0.9602369246358983
0.9593830527905626
0.9594206959297743
0.959458269359469
0.959341595043071
0.9593791721271347
0.959416679816768
0.9594541183040219
0.9594914877802394
0.9595287884360587
0.9595660204614165
0.9596031840455512
0.9596402793770062
0.9596773066436328
0.9597142660325937
0.9596748451540535
0.9597117391658065
0.9597485657296403
0.9597853250303439
0.9598220172520315
0.9598586425781463
0.9598952011914631
0.9599316932740914
0.9599681190074787
0.9600044785724128
0.9600407721490258
0.9600769999167965
0.960113162054553
0.9601492587404765
0.9601852901521035
0.9602212564663293
0.9601568770732088
0.96019280414528
0.9602286664838877
0.9602644642638303
0.9603001976592764
0.9603358668437695
0.9595101522844085
0.95954643350996
0.9595826497736037
0.9587243468668295
0.958761233062659
0.9587980533902817
0.9588348080259728
0.9588714971453791
0.9589081209235222
0.9589446795348002
0.9589811731529915
0.9590176019512571
0.9590539661021432
0.9590902657775846
0.9591265011489065
0.9591626723868278
0.9591987796614637
0.9592348231423281
0.9592708029983367
0.959306719397809
0.9593425725084718
0.9593783624974608
0.959414089531324
0.9594497537760242
0.9594853553969407
0.9595208945588731
0.9595563714260433
0.9595917861620976
0.9596271389301098
0.9588242967660396
0.9588602266990536
0.9588168358380178
0.9588527096743958
0.9588885210671945
0.9589242701793099
0.9589599571730725
0.9589955822102486
0.9590311454520437
0.9590666470591044
0.9582724141057148
0.9583084794349235
0.958344482475135
0.9579490170027666
0.9571601298072406
0.9555523287854008
0.955590481292881
0.9556285683586676
0.955666590150991
0.9557045468375055
0.9549255647061593
0.9549640569651635
0.9550024835377188
0.9550408445918214
0.9550791402948947
0.9551173708137927
0.9551555363148013
0.9551936369636418
0.9544214679441955
0.954460093818819
0.9544986542812924
0.9545371494976366
0.9545755796333105
0.9546139448532148
0.9546522453216931
0.954690481202535
0.9547286526589776
0.9547667598537091
0.9548048029488699
0.9548427821060558
0.9548806974863194
0.9549185492501732
0.9549563375575912
0.9541949043566581
0.9542332029316107
0.9542714375156277
0.9543096082689536
0.9543477153512981
0.9543857589218386
0.9544237391392226
0.9544616561615694
0.9544995101464725
0.954537301251002
0.9541600918723705
0.9541981017464398
0.9542360486381163
0.9542739327038132
0.9543117540994264
0.9535614456698649
0.9535997613087511
0.9536380137726351
0.9536762032176329
0.9528912845318571
0.9529300252518145
0.9529687023058393
0.9530073158507442
0.9530458660428273
0.9530843530378741
0.95312277699116
0.9531221699333775
0.9531605001296708
0.952420646251908
0.9524594548601855
0.9524982002107476
0.9525368824581331
0.9518010501289328
0.9518402044342709
0.9518792951774249
0.9519183225130473
0.9519572865952896
0.9519961875778036
0.9520350256137439
0.9520738008557699
0.952112513456048
0.952151163566253
0.9521897513375704
0.9522282769206989
0.9522667404658514
0.9523051421227573
0.9523434820406651
0.9523817603683433
0.952419977254083
0.9522977479218824
0.9523359708802783
0.9523741326329762
0.9524122333268699
0.9524502731083831
0.9524882521234723
0.9525261705176276
0.9525640284358751
0.9526018260227788
0.9526395634224422
0.9526772407785102
0.9519581347566222
0.9512413098006244
0.9505267550740992
0.9505658952995153
0.950604973643152
0.9506439902516488
0.9506829452711818
0.9507218388474663
0.9507606711257583
0.9507994422508562
0.9500906380963737
0.9501298441937057
0.9501689887430042
0.9502080718890881
0.9502470937763223
0.9502860545486197
0.9503249543494423
0.950363793321804
0.9504025716082714
0.950441289350966
0.9504799466915658
0.9505185437713074
0.950557080730987
0.9505955577109629
0.9506339748511565
0.9506723322910546
0.9507106301697107
0.9507488686257466
0.9507870477973546
0.9508251678222984
0.9508632288379159
0.9509012309811193
0.9509391743883983
0.9509770591958203
0.9509377250452064
0.9509755525509541
0.9510133217708686
0.9510510328395592
0.9510886858912211
0.9511262810596367
0.9511638184781778
0.9512012982798062
0.9512387205970763
0.9512760855621359
0.9513133933067285
0.9513506439621939
0.9513878376594705
0.9514249745290966
0.9503549135458332
0.9503927527885575
0.9504305343934405
0.9504224130096894
0.9504601145967544
0.9504977588865744
0.9505353460096674
0.9505728760961547
0.9506003736163723
0.9506377975757538
0.950675164875091
0.9507124756429615
0.9507497300075549
0.950786928096673
0.9505221832452793
0.9505594968325755
0.9505967541823624
0.9506339554216829
0.9506711006771972
0.9507081900751843
0.9507452237415439
0.9507822018017981
0.9508191243810915
0.9508559916041942
0.9508928035955019
0.9509295604790382
0.9502183192221354
0.9502555252615807
0.9502926757281516
0.9503297707462649
0.9503668104399664
0.9504037949329321
0.9504407243484698
0.9504775988095201
0.950514418438658
0.9505511833580944
0.9505878936896771
0.9506245495548924
0.9506611510748666
0.9506976983703667
0.9507341915618024
0.9507706307692271
0.9508070161123392
0.9508433477104837
0.9508796256826532
0.9509158501474889
0.9509520212232829
0.9509881390279786
0.9509573095725431
0.950993370374328
0.9510293781844864
0.9510653331197401
0.9510278677249348
0.9510344455345207
0.9510703177355943
0.9511061374151436
0.9511419046884317
0.9511776196703846
0.9512132824755924
0.9512488932183111
0.9512844520124625
0.9513199589716371
0.9513554142090941
0.9513908178377628
0.9514261699702444
0.9514614707188126
0.9514967201954148
0.9515319185116735
0.9515670657788877
0.9516021621080334
0.9516372076097654
0.9516722023944183
0.9517071465720073
0.9517420402522299
0.9515963781293041
0.951631301377407
0.9516661742675459
0.9517009969085635
0.9517357694089893
0.9516985494309973
0.9517332736945264
0.9517679480668723
0.9518025726554818
0.9518371475674937
0.9518716729097392
0.9519061487887437
0.9519405753107274
0.9519749525816067
0.9520092807069952
0.9520435597922045
0.9520777899422457
0.9520549099208889
0.9520890831853787
0.9521232077700045
0.9521572837787091
0.9521913113151396
0.9522252904826484
0.9522592213842942
0.9522931041228434
0.9523269388007705
0.9518882473723739
0.9519223208515719
0.9519563461022077
0.951990323226605
0.9520242523267982
0.9520581335045336
0.95209196686127
0.9514547688811977
0.9514277186765354
0.9513915274600143
0.9514257106333899
0.9514598457629518
0.951493932949916
0.9513525336987231
0.9513866483314729
0.9514207151511426
0.9514547342581795
0.9514887057527505
0.9515226297347416
0.9515565063037599
0.9515903355591343
0.9516241175999165
0.9516578525248818
0.9516915404325299
0.9517251814210866
0.9517587755885041
0.951792323032462
0.9516520920922031
0.9516856670282503
0.9517191953648025
0.9517526771988075
0.9517861126269441
0.9518195017456236
0.9518528446509898
0.9518861414389215
0.9519193922050314
0.9519525970446688
0.9519857560529196
0.9520188693246072
0.9520519369542939
0.9520849590362812
0.9521179356646114
0.9521508669330677
0.9521837529351755
0.9522165937642035
0.9522493895131643
0.9522821402748151
0.952314846141659
0.9523475072059455
0.9523801235596717
0.9524126952945831
0.9524452225021739
0.9524777052736888
0.9525101437001231
0.952542537872224
0.952574887880491
0.9526071938151773
0.9526394557662903
0.9526716738235921
0.9527038480766012
0.9527359786145927
0.9527680655265991
0.9528001089014114
0.95283210882758
0.952864065393415
0.9528959786869874
0.9529278487961301
0.9529596758084384
0.9529914598112705
0.9530232008917491
0.9530548991367614
0.9530865546329604
0.9531181674667658
0.953149737724364
0.9531812654917096
0.952572150887554
0.9526040030360513
0.9526358124299869
0.9526675791553859
0.9526993032980432
0.9527309849435234
0.9527626241771623
0.9527942210840672
0.9528257757491179
0.952823888123367
0.9528553808549268
0.9528868315681658
0.9529182403471202
0.9529496072756032
0.952980932437204
0.9530122159152897
0.9530434577930056
0.9530746581532761
0.953105817078805
0.9531369346520773
0.9531680109553584
0.9531990460706962
0.9532300400799208
0.9532609930646462
0.9532919051062702
0.9533227762859752
0.9533536066847295
0.9533843963832874
0.9534151454621903
0.953445854001767
0.9534765220821346
0.9531779858595658
0.9532087898162371
0.9532395532680344
0.9532702762947967
0.9533009589761526
0.9533316013915226
0.9533622036201184
0.9533927657409439
0.9534232878327966
0.9534537699742673
0.9534842122437412
0.953514614719399
0.9535449774792165
0.9535753006009663
0.9536055841622182
0.9533098829991398
0.9533403000134726
0.953370677422318
0.9534010153029802
0.9534313137325621
0.9534615727879665
0.9534917925458964
0.9535219730828556
0.9535521144751494
0.9535822167988856
0.9536122801299743
0.9536423045441297
0.9536722901168696
0.9537022369235167
0.9537321450391992
0.9537620145388511
0.9537918454972132
0.9538216379888333
0.9538513920880672
0.9538811078690795
0.9539107854058433
0.9539404247721418
0.9533573285296599
0.9533872660594868
0.9534171651832459
0.9534470259747951
0.953476848507803
0.9535066328557493
0.953536379091926
0.9535660872894376
0.9535957575212015
0.9536253898599492
0.9536549843782262
0.9536845411483932
0.9537140602426262
0.9537435417329175
0.953772985691076
0.953802392188728
0.9538317612973175
0.9538384029447053
0.9538677118952167
0.9538969836516283
0.9539262182846964
0.9539554158649977
0.9539845764629299
0.9540137001487128
0.9540427869923885
0.9540718370638219
0.9541008504327013
0.9538141706028828
0.9538433099274235
0.9538724125062839
0.9539014784089264
0.9539305077046387
0.9539595004625339
0.9539884567515511
0.9540173766404565
0.9540462601978431
0.954075107492132
0.9541039185915723
0.9541326935642421
0.954161432478049
0.9538770483625336
0.9539059112859614
0.9539347381081715
0.9539635288968539
0.9539922837195292
0.9540210026435495
0.9540496857360987
0.9540783330641934
0.954106944694683
0.9541355206942504
0.9541640611294127
0.9541925660665213
0.9542210355717627
0.9542494697111591
0.9542778685505687
0.9543062321556862
0.9543345605920436
0.9543628539250101
0.9543911122197933
0.9544193355414395
0.9544475239548338
0.954475677524701
0.9545037963156061
0.9545318803919545
0.9545599298179928
0.9543824370540277
0.9544105439936125
0.9544386163187395
0.9544666540933125
0.9544946573810781
0.954215312170641
0.9542434354432635
0.9542513971862413
0.9542794638137343
0.9543074960247621
0.9543354938825901
0.9543077874620196
0.9543357508723855
0.9540578696791915
0.9537803281940574
0.9538085625690153
0.9538367624697668
0.953864927959413
0.9538930591009012
0.953921155957025
0.953949218590425
0.9539772470635898
0.9539957371809477
0.9540237032981629
0.9540516354346767
0.954079533652385
0.9541073980130328
0.9541352285782159
0.9541630254093806
0.9541907885678244
0.9542185181146962
0.954246214110997
0.9542738766175805
0.9539993908915275
0.9540271690371244
0.9540194136367328
0.9540471461978687
0.95407484532614
0.9541025110819676
0.9535259737641795
0.9535539196608938
0.9535818319687899
0.9536097107483882
0.9536375560600638
0.953665367964047
0.9536931465204235
0.953720891789135
0.9537486038299798
0.9537762827026129
0.9536045664250796
0.9536322983040844
0.9536599970506171
0.9536876627240197
0.9537152953834923
0.9537428950880936
0.953770461896742
0.953797995868215
0.9538254970611506
0.9538529655340471
0.953285871024217
0.953313627488255
0.9533413509873712
0.953369041580257
0.9533966993254644
0.9534243242814067
0.9534519165063584
0.9534794760584565
0.9535070029957
0.953534497375951
0.9535619592569344
0.9535893886962392
0.9536167857513183
0.9535261563791935
0.9535535584096303
0.9535809281453936
0.9536082656435413
0.9536355709609965
0.9536628441545488
0.9536679007722966
0.953695122922254
0.9537223131025698
0.9537494713695284
0.9537765977792824
0.9538036923878526
0.9538307552511285
0.9532996484573881
0.9527697832926221
0.9527973710360259
0.9528249265695717
0.9528524499496361
0.9528799412324643
0.9529074004741704
0.9529348277307376
0.9529622230580188
0.9529895865117373
0.9530169181474862
0.95304421802073
0.9530714861868039
0.9530987227009149
0.9531259276181417
0.9531531009934356
0.9531802428816202
0.9532073533373923
0.9532039743256534
0.9532310396961996
0.9532580737773001
0.9529962262476771
0.9530233646851785
0.9530504718030751
0.9530775476555531
0.9530963584555869
0.9531233766822831
0.9531503637999098
0.9531773198621654
0.9532042449226241
0.9532311390347376
0.9532580022518342
0.9532848346271202
0.9533116362136795
0.9533384070644744
0.9533651472323458
0.9533918567700134
0.9534185357300764
0.9534451841650133
0.9534718021271832
0.9534983896688248
0.9529806974431755
0.9530075196351645
0.9530343112431262
0.953061072319341
0.9530878029159701
0.953114503085056
0.953141172878523
0.953167812348177
0.9531944215457064
0.9532210005226822
0.9532475493305581
0.9532658475137947
0.9532923407975171
0.9533188040605213
0.9533452373538053
0.9528324033748983
0.9528590667986547
0.9528857000942487
0.952912303312716
0.9529388765049776
0.9524282351560429
0.9524550361503212
0.9524818069632996
0.9525085476459314
0.9519998252764588
0.9520267916667529
0.9520537277747446
0.9520806336514143
0.9521075093476277
0.9521343549141369
0.9521611704015799
0.9521879558604815
0.9522147113412536
0.9520550088554177
0.9520818087386735
0.9521085786779256
0.9521353187233316
0.9521620289249368
0.9521887093326753
0.9522153599963695
0.9522419809657309
0.9522685722903602
0.9522951340197479
0.9523216662032741
0.9523481688902095
0.9523746421297149
0.9524010859708423
0.9524275004625343
0.9524538856536255
0.952480241592842
0.9525065683288017
0.9520057309537836
0.9520322764565746
0.9520587926111038
0.9520852794660148
0.9521117370698436
0.9521381654710193
0.9521645647178637
0.9521909348585925
0.9522172759413151
0.9522435880140346
0.9521597995781436
0.9521861143198498
0.95221240012836
0.9522386570513663
0.9521733603332345
0.9521996098610429
0.9522258305906858
0.9522520225695286
0.9522781858448329
0.9523043204637569
0.9523304264733553
0.9523565039205799
0.9518621252277706
0.9518884157109886
0.9519146774928057
0.9519409106201965
0.9519671151400327
0.9519932910990845
0.9520194385440196
0.9520455575214045
0.9520716480777041
0.9520977102592822
0.9521237441124022
0.9521497496832265
0.9521757270178176
0.9522016761621379
0.95222759716205
0.9522534900633172
0.9522793549116035
0.9523051917524743
0.9523310006313962
0.9523567815937372
0.9523825346847676
0.9524082599496597
0.9524339574334881
0.9524596271812305
0.952485269237767
0.9525108836478815
0.9525364704562608
0.952562029707496
0.9525875614460818
0.9526130657164175
0.9526385425628066
0.9526639920294573
0.9526894141604834
0.9527148089999035
0.9527401765916417
0.9527655169795282
0.952790830207299
0.9528161163185968
0.9528413753569701
0.9528666073658748
0.9528918123886738
0.9529169904686371
0.9529421416489423
0.9529672659726749
0.9529923634828282
0.953017434222304
0.9530424782339126
0.953067495560373
0.9530924862443132
0.9526104729610745
0.9526356667553536
0.9526608337762063
0.9526859740662879
0.9527110876681635
0.9527361746243077
0.9527612349771051
0.9527862687688501
0.952811276041748
0.9528362568379143
0.9528612111993757
0.9528861391680699
0.9529110407858458
0.9529359160944638
0.9529607651355967
0.9529855879508285
0.9530103845816562
0.9530351550694887
0.9530598994556481
0.9530846177813692
0.9528461521930632
0.9528400134862748
0.9528648084318656
0.9528895773186592
0.9529143201877145
0.9529390370800044
0.9529637280364157
0.9529883930977495
0.9530130323047213
0.9530376456979615
0.9530622333180149
0.9530867952053419
0.9526131027900724
0.9526378608345917
0.9521653787251609
0.9521903315792427
0.9522152584136644
0.9522401592691029
0.9522650341861502
0.952289883205314
0.9523147063670179
0.9523395037116008
0.9518695405908615
0.9518945304451757
0.951919494362952
0.951944432384548
0.9519693445502376
0.9519942309002116
0.9520190914745771
0.9520439263133583
0.9520687354564968
0.9520935189438513
0.9516264801846117
0.9516514536073353
0.9516764012576927
0.9517013231755588
0.951726219400726
0.9517510899729049
0.9517759349317242
0.9518007543167311
0.9518255481673912
0.9518503165230892
0.9518750594231287
0.9518997769067326
0.9519244690130433
0.9519491357811228
0.951973777249953
0.9519983934584358
0.9520229844453937
0.9515603201829111
0.9515850975127409
0.9516098495078775
0.9516345762071581
0.9516592776493403
0.9516839538731028
0.9512232869135178
0.9512481476235517
0.9512729830042834
0.9511705018520409
0.951195351469419
0.9512201758074305
0.9512449749046306
0.9512697487994961
0.9512944975304258
0.9513192211357403
0.9513439196536826
0.9513685931224181
0.9513932415800347
0.9514178650645433
0.9514424636138776
0.9514670372658949
0.9514915860583755
0.9515161100290235
0.9515406092154666
0.9515650836552567
0.9515895333858699
0.9516139584447065
0.9516383588690914
0.9516627346962744
0.9516870859634299
0.9517114127076578
0.9517357149659831
0.9517599927753563
0.9517842461726538
0.9518084751946776
0.9518326798781559
0.9518568602597431
0.9518810163760203
0.9519051482634947
0.9519292559586007
0.9519533394976996
0.9519773989170798
0.9520014342529571
0.952025445541475
0.9520494328187042
0.9520733961206439
0.952097335483221
0.9521212509422907
0.9521451425336369
0.9519196337343683
0.9519436020126661
0.9519675464062822
0.9519292159548847
0.9519531436721794
0.9519770475808002
0.9520009277162648
0.95202478411402
0.9520486168094429
0.9520724258378394
0.9517240027977213
0.9517479492249049
0.9517718719074906
0.9517957708807772
0.9518196461799943
0.9514474582363408
0.9514714822550264
0.9514954825110823
0.9515194590397471
0.9512140311120265
0.9512381229485144
0.9512621910023404
0.9512862353087034
0.9509815248047707
0.9510056837378388
0.9510298188690024
0.9510539302334194
0.9510780178661786
0.9511020818022995
0.951126122076733
0.9511501387243612
0.9511741317799975
0.9511981012783873
0.9512220472542076
0.9512459697420672
0.9512698687765073
0.9512937443920014
0.9513175966229555
0.9513414255037077
0.9513652310685298
0.9513890133516258
0.9514127723871334
0.9514365082091231
0.9514602208515991
0.9514839103484992
0.9515075767336951
0.9515312200409922
0.9515548403041301
0.9515784375567827
0.9516020118325584
0.951625563165
0.951649091587585
0.9513079884803476
0.9513316483498906
0.9513552852375303
0.9513788991767355
0.950941092291016
0.9509648726631483
0.9509886299922844
0.9510123643119007
0.9510360756554089
0.9505998705532277
0.9506237468845214
0.9501885718513158
0.9497542365190906
0.9497784630202869
0.9498026661706386
0.9498268460038897
0.9498510025537192
0.9498751358537415
0.9494182454565055
0.9494425636077284
0.9494668583873498
0.9494911298290466
0.9495153779664306
0.9495396028330494
0.9495638044623861
0.9495879828878595
0.9496121381428246
0.9496362702605723
0.9492059963177392
0.9492302880459469
0.9488010187788223
0.9488254691041428
0.948849896087864
0.9488742997633945
0.9479697484766801
0.9479945365907932
0.9480193010971786
0.9475930220285799
0.9476179421322277
0.9475477815133436
0.9475726994318645
0.9475975936866452
0.9476224643113786
0.9471729280379861
0.9471979764362612
0.9472230010919787
0.9472480020388796
0.9472729793106415
0.9468498260662606
0.9468749561721395
0.9469000625255553
0.9469251451601677
0.9469502041095726
0.9469752394073029
0.9470002510868277
0.9470252391815535
0.9470502037248232
0.9470751447499175
0.9471000622900541
0.9471249563783882
0.9471498270480126
0.9471746743319581
0.947199498263193
0.9472242988746242
0.9472490761990962
0.9472738302693923
0.947298561118234
0.9473232687782818
0.9473479532821344
0.9473726146623301
0.9471631705543422
0.9471878953224496
0.9472125969616815
0.9470035214137797
0.9470282861233995
0.9470530276992409
0.9470777461737044
0.9471024415791297
0.9471271139477961
0.9471517633119231
0.9470598938975185
0.9470845516087912
0.9471091863613011
0.9471337981870986
0.9471583871181743
0.9471829531864597
0.9472074964238266
0.9472320168620877
0.9472565145329968
0.9472809894682482
0.9473054416994782
0.9473298712582637
0.9473542781761237
0.9473786624845183
0.9474030242148495
0.9474273633984613
0.9474516800666396
0.9474759742506125
0.9473462102452594
0.9473705307024209
0.94739482870302
0.9474191042781456
0.947443357458829
0.9474675882760449
0.9474917967607104
0.9475159829436856
0.9475401468557741
0.9475642885277227
0.9475884079902215
0.9476125052739041
0.9476365804093481
0.9476606334270746
0.9476846643575488
0.9477086732311801
0.9477326600783218
0.9477566249292716
0.947780567814272
0.9478044887635095
0.947828387807116
0.9476234320232226
0.9476473920268716
0.9476713301192233
0.9476952463303205
0.9477191406901514
0.9477430132286491
0.9477668639756921
0.9477906929611046
0.9478145002146564
0.9478382857660627
0.9478620496449847
0.9478857918810298
0.9479095125037512
0.9479332115426485
0.9479568890271676
0.9479805449867006
0.9480041794505868
0.9480277924481114
0.9480513840085072
0.9480749541609534
0.9480985029345766
0.9481220303584503
0.9481455364615956
0.9481690212729807
0.9481924848215217
0.948215927136082
0.9482393482454733
0.9482627481784546
0.9482861269637332
0.9483094846299644
0.9483328212057524
0.9483561367196487
0.948379431200154
0.9484027046757175
0.948425957174737
0.9484491887255592
0.9484723993564796
0.9484955890957432
0.9485187579715436
0.948541906012024
0.9485650332452771
0.9485881396993447
0.9486112254022189
0.9486342903818409
0.948657334666102
0.9486803582828437
0.9487033612598572
0.9487263436248842
0.9487493054056164
0.9487722466296963
0.9487653388385122
0.9487882523721265
0.9488111454197921
0.9488340180089699
0.9488568701670723
0.948879701921462
0.9489025132994533
0.9489253043283117
0.948948075035254
0.9489708254474487
0.9489935555920155
0.9490162654960261
0.9490389551865042
0.9490616246904248
0.9490842740347153
0.9491069032462555
0.9491295123518768
0.9491521013783636
0.9491746703524522
0.9491972193008318
0.949219748250144
0.9492422572269835
0.9492647462578976
0.9492872153693865
0.9493096645879039
0.9493320939398561
0.9493545034516032
0.9493768931494584
0.9493992630596884
0.9494216132085136
0.949443943622108
0.9494662543265997
0.94948854534807
0.949510816712555
0.9495197132101242
0.9495419512219259
0.9495641696493932
0.9495863685183855
0.949608547854717
0.9496307076841565
0.9496528480324271
0.9496749689252073
0.9496970703881299
0.9497191524467831
0.9497412151267098
0.9493468782436527
0.9493690750542383
0.9493912524195234
0.9492674675746228
0.9492896699958154
0.9493118529923177
0.9493340165896101
0.9493561608131287
0.9493782856882649
0.9494003912403661
0.9494224774947352
0.9494445444766311
0.9494665922112684
0.9494886207238179
0.9495106300394067
0.9495326201831177
0.9495545911799905
0.949576543055021
0.9495984758331615
0.949620389539321
0.9496422841983652
0.9494469574024493
0.9494689083545108
0.9494908402519263
0.949512753119496
0.9495346469819768
0.9494120340733008
0.9494339526027318
0.9494558521468622
0.9494777327303484
0.949499594377804
0.9495214371137997
0.9495432609628641
0.9491548866553369
0.9491768405039313
0.9491987754022895
0.9490049881825301
0.949026978269558
0.9490489493996142
0.9490709015972015
0.9490928348867808
0.9491147492927701
0.949136644839546
0.949158521551443
0.9491803794527536
0.9492022185677288
0.9492240389205777
0.9492458405354679
0.9492676234365257
0.9492893876478357
0.9493111331934412
0.9493328600973445
0.9493545683835067
0.9493762580758479
0.949397929198247
0.9494195817745421
0.9494412158285307
0.9494628313839696
0.9494844284645747
0.9495060070940217
0.9491223058502368
0.9491440113511539
0.9491656983399168
0.9491873668401981
0.9492090168756305
0.9492306484698061
0.9492522616462771
0.9492738564285552
0.9492954328401126
0.9493169909043813
0.9493385306447535
0.9493600520845815
0.9493815552471783
0.949403040155817
0.9494245068337314
0.9494459553041157
0.949467385590125
0.9490866423579436
0.9491081975474618
0.949091262596782
0.9491127975956836
0.9491343143831695
0.9491558129823313
0.949144795284864
0.9491662713003687
0.9491877291850034
0.9492091689617186
0.949230590653426
0.9492519942829987
0.9492733798732713
0.94929474744704
0.9493160970270623
0.9493374286360576
0.9489595165850602
0.948980971180863
0.9490024077475937
0.949010278191834
0.9490316844562371
0.9490530727548288
0.9490744431102168
0.9490957955449715
0.9491171300816248
0.9491384467426714
0.9491597455505681
0.9491810265277342
0.949202289696551
0.949223535079363
0.9492447626984769
0.9492659725761625
0.949287164734652
0.9493083391961407
0.9493294959827867
0.9493506351167113
0.9493717566199987
0.9493928605146965
0.9494139468228153
0.9494350155663294
0.9494560667671761
0.9494771004472563
0.9494981166284346
0.9495191153325392
0.949540096581362
0.9495610603966584
0.9495820068001481
0.9495337508128229
0.9495546911651828
0.9495756141468645
0.9495965197794736
0.9496174080845795
0.949638279083716
0.9496591327983811
0.9496799692500374
0.9497007884601119
0.949721590449996
0.949742375241046
0.9497631428545827
0.949783893311892
0.9498046266342239
0.9498253428427942
0.9498460419587832
0.9498667240033363
0.9498873889975641
0.9499080369625423
0.9499286679193123
0.9499492818888804
0.9499698788922183
0.9499904589502635
0.9500110220839187
0.9500315683140528
0.9500520976614998
0.9500726101470597
0.9500931057914985
0.950113584615548
0.9501340466399057
0.9501544918852359
0.9501749203721682
0.9501953321212988
0.9502157271531901
0.950236105488371
0.9502564671473365
0.9502768121505482
0.9502971405184343
0.9503174522713896
0.9503377474297755
0.95035802601392
0.9503782880441185
0.9503713337582308
0.9503915738341858
0.9504117974078369
0.9504320044993577
0.9504521951288895
0.9504723693165406
0.9504925270823865
0.9505126684464702
0.9505327934288018
0.9505529020493593
0.9505729943280876
0.9505930702848999
0.9506131299396767
0.9506331733122662
0.9506532004224842
0.9506732112901151
0.9506932059349104
0.9507131843765898
0.9507331466348415
0.9507530927293214
0.9502367067319676
0.9502568293738066
0.9502769357483524
0.9502970258753227
0.9503170997744038
0.9503371574652498
0.9503571989674834
0.9503772243006954
0.950397233484445
0.9504172265382602
0.9504372034816373
0.9504571643340409
0.9504771091149049
0.9504970378436313
0.9505169505395912
0.9501547986500899
0.9501748248458914
0.9499940317435437
0.950014106399608
0.9500341649443915
0.9500542073972819
0.9500742337776358
0.950094244104779
0.9501142383980063
0.9501342166765814
0.9501541789597373
0.9501741252666762
0.9499940556165695
0.9500140499965709
0.9496544702522668
0.9496745762944983
0.9496946662840015
0.9497147402399935
0.9497347981816608
0.9497548401281594
0.9497748660986145
0.949794876112121
0.9498148701877435
0.9498348483445158
0.949854810601442
0.9498747569774956
0.9498946874916198
0.949914602162728
0.9499345010097036
0.9499543840513994
0.949974251306639
0.9499941027942158
0.9500139385328932
0.950003257717883
0.9500230741040432
0.9500428747878371
0.9500626597879211
0.950082429122922
0.9501021828114369
0.9501219208720336
0.9501416433232507
0.9501613501835972
0.9501810414715531
0.9502007172055691
0.9502203774040666
0.9502268676523945
0.9502465020241292
0.9502661209113437
0.9502857243323483
0.9503053123054246
0.9503248848488254
0.9503444419807746
0.9501672107954221
0.9501868145677291
0.9502064029222052
0.9502259758770313
0.9502455334503606
0.9502650756603171
0.9502846025249971
0.9503041140624676
0.950323610290768
0.9503430912279088
0.9503625568918728
0.9503820073006143
0.9504014424720594
0.9502903481980556
0.9501141093142208
0.9501336264858505
0.9501531283918005
0.9501726150499742
0.950192086478247
0.9502115426944664
0.9502309837164522
0.9502504095619961
0.9502698202488623
0.9500942079944751
0.9500746780888243
0.9500941345665761
0.9501135758854048
0.9501330020630195
0.9501524131171016
0.9501718090653051
0.9501911899252564
0.9502105557145545
0.9502299064507711
0.9502492421514507
0.9502685628341103
0.9502878685162399
0.9503071592153024
0.9503264349487331
0.9503456957339411
0.9503649415883079
0.9503841725291879
0.9504033885739095
0.9504225897397732
0.9504417760440534
0.9504609475039978
0.9504801041368268
0.9504992459597349
0.9505183729898895
0.9505374852444319
0.9505565827404765
0.9505756654951116
0.950594733525399
0.9506137868483742
0.9506328254810463
0.9504591712130382
0.9504782547372242
0.9504973235648188
0.9505163777127922
0.9505354171980893
0.9505544420376285
0.9505734522483023
0.950592447846977
0.9506114288504933
0.950630395275666
0.9506493471392837
0.9506682844581098
0.9506872072488816
0.9507061155283106
0.9507250093130832
0.9507438886198598
0.9507627534652754
0.9507816038659396
0.9508004398384363
0.9508192613993245
0.9508380685651373
0.9508568613523831
0.9508756397775446
0.9508944038570795
0.9508495160867383
0.9508682758134228
0.9508870212251689
0.9509057523383553
0.9509244691693357
0.9509431717344389
0.9509618600499686
0.950980534132204
0.9506185316449058
0.9506373221579786
0.9504659119935974
0.9504847462475923
0.9505035661844042
0.9505223718203525
0.950541163171731
0.9505599402548093
0.9505787030858321
0.9505974516810196
0.9506161860565672
0.9506349062286458
0.9506536122134019
0.9506723040269575
0.95069098168541
0.9507096452048326
0.9507282946012742
0.9503874792556399
0.9504062292634798
0.9504249651043323
0.9504436867942476
0.9504623943492516
0.9504810877853462
0.9504997671185091
0.9505184323646937
0.9505370835398295
0.9505557206598221
0.9505743437405528
0.9505929527978794
0.9505362749835031
0.9505548843608608
0.9505734797409432
0.9504667478563287
0.9504853623817491
0.9503161342215757
0.9503347913247594
0.950353434421109
0.9503720635263919
0.950390678656352
0.9504092798267095
0.9504278670531613
0.9504464403513804
0.9504649997370166
0.9504835452256961
0.9505020768330218
0.9505205945745733
0.9505390984659067
0.9505575885225549
0.9505013263444823
0.9501648802456439
0.9501834823806773
0.9502020706335204
0.950220645019707
0.9502392055547482
0.9502577522541314
0.9502762851333214
0.9502948042077596
0.9503133094928646
0.9503318010040323
0.9503502787566349
0.9503687427660226
0.9503871930475222
0.9504056296164379
0.9504240524880515
0.9504424616776215
0.950460857200384
0.9504792390715527
0.9504976073063185
0.9505159619198497
0.95034898046621
0.9503673765460668
0.950385758999198
0.9504041278407385
0.9504224830858011
0.9504408247494763
0.9504591528468322
0.9504774673929148
0.9504957684027474
0.9505140558913315
0.9505323298736464
0.9505505903646492
0.9505688373792748
0.9505870709324362
0.9506052910390246
0.9506234977139087
0.9502915467027014
0.9503098487841806
0.9503281373933877
0.950346412545193
0.9503646742544445
0.9503829225359686
0.9503399054138802
0.9503581493869097
0.9501927589537892
0.9502110435503553
0.9502293147270341
0.9502475724985943
0.950265816879783
0.9502840478853255
0.950302265529926
0.9503204698282667
0.9502471192351403
0.950265330392082
0.9502835282221618
0.9500273894042311
0.9500456609254727
0.9500639190903392
0.9500821639134702
0.9501003954094843
0.9501186135929784
0.9501368184785285
0.9501550100806888
0.9501731884139927
0.9501913534929523
0.9502095053320583
0.9499847781291444
0.9500029919754194
0.9500211925607941
0.9500393798997459
0.9500575540067303
0.9500757148961824
0.950093862582516
0.9501119970801241
0.9501301184033787
0.9501482265666309
0.9501663215842111
0.9501844034704287
0.9502024722395725
0.9502205279059106
0.9502385704836903
0.9502565999871382
0.9502746164304605
0.9499305633470316
0.94990847081194
0.949926593651733
0.9499447033827813
0.9499628000193023
0.9499808835754934
0.9499989540655311
0.9500170115035718
0.9500350559037509
0.9500530872801841
0.9500711056469662
0.9500891110181717
0.9501071034078552
0.9501250828300505
0.9501430492987717
0.9501610028280123
0.9501789434317459
0.9501968711239259
0.9502147859184856
0.9502326878293385
0.9501786861442812
0.950196588161477
0.9502144773180281
0.9502323536277882
0.9502502171045909
0.9499272255571701
0.949945179223159
0.9496227534408421
0.9496407968672602
0.9496588273732153
0.9496768449725806
0.9496948496792095
0.9496803275259232
0.9496983181131503
0.9493769902688394
0.9493950699151719
0.9494131366520819
0.949431190493391
0.9494492314529009
0.9494672595443943
0.9494852747816332
0.9495032771783611
0.9495212667483012
0.9495392435051572
0.9495572074626135
0.9495751586343351
0.949593097033967
0.9496110226751356
0.9496289355714473
0.9496468357364894
0.94966472318383
0.9496825979270175
0.9496117130857229
0.9496295939540388
0.9496474621363893
0.9496653176462699
0.9493286762717056
0.9493466320915951
0.9493645751903936
0.9493825055816152
0.9494004232787545
0.9494183282952872
0.9494362206446697
0.94945410034034
0.9494719673957163
0.9494898218241984
0.9495076636391668
0.9495254928539836
0.9495433094819913
0.9495611135365143
0.9495789050308576
0.949596683978308
0.949614450392133
0.9496322042855819
0.949649945671885
0.949667674564254
0.9496853909758822
0.9497030949199442
0.949720786409596
0.9497384654579751
0.9497561320782009
0.9497737862833736
0.9497914280865758
0.9498090575008713
0.9498266745393055
0.9498442792149058
0.9498618715406809
0.9498794515296218
0.9498970191947008
0.9499145745488723
0.9499321176050722
0.949949648376219
0.9499671668752122
0.949984673114934
0.9500021671082481
0.9500196488680005
0.950037118407019
0.9500545757381137
0.9500720208740766
0.9500894538276821
0.9501068746116863
0.9501242832388281
0.9501416797218282
0.9501590640733896
0.9501764363061977
0.9501937964329203
0.9502111444662074
0.9502284804186912
0.9500137588220727
0.9500311513903322
0.9500485318594138
0.9500659002419384
0.9500832565505092
0.9501006007977119
0.9501179329961149
0.9501352531582691
0.9501525612967077
0.9501698574239469
0.9501871415524852
0.950204413694804
0.9502216738633673
0.9500656718973718
0.9500829681661984
0.9501002524569996
0.9501175247822136
0.9497887643930155
0.9498061325132532
0.9498234886223427
0.9498408327327393
0.9498581648568815
0.9498754850071899
0.9498927931960687
0.9499100894359044
0.9499273737390665
0.9499446461179079
0.9499619065847638
0.9499791551519527
0.9499963918317763
0.9500136166365191
0.9500308295784486
0.9500480306698158
0.9500652199228544
0.9500823973497815
0.9500995629627974
0.9501167167740855
0.9501338587958127
0.9501509890401287
0.9501681075191671
0.9501852142450445
0.9502023092298609
0.9502193924856998
0.9502364640246279
0.9502535238586955
0.9502705719999366
0.9502876084603682
0.9503046332519914
0.9503216463867904
0.9503386478767334
0.9503556377337717
0.9503726159698409
0.9503212065284837
0.9503381849267994
0.9503551517238863
0.9503721069316308
0.9503890505619034
0.9503889177801416
0.9504058441132087
0.9504227589003461
0.9504396621533634
0.9504565538840541
0.9504734341041958
0.95049030282555
0.950507160059862
0.9505240058188614
0.9505408401142617
0.9505576629577601
0.9505744743610387
0.9505912743357631
0.950608062893583
0.9506248400461328
0.9506416058050305
0.9506583601818788
0.9506751031882643
0.9506239922306021
0.9506407355360512
0.9506574674901068
0.9506741881043087
0.9506767826657008
0.950693485414544
0.9506819665185562
0.9506986562083977
0.9507153346061621
0.9507320017233057
0.9507486575712695
0.9507653021614786
0.950781935505343
0.950798557614257
0.9508151684995999
0.9508317681727354
0.9508483566450118
0.9508649339277623
0.9508815000323044
0.9508980549699411
0.9509145987519593
0.9509311313896311
0.9509476528942138
0.9509641632769489
0.9509806625490629
0.9509971507217676
0.9510136278062593
0.9510300938137194
0.9510465487553141
0.9510629926421952
0.9510794254854986
0.9510958472963461
0.9507766876160453
0.9507931999650503
0.9508097012393746
0.9508261914501559
0.9508426706085171
0.9508591387255662
0.9508755958123962
0.9508920418800854
0.9509084769396972
0.95092490100228
0.950941314078868
0.9509577161804798
0.9508069950186547
0.950823431037693
0.9508398560774265
0.9508562701488531
0.9508726732629557
0.9508890654307024
0.950905446663047
0.9509218169709287
0.9509381763652717
0.9509545248569861
0.950970862456967
0.9509871891760956
0.951003505025238
0.9510198100152463
0.9510361041569577
0.9510523874611956
0.9510686599387683
0.9510849216004703
0.9511011724570814
0.9507852969431468
0.9508016364859944
0.9508179651828128
0.9508342830443978
0.9508505900815307
0.9508668863049785
0.9508831717254939
0.9508994463538154
0.9509157102006675
0.95093196327676
0.9509181132091712
0.9509284456856547
0.9509240035931356
0.9509402324279261
0.9509564505329087
0.9509726579187207
0.9509888545959857
0.9510050405753133
0.951021215867299
0.9510373804825243
0.9510535344315568
0.950904770073235
0.9507561038120833
0.9507723344963904
0.9507885544850243
0.9508047637885536
0.9508209624175333
0.9508371503825045
0.9507436424905282
0.9507598452397089
0.9507760373326917
0.9507922187799853
0.9508083895920851
0.9508245497794728
0.9508406993526158
0.9508568383219682
0.9508729666979702
0.9508890844910483
0.9509051917116154
0.9509212883700705
0.9509373744767995
0.950953450042174
0.9509695150765526
0.95098556959028
0.9510016135936875
0.9510176470970927
0.9510237574414171
0.9510146185158566
0.9510306320436382
0.9510466351050618
0.9510626277103853
0.9510786098698528
0.9510945815936955
0.9511105428921309
0.9511264937753635
0.9511424342535842
0.9511583643369708
0.9511742840356875
0.9511901933598857
0.9512060923197033
0.9512219809252652
0.9512378591866827
0.9512537271140544
0.9512695847174656
0.9509761714634231
0.9509921038093888
0.951008025802953
0.9510239374542024
0.9510398387732109
0.9510557297700387
0.9510716104547338
0.9510752408603416
0.9510911049197254
0.9511069586944677
0.9511228021945667
0.9508146963305582
0.9508306242138708
0.9508465417845364
0.9508624490525673
0.9508783460279627
0.9508942327207093
0.9509101091407801
0.950925975298136
0.9509418312027247
0.950957676864481
0.9509735122933267
0.9509409191647621
0.9509567497813595
0.9509725701846558
0.9509883803845317
0.9508429940594562
0.9508588358274034
0.9508746673880261
0.9508904887511861
0.950906299926733
0.9509221009245037
0.950937891754322
0.9509215077428218
0.9509372886084994
0.9509530593289723
0.9509688199140208
0.9509845703734124
0.951000310716902
0.9510078094853265
0.9510235322679049
0.9510392449620763
0.9510351501448782
0.9510508490387078
0.9510665378691442
0.9510822166458602
0.9510978853785169
0.9511135440767627
0.9511291927502337
0.9511448314085535
0.9511604600613339
0.951176078718174
0.9511916873886604
0.9512072860823682
0.9512192850468606
0.9512348649622081
0.9512504349286953
0.9512659949558486
0.9512815450531824
0.951297085230199
0.9513126154963883
0.9513158752496692
0.951331389629768
0.9513468941249481
0.9513623887446536
0.9513778734983166
0.9513933483953572
0.9514088134451837
0.9514242686571922
0.951439714040767
0.9514551496052804
0.9514705753600928
0.9514859913145528
0.9515013974779969
0.95151679385975
0.9515321804691248
0.9515475573154226
0.9515629244079329
0.9515782817559328
0.9515936293686885
0.9516089672554539
0.9515999295474468
0.9516152557255508
0.9516305722004715
0.9516458789814207
0.9516611760775987
0.951676463498194
0.9516917412523836
0.9517070093493329
0.9517222677981957
0.9517375166081141
0.9517527557882189
0.9517679853476292
0.9517832052954527
0.9517984156407853
0.9518136163927119
0.9518171313191212
0.9518323165913182
0.9518474922949756
0.9518626584391346
0.9518778150328251
0.9518929620850654
0.9519080996048623
0.9519232276012118
0.9519383460830982
0.9519534550594947
0.9519685545393628
0.9519836445316533
0.9519987250453055
0.9520137960892472
0.9520288576723956
0.9520439098036563
0.9520589524919236
0.952073985746081
0.9520890095750008
0.9521040239875439
0.9521190289925603
0.952134024598889
0.9521490108153576
0.9521639876507833
0.9521789551139713
0.9521939132137167
0.9522088619588032
0.9522238013580032
0.9522387314200789
0.9522536521537809
0.952268563567849
0.9522834656710123
0.952298358471989
0.952313241979486
0.9523281162021998
0.9523429811488159
0.9523578368280089
0.9523726832484426
0.9523875204187703
0.9524023483476339
0.9524171670436652
0.9524319765154847
0.9524467767717026
0.9524615678209183
0.9524763496717203
0.9524911223326865
0.9525058858123843
0.9525206401193701
0.9525353852621902
0.9525501212493799
0.9525648480894638
0.9525795657909564
0.9525942743623612
0.9526089738121714
0.9526236641488693
