5.699185609817505
7.846645991007487
11.292553186416626
11.377557229995727
12.02488124370575
12.230488640921456
12.307338386774063
12.060285541746351
12.950003862380981
12.747111038728194
12.643935799598694
12.7548972093142
12.934719153812953
13.044089539845784
13.136647656559944
13.20662363837747
13.344120158089531
13.064408716402555
13.00108985900879
13.088023798806327
13.024088155139577
13.357327367948448
13.250706334908804
13.660724353790282
13.677932546688961
13.616041995860913
13.562965869903564
13.56572438930643
13.056870706619755
13.034664146602154
13.085476232297493
12.991416222908917
12.98339399610247
12.973049210177528
12.998214367273691
13.015305337152983
12.97769396733015
12.946233481168747
12.955048200560778
13.276777097157069
13.277313082717185
13.268323827873576
13.232366153928968
13.196474039036294
13.197821282325908
13.220054889718691
13.233972821916852
13.243661847114563
12.680048029377776
12.67040310965644
12.565703556754372
12.552887954882213
12.57662476573074
12.559954055424395
12.548527366023952
12.542308982213338
12.621342549558547
12.633732811097175
12.629831200554257
12.594782765954733
12.615983159725483
12.602611801841043
12.6084675112767
12.619235133423524
12.61814194140227
12.602059728758675
12.439030173752043
12.444662590549417
12.457510758090663
12.467265036900839
12.455028838232943
12.467056373497108
12.582129185016338
12.570083642307717
12.573926332592965
12.5812713422893
12.425436499607132
12.455461067812783
12.462652405570536
12.474022202713545
12.645288007012729
12.640344820239328
12.602745870525917
12.629603290557862
12.641248868061947
12.646941363811493
12.66414455188218
12.656418881517775
12.598887963044016
12.578695125877857
12.575460903423348
12.604356631940725
12.754365930653583
12.785567300319672
12.797974990145995
12.806656589695052
12.817056044791508
12.810684213271507
12.815076130912418
12.820998754141465
12.82779340209248
12.81857681053656
12.808830665885855
12.805358255993236
12.820247398840415
12.814639806747437
12.806286216837115
12.796689307480527
12.79941552825596
12.769222748690638
12.855165271677523
12.892324201131272
12.892589723362642
12.86476547718048
12.845082521438599
12.836081674841584
12.827572210048272
12.821768777985726
12.815156837463379
12.752924156567406
12.758475921285434
12.852636985480785
12.863682650780493
12.968195966573862
12.959490948960982
12.949261844158173
12.939131068107777
13.015815122803644
13.005968060316864
12.999100867439719
13.094543406563083
13.170599315477455
13.13757430735252
13.133862839426314
13.1227839348164
13.111232179990957
13.112335460169332
13.200185744298828
13.271239994312154
13.270006558666491
13.264936915871237
13.257906367649904
13.329659569183452
13.319042239189148
13.293427009456206
13.297090193158702
13.28937926011927
13.377471840226805
13.355296416436472
13.344635873268812
13.33411136858023
13.32773500152781
13.32152764002482
13.32051629126072
13.30074003468389
13.287390429296611
13.270909786224365
13.297115799857348
13.290947586117369
13.281989361866412
13.2868629872442
13.277357874881654
13.268041531715168
13.271479146620807
13.238841526689585
13.401042665159979
13.39711800338216
13.395193824822876
13.461269226074219
13.51155325634913
13.512477882837844
13.516285853439502
13.560635683922794
13.551517731613583
13.539871949517266
13.537535075302962
13.534354436592977
13.53701054142869
13.529261756587672
13.527981600453776
13.519331480730026
13.509802976821332
13.500082354066233
13.509335561802512
13.55273853047356
13.540758824596802
13.535074757788465
13.579861468875531
13.569852251884265
13.608706525393895
13.604716072227749
13.597030950315071
13.595199417229274
13.656212462186813
13.718158022088199
13.70835532174252
13.698711488047257
13.692074314051984
13.752544974117745
13.746507828675428
13.739891656930896
13.733745899337988
13.720709644436266
13.712630988302685
13.705267877940319
13.69743154071412
13.681879905467861
13.673930567001628
13.670542959834254
13.64415869227162
13.636974288571265
13.632630738643332
13.63280505567925
13.620961420102553
13.613950999074392
13.611853975433487
13.607407881005463
13.607961000076362
13.6144429397583
13.61519745809842
13.593744729584008
13.585138493462614
13.57529030616627
13.577990493567093
13.561056990644117
13.551433727659028
13.543620590488286
13.541671330093319
13.528456727494584
13.51870578224376
13.503231382571192
13.490695518605849
13.48914911158414
13.523193951447805
13.515214300749212
13.565034491956727
13.563755225742796
13.552859616084177
13.495673025526651
13.494572862439792
13.544377985500521
13.542497450089359
13.540312440872192
13.5397877854655
13.58212845003794
13.570505585123898
13.562507551486098
13.55445497456719
13.547033550217748
13.53103373672248
13.52990616476813
13.56851914858726
13.56689191873257
13.56176010858967
13.560138503103765
13.555232245659194
13.546944019469349
13.533275692417936
13.53141702834825
13.524675344259999
13.521347142867189
13.513727750920008
13.506433270595691
13.49885098256748
13.489026290528914
13.482456143522437
13.481712905159831
13.482129731611773
13.476262799207715
13.485523959789896
13.480469745697736
13.475410070043312
13.462732667582376
13.509153320271773
13.503755597358055
13.498678233513983
13.498852141306434
13.493276000441167
13.493923164747812
13.483182844799986
13.487250634365612
13.481581762175246
13.476870623128168
13.472064547522372
13.457907371325035
13.519806164523441
13.515942057784724
13.508628260887276
13.494621019911122
13.540629760183469
13.575637375748398
13.584997050339561
13.587057524522146
13.572363644343278
13.578999044879383
13.57071861260795
13.557398744319615
13.551147322576554
13.545021138939203
13.540698480140115
13.524651103205494
13.523244135588119
13.517099862713968
13.506640930267775
13.488039360596584
13.487326980018006
13.492859418984432
13.492442184781272
13.486398934563503
13.480391439203208
13.47802346382501
13.471446475265168
13.485525152087211
13.516919520785132
13.498445889224177
13.499324233908402
13.494467589590284
13.4885083932143
13.48330439307207
13.477604950604453
13.459714143014535
13.496852152978033
13.492450525543907
13.488092883475957
13.487329129713128
13.48583174181414
13.480382616648416
13.479016607199142
13.45348359644413
13.478616982610006
13.474049640125072
13.50833302542875
13.509274248515858
13.501171455355333
13.499762979864377
13.501978414746832
13.495640456676483
13.504357646168142
13.495995705527378
13.488335821745375
13.488906944620199
13.488179382417126
13.479510394505093
13.474457859653354
13.470850936391138
13.46899109116357
13.49788944128543
13.491513905726688
13.473937241548903
13.472211465782145
13.46853181769728
13.464585632334845
13.458785865704218
13.454941468225622
13.455226539906876
13.450160989419816
13.449410264308636
13.444210192275374
13.483121770327209
13.482131606551542
13.47801478466262
13.4777254916142
13.455841840280069
13.455485300233743
13.48166069164071
13.482298062250377
13.4765386243555
13.471811571121215
13.445028586476171
13.445948374334467
13.441307242753323
13.439719369536952
13.439693140545542
13.431167732982736
13.463648239564025
13.454719102631012
13.485902808548568
13.513933182998025
13.529826424226588
13.553211214616127
13.55035045030491
13.574971433786246
13.566444479900857
13.557457305947128
13.553503671675237
13.534326765743003
13.550927620296237
13.542411245480933
13.54119354711672
13.570347283952799
13.561659750185514
13.554319787025452
13.549353797536837
13.549424196357158
13.57168071264073
13.563725100295379
13.548844910256657
13.578230443846415
13.582107797008767
13.582561853469587
13.579843989794295
13.57202305851913
13.586993708227673
13.576478206995622
13.564998432164042
13.566063592975267
13.590663495695734
13.612308568679369
13.623470934174902
13.617197876341605
13.6215941832003
13.617004769756681
13.620881939727168
13.644224275909894
13.637668631600995
13.637086241875055
13.632437804166008
13.633002277830956
13.626824519114974
13.61831229980861
13.639216416365617
13.63434389358343
13.629931728690517
13.622820880677965
13.618292900486301
13.6125764050242
13.603495289813512
13.606207496529326
13.601899233235374
13.59420510078674
13.586335872463321
13.584205827929758
13.612197545650595
13.626246971781976
13.618051711377387
13.617729674051473
13.61317184373234
13.62168982103801
13.617805715108611
13.60978104280574
13.64597742382296
13.67102547592587
13.666667220862108
13.650885550849205
13.674656708508927
13.660179774666673
13.68664823102427
13.67521078440181
13.6972803636505
13.696227494806182
13.723057119415216
13.730546328814134
13.752028142552572
13.747852943676374
13.74376147303159
13.73319213246477
13.754446418823735
13.782625424503768
13.792950248309836
13.820296230988625
13.822050730048467
13.814671319596311
13.828637862661083
13.826529319508602
13.817013015706745
13.839990597736987
13.867602002495213
13.895410106462592
13.88810545393506
13.888036097941539
13.887818562959579
13.880405162274837
13.899778885058208
13.891903562169846
13.887015369367896
13.885481347229856
13.887455036713906
13.879976307413706
13.87583183605813
13.868736314968984
13.86042016805559
13.884854190690177
13.87970613365018
13.871745083874803
13.88190742583594
13.881210448288241
13.873568265606659
13.897316767804083
13.886213660000315
13.917382906239673
13.939565573522227
13.93200217294693
13.935478200931511
13.95396956077135
13.946977047986586
13.945678042987037
13.939402227118464
13.934960461887918
13.922374453064958
13.922055686083366
13.917762479519798
13.901313248802634
13.896899253654853
13.895654389634728
13.897713794113367
13.894325443278955
13.892419447019263
13.88507819129515
13.873557354080377
13.872402059525596
13.89567988961648
13.890797586624439
13.883701314395312
13.881282577112717
13.878788432473206
13.878499572968664
13.818191677331924
13.826457248518283
13.819790711492862
13.816654124502408
13.815546806593586
13.812302640410346
13.794248592519315
13.78825431439414
13.781914929881886
13.778774246850421
13.775454056285087
13.776223213142819
13.775192165551037
13.774842981042896
13.772375527885957
13.768614221583395
13.765667646740555
13.766512769482512
13.762541688556427
13.733969106483112
13.730224542617798
13.729590829617315
13.726814284272816
13.750443802604192
13.751267150851364
13.747525682535258
13.738943231620377
13.73842407642618
13.735115507597564
13.734998662058057
13.728921758277076
13.728159458241999
13.729005612936733
13.719160931995452
13.714218356930617
13.73457293552635
13.75571199019469
13.77847315646984
13.799540610800326
13.818831357469877
13.839772463681404
13.860665220721591
13.859715663052938
13.85868133300262
13.880295684528683
13.898039673514988
13.89278090869387
13.93062945668371
13.951451304462129
13.969547791390427
13.969025047894181
13.968261201287302
13.971908307157431
13.992615292861572
14.005570886478033
14.005118461348053
14.02686168960337
14.044290465431278
14.041188786629917
14.040886653906623
14.062313944202359
14.088580380438145
14.110140831486598
14.109626929635342
14.1287682935445
14.144668004492752
14.157362078660286
14.15368530099316
14.16928999639275
14.165198295462709
14.184430480798085
14.203583242095846
14.217456557029902
14.23687649880278
14.231510171037636
14.248636322967277
14.26780347816228
14.26635113893663
14.262419180258325
14.258267525185897
14.255016981578263
14.251015994825847
14.224277593961158
14.220244458133312
14.218681821202845
14.23099207181435
14.250325607905705
14.248758194901797
14.243971142899817
14.240965622086678
14.272569184142034
14.27453260866392
14.292684923588368
14.288502158644873
14.286688187789917
14.2985899916853
14.314901008560327
14.311730311554708
14.311969196095186
14.311402378006587
14.337693745662973
14.336591129061542
14.33532114239854
14.331834843858184
14.331636429208471
14.345144741190305
14.344326442976014
14.341771225196814
14.338295334381677
14.35943232551217
14.359300369033576
14.357258414182336
14.348071635232929
14.349298825915556
14.34892644845238
14.36681792979639
14.371761555281083
14.361563804340951
14.358872792753857
14.355089430075425
14.330148414600115
14.32870948004321
14.325115908905635
14.336709104057487
14.35161417468292
14.361799461475064
14.358267274308712
14.358197143117646
14.376067314364693
14.371976832218142
14.370843680603627
14.366277488648082
14.359405018838055
14.376457588296187
14.392707396913934
14.402058789040195
14.39748222920709
14.403600147843182
14.419746112823486
14.433498108262633
14.438627833411807
14.452636490959293
14.46537748713168
14.440372069911843
14.457174732906955
14.453059307241862
14.446988258165183
14.441451537959717
14.438580943624354
14.450499699612168
14.450407618484943
14.445333133315483
14.457845829177076
14.454392121415097
14.472147625433132
14.477949780780216
14.47774413984988
14.477234644129656
14.474816382362597
14.480040612592862
14.491583416128227
14.488103576970719
14.492261838226867
14.506060361519626
14.497568924652471
14.506748128517161
14.502882328374046
14.49870165302478
14.497121221319563
14.504391667853039
14.502513444897803
14.498961410454825
14.514979654263504
14.518982733493141
14.534388891721177
14.535021097939172
14.531044287077139
14.54658490193041
14.542710615342923
14.558200569674478
14.562859730894159
14.574962764353184
14.579051542548495
14.5772152977841
14.573353437328073
14.569938501495976
14.581825360324647
14.579727481704479
14.580493270525311
14.582312603379352
14.578510118452883
14.572738355439284
14.570849852128463
14.5862992472301
14.588178756800326
14.584551728474914
14.582689334268439
14.57892019086595
14.577196616292651
14.573507154784782
14.571795120226264
14.58318870862325
14.580951566281525
14.57788793235168
14.588362526764392
14.586186391574927
14.583276971933005
14.580608010131177
14.578869602750897
14.57200360972018
14.574240639325112
14.59406059860383
14.600437410715118
14.597271210697281
14.596277558548564
14.594048774449307
14.590328394889832
14.587399669080854
14.58640068927978
14.583865229352062
14.57996026464103
14.577889499285364
14.57686629497185
14.580793222631456
14.576850634451592
14.572268037142647
14.571478924939507
14.573113860344606
14.570184780856756
14.584857616324568
14.580753936817509
14.576968341091879
14.574063190280924
14.574321449036082
14.588392757189771
14.585251382485477
14.580195427250553
14.574689922629627
14.571006570455324
14.58531024539301
14.580764697503675
14.577418219351
14.574099004268646
14.573036047482583
14.551492799384297
14.55137089460324
14.545238602634582
14.542122419837796
14.5410744726734
14.539787154416649
14.539451173915985
14.538063687829268
14.53459491602499
14.533127489126274
14.53035628417901
14.52890440934821
14.527033053517492
14.525955979872231
14.534928159785903
14.532739621265709
14.543517411429926
14.53947660072365
14.537838137134854
14.53497879218338
14.529816707174232
14.52749585032463
14.5244080192885
14.527433061242995
14.524958430013502
14.52401624390142
14.525855400547478
14.540329924292363
14.537055957125318
14.534026833749053
14.531242591046874
14.526318790000161
14.523519089718782
14.519226959773473
14.517018235184317
14.520516730057812
14.51623265523852
14.516648657766043
14.526418300124394
14.524658699198865
14.521548173657559
14.516870397183954
14.513854453973154
14.51064419833413
14.509891703815391
14.513433389872024
14.510592620156029
14.507333670632313
14.50443045576942
14.50117877399288
14.499140544737205
14.496902227114482
14.493360290745391
14.49221575489411
14.485937763090465
14.482320292962255
14.460255754336215
14.457019331634685
14.45065622397994
14.449372260874588
14.443134843735468
14.441966441241796
14.437731139450346
14.433165455203888
14.429945738112192
14.427176218766432
14.424114140212959
14.422535483924388
14.419596152485541
14.433541185302644
14.43246933151694
14.431379741283196
14.42871588356618
14.428778636916721
14.423750197021967
14.435059142809862
14.432957034523241
14.430121161417476
14.4269331393542
14.424605282138474
14.421229092464891
14.417879092707174
14.410166857414069
14.405010653260408
14.401519985662567
14.3963137549472
14.406981717906978
14.405769590413007
14.402692322082784
14.40109214985741
14.40051616827647
14.395826594290313
14.394682462882558
14.411084812531357
14.408460088125356
14.405864110401698
14.403223524354908
14.401743441378377
14.415610444301354
14.413645610874424
14.408834596655586
14.389996398062934
14.385623609763174
14.383151362924014
14.382419160260993
14.379662783635657
14.390579374962757
14.394240647554398
14.391276452082751
14.388365528288851
14.385312095368082
14.383771336933957
14.382035874305888
14.381464360811034
14.37848329757179
14.375091497387205
14.373796288916632
14.372410238718402
14.37094242289016
14.367787336508433
14.367225402203305
14.36549790894113
14.362848028920153
14.35686614370979
14.354215443858784
14.364046919951113
14.357352459706703
14.354459337200888
14.352703571057294
14.362417456343934
14.360087261503535
14.358633612070168
14.355598613962547
14.352335668497064
14.350345924773503
14.349797617139775
14.34662576850134
14.34420924482782
14.341249599550183
14.338202541029972
14.334829292649426
14.334314946238752
14.328744269915546
14.32766120026122
14.325499503676955
14.319768921860351
14.318285864662327
14.316256904396518
14.315378872775929
14.313820255956342
14.312799209170644
14.32013207443794
14.330265547557149
14.329358339564958
14.328236768844931
14.327676514529774
14.325269492738657
14.325127708886479
14.324313750282263
14.325958539830877
14.325426233942274
14.323177807649989
14.32020487461717
14.317832977842476
14.317742276317858
14.311586097229359
14.309472895977741
14.306993611754244
14.302838881726762
14.301575055875276
14.299412802817569
14.296232577632455
14.295832512886552
14.293978727338699
14.289706205947237
14.287778483524482
14.297601253385952
14.29362360022511
14.291748596803986
14.320454234878222
14.318022369966299
14.31529575722629
14.326986669379973
14.324358037645887
14.3233868490229
14.32164442243043
14.318829954595083
14.317482928352907
14.326993574914056
14.325578727181425
14.324218596046912
14.322567144048557
14.318352682862473
14.317263830369013
14.312986342356755
14.310534421293461
14.308496875431057
14.31608184008023
14.315211897363945
14.314872541962838
14.318395780131722
14.316856860386135
14.315407975401543
14.312382761055861
14.307378635067625
14.304868951046926
14.303772099957762
14.307717557860773
14.301609889561776
14.310320595538977
14.309304904985861
14.30814415048207
14.306962874960924
14.316391048057218
14.329168824814072
14.32678981813561
14.324593939298135
14.32504514534631
14.32261056394071
14.321892806768417
14.320664985315664
14.316768777691355
14.325984207045035
14.31961622214436
14.330596721433029
14.329946988625702
14.329402465668936
14.329563445213175
14.32940163683183
14.340655718547772
14.353799977792582
14.355057945609211
14.352443470522262
14.35155334965936
14.348957464920254
14.35003009892729
14.361724865694177
14.372816497842042
14.37112148065193
14.366513787240637
14.364087581634521
14.375758040102813
14.383051118347794
14.390108358104055
14.389403536770544
14.388342486616468
14.385607548956742
14.383378170901299
14.383552648951706
14.378487512281401
14.377245494561603
14.37490416450168
14.37297098572065
14.37198387597494
14.367930653932932
14.368176729492879
14.366613901189757
14.364209669386687
14.37526068343566
14.374588360131417
14.371133948699526
14.36944147175819
14.380472783156282
14.37956700165306
14.378471127659596
14.390014739296156
14.387594775844166
14.39561124116154
14.39311172417232
14.390862279115236
14.401520611442088
14.406554511469654
14.403939841368167
14.40235235408584
14.407186654255245
14.413507595305862
14.413312287321613
14.411225201162782
14.396378018966157
14.4081908325242
14.407942273318486
14.417550344216195
14.415552577838092
14.41911923035448
14.416946451576827
14.422186440519626
14.420765449891478
14.418953097869302
14.42996407445628
14.440546537513164
14.441552014853059
14.439307711199897
14.436688136167305
14.440599642056958
14.424965467877644
14.424068960246386
14.431135344284552
14.42864298842551
14.4274255528688
14.435634243411261
14.4331363008471
14.440542386094545
14.439449527426099
14.438644770426606
14.441525169155177
14.439171653148556
14.437954094213083
14.436425656380727
14.43467591468231
14.442686833925238
14.441960208158823
14.43936200947522
14.438287855064782
14.43751762928263
14.435603197372242
14.446023623003972
14.444934493845158
14.44721519026726
14.455376995669951
14.453100206413165
14.46345283522986
14.462490266480597
14.459912406169485
14.45774155257517
14.456729452317372
14.46710385579693
14.470275508820473
14.467196623770425
14.478194985672724
14.47562464378165
14.47341256847296
14.470595216024734
14.480011036701253
14.479582040169158
14.477539051420674
14.474896375834941
14.47246669255443
14.464105041694301
14.462387714870042
14.460766922112462
14.471724511040582
14.468009809405935
14.465526448590838
14.46670832934109
14.473690454256651
14.472789478091013
14.47322460279119
14.472401217942524
14.471530023761693
14.469191048721367
14.469329958550205
14.46864798560109
14.46566210552172
14.463205621824951
14.47338979510072
14.476114664370554
14.476002990729343
14.48343169647424
14.490723416769807
14.488530718915849
14.498297325395582
14.494476400049438
14.504361001041293
14.501763574137078
14.49802326762158
14.503945091928637
14.502760808087057
14.505600599858003
14.503305727522337
14.500700684979712
14.510439744568531
14.506449538397254
14.504221730030642
14.487505396104496
14.460852072001323
14.45838546445953
14.468573605216797
14.466681594407344
14.4661777333854
14.45562615231571
14.456729953050816
14.454905006258969
14.453314333823839
14.4501180370581
14.446865771679168
14.456874891406013
14.455156779633606
14.441936962477124
14.438523744526556
14.43865939482706
14.436247699151789
14.433045102697454
14.44394759612309
14.444286162340187
14.438579570784738
14.43673271919964
14.43470188262888
14.433698826822742
14.431521773338318
14.429981989584281
14.432883158626172
14.431917371014437
14.419067022092174
14.417499264347114
14.415335055082762
14.413057218807966
14.40947257746648
14.408792624076208
14.406626092504204
14.404724924615932
14.403852358522359
14.400353037835751
14.398355646647852
14.3974456611162
14.400442975952098
14.398263122664382
14.396204174008618
14.382010291175936
14.3808965612166
14.377949967624133
14.392769534073317
14.389457864525877
14.397864277425565
14.39584021991457
14.39391722056666
14.391739659078597
14.389068076454224
14.38692308175183
14.384873666271641
14.382801628853587
14.379495948674727
14.387666958191266
14.386427660928865
14.383914247203727
14.368997689766612
14.366835170408073
14.365824277137781
14.364010098883512
14.366883432652614
14.365164740365527
14.362282588258145
14.37224531482089
14.371836243230423
14.371499455485063
14.369720336506443
14.367997812898192
14.377245379338902
14.375876042886981
14.375544670502089
14.375208377646635
14.380175862610818
14.375333603611926
14.37522719322871
14.370935090548329
14.369442034721375
14.366408076312997
14.366707092466445
14.363742964988885
14.359530558616541
14.358298493951441
14.35623736935816
14.353108926528773
14.347092015294445
14.344836848960048
14.32733590906797
14.328974154176592
14.327249020173145
14.324023068422013
14.32074158099475
14.3175001439612
14.324408929492659
14.322472776202705
14.309055533236677
14.30590222655369
14.306839616744073
14.306269702537387
14.304326911331344
14.313344911382641
14.312778435775744
14.312197917135924
14.311505663767457
14.306636162049877
14.30585379998509
14.30011549761587
14.299582477299223
14.297765989340697
14.300127633252004
14.29820690381036
14.305147764105234
14.30117984184283
14.299230680169986
14.298582860797437
14.29575945035592
14.293825538787193
14.29958298825407
14.297882444241793
14.3019548718944
14.301230558543915
14.308744320516777
14.30490361478716
14.305117688729213
14.303170666705636
14.302902150813336
14.302487608660027
14.301764022170401
14.31204268521276
14.319908598663249
14.329437515438286
14.329669193390313
14.339523134930976
14.335995421711495
14.333090182666371
14.332918227581422
14.339736799308335
14.35459387547163
14.363407462382389
14.362350847473087
14.3603673675896
14.357527808947848
14.363429084510514
14.362221082171917
14.36883480880697
14.374510298870948
14.36961874806989
14.367793732769085
14.369404459610964
14.367273322244111
14.364069917654417
14.36212026328409
14.361424412225421
14.361764003960017
14.363862554769259
14.362998090108713
14.362480756046175
14.359344122561623
14.35720336508608
14.36571278568516
14.363654698135251
14.372272344023724
14.37071623268412
14.368687060944275
14.366610955907761
14.373758779740209
14.372044669375533
14.370230451215155
14.36951694003186
14.367688268223956
14.365564032548967
14.364500175855
14.362599679629009
14.360693533097612
14.361303776326265
14.35964542534822
14.35783741481195
14.356311321610454
14.354067286734736
14.351138570331525
14.349722530599546
14.347986142191491
14.355387977291556
14.354704676087861
14.353976132236038
14.352336878647108
14.349435805225651
14.347864332303896
14.346167183899775
14.341355560117162
14.339739009302262
14.339416240757622
14.341004110426798
14.340596286160158
14.34014267354943
14.338992126475958
14.337643226508316
14.336244072133844
14.33317040565402
14.331411719235632
14.332806515589853
14.329937129197042
14.328059982216876
14.330279687795839
14.328483211838906
14.326600924489814
14.32425925635189
14.32091185160062
14.321126178745583
14.317975927275896
14.317342254201685
14.315770322080136
14.313945875236456
14.311722303790896
14.310210768347499
14.307431349203215
14.303700726548774
14.299879722355941
14.297472263304757
14.294441704248307
14.292536481767254
14.291902753606363
14.289927707740238
14.287689237914538
14.286863884810204
14.284935556644214
14.283119317303356
14.281374043671686
14.280369472876721
14.278318788451172
14.276342126456173
14.274446259499273
14.272794908496506
14.271710632203911
14.277646634295033
14.277079013586889
14.276010260386379
14.278729957742321
14.276204934396313
14.276445007694381
14.266081274857902
14.262555447430678
14.26023410676987
14.258410048887196
14.256711093791337
14.264423689982864
14.264127063416598
14.271440182461143
14.274151376852558
14.279737148131309
14.279703564874103
14.288286252288552
14.281187439864537
14.280490250061344
14.278994246287855
14.27744795005857
14.285842530486475
14.284422146410662
14.283633977900633
14.282174326614147
14.281053548392693
14.289661883645588
14.288086094515428
14.28226220425885
14.289172560658129
14.288066462796811
14.287308915841125
14.286129149163907
14.295608850042822
14.29149838672817
14.290378773105482
14.295701730826805
14.293816583062927
14.299920773374804
14.29902423256771
14.2942093900998
14.296998433149147
14.295046070447334
14.29423399665377
14.299982989929994
14.295046863529763
14.292011575829493
14.29956225284887
14.307042472013533
14.305311430013921
14.309234231221872
14.307822172633617
14.309612889406951
14.310942871682727
14.30583171526158
14.311529888434828
14.308527123360406
14.313213573678832
14.315652921147969
14.315132391185722
14.321022632164095
14.322916446621136
14.323975237404428
14.321574090377817
14.323356331927206
14.32527356715199
14.32062854557424
14.317344082762148
14.325933626145325
14.328456109549174
14.330691831773825
14.336850383546617
14.339335600749
14.337803240424844
14.340233765167227
14.348268081517828
14.350522958057027
14.352872022674806
14.355433474909278
14.358015853238394
14.36187559019363
14.36010490748334
14.358720467738813
14.363410585235371
14.365572628933561
14.366370302041371
14.373508384591496
14.375429603136014
14.3734433297229
14.382255235885053
14.384173974008656
14.389592172773394
14.391375589623859
14.396782741938726
14.399182545893867
14.398090481758118
14.406080980635416
14.403188311233722
14.40479192415453
14.402952598769566
14.408646916871025
14.405566278107877
14.402577924822692
14.401722763995094
14.400749163850504
14.398912113591244
14.406560666619125
14.415094490590139
14.413147683841808
14.412658545914597
14.407236768222246
14.41323164453044
14.413440039053256
14.411360901219682
14.413089217041893
14.415120744081884
14.42255778004343
14.421078720852227
14.421066964442483
14.428785104173414
14.435775972111605
14.440102421212941
14.439326850640441
14.453171609282029
14.45304946065956
14.455226490095065
14.453583793931005
14.449285226573275
14.4573066219137
14.465605035964689
14.471584133345718
14.468909492159568
14.474248119685907
14.472129787431514
14.476373928296635
14.475815108976056
14.477489566126614
14.479197105027966
14.47419117269252
14.480136323772955
14.478396875528661
14.475270010985545
14.472690109416977
14.479934136174748
14.482434358657935
14.48788783017219
14.489970896369211
14.488905770154771
14.487066481424415
14.485180605714694
14.483275345306591
14.481133690288132
14.480248739980922
14.483961746448008
14.48165884215361
14.478518740528333
14.477712817622809
14.485935943110006
14.485597853133457
14.484684375127157
14.488944091470108
14.491978878451814
14.491041422947882
14.489257761766218
14.494706956344315
14.49383614954505
14.501433963570673
14.498975683297827
14.497404323533328
14.494781441041724
14.493235085079679
14.49261974477137
14.49278070869614
14.490203476312251
14.488675268641058
14.491283475041465
14.487047722890749
14.494667905572818
14.4945330500154
14.499203377457622
14.507721328496336
14.507128711782848
14.506691469119696
14.506865451901014
14.506449431031943
14.505891498366719
14.511559995670295
14.511326341724217
14.510297662153505
14.515547466723719
14.514103722156653
14.51232099177011
14.514796464449137
14.52004328997999
14.518219408337375
14.524949534645293
14.52397959906765
14.521662180717879
14.519863259541205
14.524186079863794
14.522274877470318
14.52120195750329
14.520208529842504
14.519105575201024
14.524749842543661
14.523007777794726
14.522118082616831
14.5202496726059
14.526980469379518
14.530364135155311
14.528756403688428
14.527757392460098
14.52595549192124
14.525286613321509
14.532469182804318
14.530917330068872
14.529965516983294
14.528398814408675
14.525943207478145
14.529117287772875
14.526249548188048
14.52478818610884
14.523108908836075
14.522289586692702
14.529056704189719
14.527330732578044
14.525822816173864
14.524987400412487
14.529537748536343
14.528621541982726
14.53657006015175
14.535592826989179
14.542080437240092
14.539613074573912
14.539881188797228
14.538983046539187
14.541130056392772
14.546951971844479
14.545842989900812
14.553657808764823
14.55251901693966
14.557228025500862
14.556160751384187
14.554019530039369
14.552835663829942
14.543085760875156
14.542717697099972
14.541105726017403
14.542766849414722
14.539692746347884
14.546417698147916
14.545202198360178
14.551788891054613
14.549886827126235
14.549097176870852
14.55332010399782
14.55162287470971
14.558419030199769
14.557107523021413
14.560157399900204
14.559251385639307
14.558239088581344
14.560361865022625
14.559378402999469
14.56480757995846
14.571771380875822
14.569285388369682
14.567496729010358
14.573971444421423
14.572410016014624
14.57615106517066
14.581050483395138
14.579423677293136
14.586632701913281
14.58475174571127
14.59154745788439
14.590381548380753
14.59029885517805
14.588821187483527
14.587088912444294
14.585048768122757
14.584985122804227
14.58394115879088
14.582216706556432
14.586701437559357
14.594012787703482
14.592816607362721
14.592487012416544
14.590033374294158
14.588100871475193
14.592698601162358
14.584140030245393
14.58268796679989
14.586667223511455
14.590621287267387
14.597093538058402
14.603802664425908
14.601105106182587
14.606491837865333
14.612703348899194
14.611929739540992
14.611391844305881
14.612441295250289
14.61168428857429
14.61092010086799
14.60846258150176
14.612371268203294
14.611183945577363
14.608973174821315
14.607778802238128
14.607238518288536
14.612434057142003
14.619209661709649
14.617862419773745
14.61710584693332
14.615611680788703
14.614844782139452
14.613244010144115
14.619687338841668
14.619069808920454
14.618785912172077
14.625243509911943
14.623804923243252
14.622363977673134
14.627011767900065
14.62680339580829
14.631719791718403
14.629831631705251
14.634244501078955
14.632581032931942
14.630946834132356
14.636543082373484
14.626434161782809
14.625663594933012
14.624863418097371
14.62500928582629
14.624973980739611
14.62367125390671
14.622325757393387
14.620994437615122
14.619672206044196
14.618434563338385
14.617065224149576
14.617042668489185
14.617761261068503
14.614767432145289
14.615386860961957
14.61289131007583
14.613298342684827
14.612057064886146
14.610683389062736
14.609325302373744
14.599128649898688
14.598047017245225
14.595318808346182
14.594372956351611
14.585579862079975
14.593789107478067
14.59223001582913
14.591634422038942
14.590069891961184
14.58861687405227
14.587951922216336
14.594744548685473
14.5942690633967
14.600665509034057
14.599982677057778
14.59899504637585
14.597599682762661
14.59508764703891
14.595165004958936
14.592562613944413
14.59115072731188
14.590482834452775
14.588169853887626
14.587069104988132
14.58648977960859
14.58510574473275
14.582642002015694
14.581969446135679
14.587664572186293
14.58727628613787
14.586949211210426
14.586081045796742
4.278118848800659
5.946694056193034
8.919180929660797
8.924938535690307
8.989368677139282
9.180254595620292
9.461681574583054
9.489325126012167
10.472093391418458
10.294582627036355
10.223985254764557
10.245614491976225
10.269595078059606
10.290843772888184
10.387505039572716
10.444522464976592
10.525146736039055
10.341352324736746
10.304927945137024
10.38162618591672
10.375715938481418
10.695595647977745
10.638744076093039
11.010550241470337
11.06685499044565
11.033994453924674
11.023393835340228
11.058939358283734
10.648821346221432
10.61113441735506
10.623070059400616
10.523215812795302
10.493356275558472
10.465427915255228
10.481765592420423
10.510580364026522
10.493036997623932
10.473766928911209
10.479151074479265
10.74722847484407
10.745549196420713
10.755910396575928
10.731363010406493
10.706032592317332
10.708900832115336
10.726921493808428
10.708825140583272
10.711986742019654
10.25564538757756
10.250247266557482
10.167736352573742
10.153573828084129
10.175262789977225
10.163214905508633
10.15432648335473
10.15175857146581
10.213615409663467
10.222006986218114
10.203522466477894
10.173089440912008
10.18771270605234
10.179871476057803
10.185726532295568
10.19745040991727
10.198692307955977
10.18853087084634
10.053417762120565
10.059758401896856
10.066628327240815
10.06618561108907
10.061996867782192
10.069267938663433
10.163737673025866
10.165182919441898
10.171622759103775
10.1786803169015
10.041091255394809
10.053194344043732
10.05416646564708
10.05745241531106
10.18273940853689
10.180913112380289
10.152810230683745
10.175993047820198
10.189223755846967
10.195243729197461
10.200112435125536
10.194192533797406
10.144974733653822
10.125840708613396
10.124800399406668
10.152914932795934
10.277118863481464
10.30860710144043
10.321849792310507
10.332989688013114
10.345757051579003
10.34675746697646
10.360048448471796
10.370117520386318
10.380592450917325
10.37838324573305
10.382334308886747
10.385231345350093
10.407573934073922
10.407467265214239
10.39935511614369
10.390438240871095
10.390985996826835
10.36615985837476
10.43204143923572
10.470776802402431
10.473905976079092
10.453600321213404
10.436148905557049
10.427680140636006
10.418496378069001
10.413946951589276
10.40578111076355
10.354292485449049
10.360472001428679
10.425223406404257
10.427917025810064
10.508698296546935
10.50216260939154
10.494762418848095
10.48864760076193
10.550145891175342
10.542107092892682
10.536662499694263
10.610763267879069
10.670259292574896
10.643709784789051
10.641259225777217
10.633979750017748
10.62615297377949
10.628855048359691
10.699816975328657
10.754307378571609
10.749210325005937
10.742937266421157
10.733470826535612
10.78440452262059
10.771672790845235
10.74852017219493
10.74794590002612
10.741741936191234
10.806734890132756
10.789599580149497
10.78913003206253
10.781432317320709
10.775191963473453
10.768179727050493
10.76622027605772
10.747800705595786
10.735509158652505
10.721043513596424
10.73777697871371
10.729921015826138
10.722284457769739
10.728236802323849
10.724469041540509
10.721229003025936
10.727792819808512
10.701835706220036
10.834857660670613
10.831153508555682
10.829963726558905
10.891181801387242
10.938254181634296
10.942321080945979
10.948353307970454
10.989898336666256
10.98602648443646
10.981424621455577
10.984503037326938
10.97738360837509
10.983838148739027
10.97899739162342
10.982169602506904
10.982706160468851
10.977232773253258
10.969629767079832
10.974847115968403
11.013892882781503
11.005877955506245
11.004171747000106
11.048635325480982
11.041819703273283
11.093071331783216
11.113782468786095
11.111196100109755
11.109133495158286
11.157475725412368
11.207779437155272
11.19834572843986
11.189252438803612
11.183494597089057
11.233990575046073
11.229050337689594
11.222683104915895
11.214632175289667
11.200853213168788
11.191658929416112
11.183600805382028
11.174730678774276
11.162137377430016
11.154034326009661
11.149365897511327
11.126840662073207
11.119210996935445
11.113653762624898
11.112592816897179
11.10261800397526
11.095587521117197
11.091032414822966
11.083256353711867
11.081883326172829
11.084822229809232
11.084083062357607
11.065522045816094
11.058079417337451
11.050307170792959
11.05497944769652
11.042065780400197
11.034792751073837
11.02874604622182
11.031068495196156
11.019996472622486
11.013321068327306
11.001155184291083
10.990752664934687
10.989386226342813
11.018098430832227
11.011395717557535
11.05109352119698
11.04966679129581
11.044039054972227
10.998657285682555
10.99683212075639
11.038309136706014
11.037108883800277
11.036176100730897
11.037327005568729
11.076972750444261
11.068271567227812
11.071267561649712
11.070366642521877
11.065982251428068
11.055705372925399
11.056666594143062
11.093129772016901
11.0955925987317
11.094749493617208
11.096070920238057
11.092963968393015
11.08827488711386
11.080997202531346
11.080730398794762
11.074760910277064
11.071965339468486
11.066645148075203
11.060226258525143
11.054701694263304
11.04925521244021
11.04659199539995
11.046333038893929
11.04541706865484
11.039621089679608
11.044955362051402
11.040512078957592
11.035165256069552
11.024285922731671
11.060408212960402
11.055015655274087
11.050296406021388
11.050717992681852
11.045427002823144
11.045258776291266
11.035335173590259
11.035794219209087
11.029992753659153
11.025646699708084
11.020367486370388
11.007653987570984
11.056575901272353
11.052572005460052
11.04798193705284
11.037307468620506
11.07540283460007
11.103756405363146
11.112906973497525
11.115407718817393
11.102788548136866
11.10803238603453
11.102852375200479
11.092964037468558
11.088288872359229
11.084162775987114
11.085847482619146
11.073347921495314
11.072700880106213
11.067743998189126
11.059670830079597
11.04422096411387
11.047958696993014
11.05271919365901
11.051622313544863
11.047087114068527
11.042480343147783
11.040653255000803
11.036659445508521
11.04833576604724
11.073460244686805
11.05907248340038
11.063063170518669
11.060903172434113
11.058657855253953
11.05595270621996
11.051273625925047
11.037390671852158
11.067854534166562
11.06537693124829
11.060199759157763
11.061486833784954
11.062836593335813
11.061294415753759
11.06375909492151
11.043368007455554
11.069239186250138
11.067183183495109
11.097571266787593
11.098479751278372
11.092373171859473
11.091803345066761
11.092527418025382
11.0879042120867
11.097024892724079
11.090582687041662
11.083470727937023
11.082237672531742
11.079850924390776
11.071497693743025
11.065291529027824
11.060500594025308
11.059205071446579
11.082151152993326
11.075384661849116
11.05998365530807
11.055774919125213
11.051581518610096
11.047140395076825
11.040442817078697
11.037342609791214
11.037087442466568
11.032650456940832
11.031788269242087
11.027532079121839
11.058077780926814
11.058722390790725
11.054413117792295
11.053507580666684
11.035479301375311
11.034596702159254
11.055809419642213
11.055856755208074
11.050786286751855
11.045724449157715
11.022875054761649
11.024151486694498
11.019850539657874
11.018593559767071
11.01825011746464
11.010910894858275
11.037822469407523
11.030190228795012
11.055574121722927
11.076813154269994
11.089319460151732
11.107806012802516
11.105099353814799
11.125418977859693
11.11899727140851
11.11117818282575
11.107757916583965
11.091955847546535
11.1031659385826
11.095249419260506
11.093891100559187
11.117096313280078
11.109573871569525
11.103488376140595
11.10045440000786
11.101357892971134
11.120151181966436
11.114416979917205
11.101492253644967
11.123289601556186
11.124426168657346
11.123146002199135
11.119503443281925
11.113499501856362
11.126529035196977
11.118163454879834
11.108880533144491
11.109815910818496
11.13117860713637
11.148837491296804
11.158035078780543
11.152917451835705
11.156164377572145
11.152527547450292
11.155606577345424
11.178199902529965
11.174322414060011
11.173617306182969
11.16981152197894
11.170383067198202
11.164638555580336
11.157879359811266
11.17614753652008
11.173418037835942
11.170369112297996
11.164580857312238
11.16046727006485
11.155266500837792
11.14746655869758
11.14907084090994
11.145252812645255
11.13953352409955
11.133106628691689
11.130829388445074
11.153245976182069
11.16386271332184
11.15777905477089
11.157543804731455
11.153665197565314
11.15980477931788
11.15637386511903
11.149751521114792
11.17909931924136
11.198409078915914
11.194523756361324
11.18111727828473
11.19997117482537
11.188808635993151
11.20963631619464
11.20006864635568
11.21641342488629
11.214978108239487
11.23565273606959
11.241659714864648
11.258621569569353
11.254339393599208
11.250778788881734
11.241669075756237
11.258837109227334
11.28038754227847
11.287450514207304
11.308121944594587
11.308364306431589
11.301458993871162
11.310683906457985
11.30767150197999
11.29975861222749
11.318803463304093
11.341809626629479
11.362621602891874
11.355619875390074
11.354427669836387
11.352834021124313
11.345978788038094
11.363942286080977
11.358537380131448
11.355231064940584
11.354902988130396
11.358228761142062
11.352878115795276
11.350379304964195
11.344963410838705
11.339436637843313
11.361233721460614
11.358469074466806
11.352856380183523
11.362571253496057
11.363628199708607
11.358370051239476
11.377097450917766
11.367854606217781
11.393209795875244
11.411779844211432
11.405583709716797
11.408438380368931
11.42287829482698
11.416231116054073
11.414588072470256
11.409488857382595
11.406489400524396
11.396677618196025
11.395504308028483
11.39217964183605
11.378344373609506
11.374527513164363
11.372977974824607
11.37411845961974
11.371251547382963
11.367510279405463
11.361727048722349
11.352224591161113
11.35217954477288
11.371263838457464
11.366829798313288
11.360553233957566
11.3588622634895
11.35610352328357
11.354523805261568
11.303739862911629
11.30976617494017
11.303657397234215
11.299996287135755
11.297677663484015
11.294439848100042
11.278485071324857
11.272690957606729
11.266574692681736
11.263376961853425
11.259894376340736
11.259354704397696
11.257608340099427
11.258139473925658
11.255171381966186
11.25209941057598
11.248890083645462
11.249367650611934
11.246614234756944
11.222699274347997
11.219491508223793
11.218607086018945
11.21633348516796
11.236169854296914
11.237882585301726
11.234927927481161
11.22790410878847
11.227508983663425
11.225139702947336
11.224596787437344
11.219400306258883
11.219043993907391
11.22037358513082
11.213069457567395
11.209915731392854
11.231694196599774
11.250981912174831
11.271308665132606
11.290349833142589
11.307992232914339
11.327795336539285
11.346252250587877
11.345123403972678
11.343804992306294
11.360433217125072
11.375651359143465
11.37177460682061
11.402431973551547
11.418695170574122
11.433446451789974
11.431759494337543
11.429964811994779
11.431944929857025
11.447071447585092
11.45665088418412
11.455111922565688
11.47129690362325
11.482732488511978
11.479045789663484
11.47772344790007
11.492926444441585
11.512485597339378
11.528102111574766
11.527265603385526
11.542298595511953
11.555172229414227
11.564733071615231
11.561142645888593
11.573783541602833
11.570185770773529
11.585330333312353
11.60021006208093
11.613744875917403
11.629474483319182
11.624875099058972
11.638720946666623
11.654285389204624
11.652400759142353
11.649339020252228
11.64693448422186
11.645504627853143
11.643264284305603
11.621036568823685
11.61790217095167
11.616520823889632
11.626364259750812
11.64220709816177
11.642710818441941
11.640020277272903
11.63816252523853
11.66548713317048
11.668320091207695
11.68534447140334
11.68273215377942
11.682605801010132
11.69464594601823
11.709958843827438
11.707683573103255
11.707539113034125
11.706060184751237
11.725457284416525
11.723650132176243
11.722565320995747
11.720329785196563
11.719978186840148
11.729628180557826
11.727870557147256
11.724767183061678
11.721171912266428
11.737637934833765
11.736302609376715
11.7336297651689
11.72537056728618
11.72501334196292
11.72450141167456
11.739191847689012
11.742883307487924
11.73443247212304
11.731930782321054
11.72855876665849
11.707890270677812
11.706404198548695
11.703289696565097
11.711958787641452
11.723696404114001
11.731207249552874
11.727792223536134
11.727284113083696
11.741555352283246
11.737831006432446
11.736726618605438
11.733134905856838
11.72719974259296
11.74054113187288
11.754496438009244
11.761462082569746
11.75851474122373
11.763467578431772
11.776553710183101
11.787331073365872
11.791014680905002
11.802515489031267
11.811585870270205
11.791811228503843
11.807050214736465
11.803987727404344
11.798807818689474
11.79436057490461
11.791976460626296
11.800073685184602
11.799479024825647
11.79555728979278
11.805925354992386
11.803281530346885
11.818394500962858
11.823386461928834
11.823525187239072
11.823700532014819
11.82213637728767
11.827176214298072
11.837513894057722
11.835413927990697
11.839804292925828
11.8494305501039
11.841849400184216
11.849220539196708
11.846717500346047
11.843554594377308
11.842002980729454
11.847697947815506
11.846014835617758
11.842659251571547
11.855646157399791
11.859462466233184
11.871471062891901
11.87160020621102
11.868006144107227
11.88104980370834
11.877591525905588
11.889808247500683
11.893425007494224
11.903510133369819
11.906516031513002
11.904818704770033
11.901589654282276
11.898226338732723
11.90774787498845
11.906254524000806
11.906414100007668
11.907835263269407
11.904358967562407
11.899046054708547
11.897227629485538
11.909689329349355
11.909568876355559
11.906227823474607
11.904763359239656
11.90140519226951
11.900441941016359
11.89744752881309
11.896826072674681
11.90635035508344
11.903954638087232
11.900646766134647
11.90855615184236
11.905947373587644
11.902427672695469
11.899761426143158
11.89788277226317
11.891933854784652
11.894070099117936
11.9105363573804
11.915638081829286
11.912318582036887
11.91146595210315
11.908483298343715
11.904672844250998
11.901664050060328
11.900588820906396
11.89854115762242
11.895312978987352
11.89400540250816
11.893515994309118
11.897671198750425
11.894898984551745
11.89187264945039
11.892238227317208
11.894241406945769
11.892170547813254
11.905908418045444
11.903264313156068
11.901448428085427
11.900489281114025
11.900495720344852
11.911615082994103
11.908744535768605
11.90497444512008
11.900638606607064
11.898453935131508
11.91069912540342
11.906969233076701
11.903798913648052
11.9015081008685
11.900522494715
11.8832041999954
11.883067833460295
11.877831169035614
11.875128995427085
11.874043253950994
11.87259964310393
11.872379326668515
11.871470003334316
11.868343533827359
11.86696497679967
11.86473309464932
11.863058325308788
11.861078845866864
11.859673382356913
11.866735597276147
11.86462654785185
11.873044064059947
11.869548993793565
11.86810321580511
11.865129390157255
11.860593551091467
11.858779928684235
11.85601943679219
11.857757216677108
11.855091447699559
11.8538477714382
11.85448312848251
11.865362421750431
11.862056372924956
11.859088372771103
11.856168535642777
11.851607861636598
11.8488384945325
11.846361889921386
11.844205350160305
11.84628633960752
11.842011176735346
11.841450231916765
11.848617553419116
11.846653777404637
11.843651229790861
11.839257977066971
11.836390082931983
11.833840786685618
11.833994420736413
11.837895835487588
11.836096756097042
11.833554053710678
11.830720876984325
11.828091106553009
11.825938443079213
11.824070393608277
11.821139048152883
11.820543536199974
11.8158367255441
11.813606899133402
11.795691010484285
11.795905139711168
11.79167917064949
11.791095467943684
11.786427158684958
11.786273728369533
11.78337331565712
11.780261267122425
11.778371263736798
11.777009996436757
11.775283865613012
11.774901441869094
11.77323796051853
11.785476487432689
11.784368927619036
11.783133501731971
11.780380596297448
11.780062986566202
11.776013315142736
11.786556889160334
11.784489365938668
11.78187716076783
11.779158621123344
11.7759981116538
11.773367865972741
11.77078473083372
11.764597365308527
11.760881186912952
11.758123487510064
11.753895443436727
11.762369341442822
11.761537511455971
11.758802360653329
11.757409089728247
11.75629691145886
11.752113888923391
11.750254059056623
11.762923679264414
11.760632606065519
11.758297852379934
11.755584084552172
11.754004070940963
11.764763969495247
11.762586656284007
11.75848163637248
11.74273959471255
11.738973100485104
11.736812212618227
11.735493194989566
11.73289512081017
11.741256313635773
11.743858878945446
11.741255574607205
11.739388806632396
11.736998633235928
11.735847879418342
11.734362621189899
11.734101205064146
11.732883647567068
11.730615911473121
11.729566526519282
11.72841737928794
11.727173038531463
11.724790981610616
11.724474121277922
11.723379815232727
11.72110955738942
11.716099836130057
11.714085142125082
11.72365119362509
11.718681645892815
11.717081174713925
11.716187586747642
11.724300401551384
11.722435551600451
11.721341740666775
11.71881916567373
11.716752404978813
11.715641064461463
11.71589449243254
11.713958671074787
11.712592731114306
11.710720802417129
11.709132843173068
11.7075243550196
11.707591367388495
11.703528465971528
11.703279884088607
11.702052956142941
11.697846358589683
11.69656348537087
11.695093403345552
11.695078058058018
11.694821813542356
11.694157062104386
11.699947147410315
11.707627422428846
11.706603810925044
11.705408341361878
11.70529885475452
11.703530096575188
11.702626355675491
11.70133672050013
11.701979210275285
11.700870575990992
11.698488377967964
11.695922107736987
11.694123486593618
11.693457249484995
11.688018738089355
11.685976677736486
11.683732604175681
11.680041102388259
11.678533007220219
11.676731727602103
11.673751673528127
11.672595140190966
11.670339230471438
11.666432722700828
11.664186745507946
11.671771179047747
11.66830878616126
11.666559836414484
11.689690093696118
11.687605283759014
11.68539306428477
11.694867546313278
11.692938853843579
11.691939515771026
11.690568129468408
11.688428675376395
11.687396056888517
11.694718401252423
11.693642858131645
11.692303951442181
11.691303046887795
11.687793087738758
11.68681028760679
11.683533651645368
11.681757138400782
11.67991518535048
11.68632572487088
11.685214105982094
11.684697733363327
11.687081208165875
11.685771955734843
11.684544211122779
11.682240841349936
11.67800015435001
11.676220684699548
11.675979530678452
11.6795058397629
11.674492145331973
11.681402118759927
11.679921284693883
11.678883524671678
11.677731530063703
11.686139755805494
11.697631252470927
11.696063236539144
11.694554327244505
11.6950767546713
11.69336588962658
11.692966086864471
11.691677095173123
11.689098895368643
11.69699046740019
11.691953056487279
11.701781450398636
11.70061999446941
11.699521105440835
11.699072006554504
11.6981197350096
11.706530465098682
11.716856836330278
11.717030637238363
11.714628936976371
11.713320907583377
11.711094642483344
11.71162529188623
11.720790905427839
11.729864825678293
11.72821916926141
11.724340682632192
11.722214549021711
11.731687844323972
11.73734274180606
11.742894973987486
11.74176678555286
11.740513377900017
11.738473532960572
11.73643844792632
11.736385679244995
11.732013157567968
11.731193812087525
11.728751323345438
11.727026275094289
11.726402092440694
11.722930237363204
11.723523231228613
11.722109120705225
11.71987058820348
11.728601757838176
11.727858125877198
11.724824754839437
11.72326040976571
11.73164584307835
11.730514961452576
11.72979535062728
11.739231176112192
11.737161925503315
11.743776860068934
11.741934816269648
11.739844349880201
11.747937696968195
11.751499588559723
11.74908692741756
11.74782658436852
11.751910643821413
11.757132692616732
11.75653223166619
11.754619255282048
11.742013911275118
11.75039231328192
11.750250183403324
11.758165330591059
11.756737664271968
11.759585117533328
11.758030097509168
11.762441360771879
11.76123625859688
11.759916099655294
11.769529409657896
11.779274407162594
11.780432029405933
11.77950228592537
11.777786627259365
11.780764548751945
11.76770179169961
11.76670546704028
11.772453068803857
11.770999267518134
11.770207158078108
11.77640688452364
11.77429215758489
11.77997140422944
11.779078977981763
11.77902309962556
11.78097541213912
11.778812326347204
11.777919503745682
11.776569239269365
11.774939451025519
11.781381036421626
11.780270434166875
11.778320874471099
11.777238963076668
11.776423525353835
11.774722708596123
11.782745288652762
11.78222931320017
11.783810980421753
11.789568049937973
11.787691036355787
11.795850476277048
11.795262884770043
11.793045182771321
11.790919784177179
11.789798525266269
11.79748508455089
11.799572693764626
11.796694505547318
11.804474412322902
11.801934800914891
11.799698386384767
11.797108847607849
11.803874523167964
11.802942651542226
11.800894639447291
11.798575772132192
11.796028001514744
11.789115452086437
11.78728866683301
11.785409358048355
11.793901508543227
11.790852118343063
11.788856332663846
11.789946691786989
11.795529406296668
11.79443799204531
11.794743108918032
11.794256962019647
11.79336730379608
11.79180465951378
11.79241543236283
11.792409254211774
11.790118586733977
11.790239976453865
11.799289692693682
11.802246010303497
11.802517916213828
11.809157773199933
11.81579942110851
11.815072584985124
11.822564323327097
11.819215741901681
11.826907583022367
11.824555259460569
11.821817165665005
11.826989736068155
11.825846885020534
11.82779766018248
11.825792220064425
11.823894346874065
11.831150395352983
11.827623707436938
11.825466845342062
11.81172655082591
11.789574798234959
11.787571749052777
11.795245108637147
11.7936428990646
11.79251453280449
11.783013982446784
11.783330796418488
11.781261950222705
11.779926149639836
11.776782719199458
11.773674770923371
11.780822830338057
11.77922897695381
11.768268318879999
11.765137401273694
11.764549499038516
11.762141927042991
11.759081494878735
11.766727309170607
11.766509220670548
11.761789839143093
11.759821075899017
11.7579470983258
11.757504141962357
11.755953121185303
11.754610116295611
11.756899110422838
11.755954757220387
11.745080122887838
11.74356025297905
11.741652125204814
11.739752722701963
11.736747870154934
11.736169271270434
11.734882968748538
11.733594869615235
11.733079042617025
11.73055660447409
11.728708131877218
11.728073613956003
11.730280632210253
11.728321717669631
11.72643558125145
11.715403648765495
11.714850982620378
11.712685375103554
11.725535824232086
11.72332950384038
11.731216238125375
11.730017320386876
11.728658075990348
11.727083470803779
11.72527750476462
11.724152477718981
11.722850874676057
11.721712901177021
11.718660504282738
11.72526323017444
11.724097516153922
11.722023842194957
11.710487348277395
11.708951247212946
11.708372614019877
11.706433494982445
11.708172877371988
11.706379931947962
11.703498960698692
11.71145964304863
11.710513840969622
11.709497283599951
11.70755886954646
11.705598519176942
11.712388494548398
11.711310296507488
11.710337623330942
11.709499856650112
11.712497658752515
11.708223794686287
11.70749420634447
11.70374710298329
11.702029273033142
11.69899723417372
11.698766508231909
11.695808232734418
11.692257903029093
11.69099035092084
11.689244197052755
11.686511756507006
11.681451669849036
11.679036717108561
11.66481598312668
11.665717260935638
11.664066999420347
11.661256338182783
11.658570510530058
11.655807303893454
11.661615669304597
11.660043606983395
11.649015264128739
11.64646657863566
11.647038582729957
11.646238516078276
11.6444945002798
11.651533784582545
11.650957323575803
11.650699473806803
11.650595330260694
11.646893869053098
11.64636585269815
11.641968079683656
11.64158640732275
11.640485899550441
11.642352095288029
11.640527917695954
11.645045956839686
11.641987621183077
11.640730158118314
11.640398606138577
11.638516391209405
11.637084985830391
11.642335072551298
11.641051085299047
11.644694675817902
11.644005371040809
11.64988199514674
11.64662200180359
11.646690764060388
11.645250731848645
11.645176745596386
11.6452705256315
11.644675568020418
11.652214082264809
11.657727842856694
11.664864810806426
11.665219792896819
11.672154424024775
11.668131049765057
11.665465211359466
11.665318346168826
11.671046678334067
11.68289803824044
11.689825459091859
11.688986277163888
11.687434473421215
11.685243741773673
11.690144286553066
11.689331538202545
11.694634902134606
11.699524448932523
11.695493566845839
11.693905476624112
11.695245993982432
11.69348045390804
11.6907816669309
11.689328038127375
11.688665698524705
11.68903272694703
11.690666580701375
11.689866892842538
11.689373843137291
11.686872499444512
11.685207465451635
11.69203965362543
11.69040149708678
11.697625198677638
11.696681022821966
11.695369802420927
11.693733918329288
11.69889181883408
11.697174121049189
11.695858039643241
11.695100702290018
11.693471474566103
11.69179579341447
11.690975411190998
11.689298143210234
11.688131402987715
11.688699024139776
11.687488718730647
11.686305441919774
11.68476637685431
11.682519970214472
11.680094280221837
11.678938302972707
11.67731508812192
11.682736067386234
11.68244624050289
11.681962628196514
11.680773880406504
11.678717581757352
11.677512008890565
11.676194258525117
11.672456261879699
11.671162197638674
11.670937741037875
11.672767446510983
11.672606034317129
11.672295165826558
11.67135181499934
11.670345368690713
11.669632872494784
11.667633803777916
11.6668719762291
11.668094405761131
11.66542242470645
11.663883838100709
11.665795664093272
11.664378876278956
11.663082557231382
11.661926503815403
11.659362526146513
11.659456824155425
11.656835481771568
11.65611070257099
11.65505777974194
11.6534117837604
11.651677328592406
11.650908697610614
11.648556588625446
11.64534607063578
11.642088298216516
11.640442424312361
11.638048519811719
11.636442774355155
11.635931426751094
11.63448176418032
11.632649431051654
11.631964760398048
11.630547402674864
11.628983374164994
11.627352642588768
11.626568614164762
11.62481393420959
11.623215852643956
11.621611276529121
11.620315431364885
11.619353496293325
11.62421706952049
11.623719999829
11.622710058341776
11.624761048138351
11.622778634061921
11.622846463909433
11.614226771711547
11.611271609051126
11.609587423571561
11.608038464678994
11.606533568255598
11.61218118483431
11.61153882628993
11.617474074283455
11.619246135329398
11.623287865260735
11.622893454896728
11.629435212462099
11.623597688395023
11.622762689543835
11.62121147620287
11.619721043891321
11.62694001015055
11.625807580011468
11.625353572927752
11.62402573149128
11.622646556785323
11.629065234296851
11.627405166625977
11.622710276906599
11.628936721976235
11.628411296166872
11.628230886063362
11.627781057918385
11.637639037806492
11.634633232546117
11.634223777726241
11.639415098552046
11.638353970361363
11.644228848379834
11.643750033867581
11.640168322001724
11.643490839496101
11.642322416980187
11.641829990735182
11.646532550760748
11.642523242317706
11.640185288370471
11.646460664672121
11.653111272243077
11.651637340846815
11.654952775585196
11.653591451221766
11.655512816583965
11.656881111693691
11.652833928204362
11.657482347007996
11.655066144871874
11.658981263434944
11.660858239330675
11.660076679215493
11.664513371207498
11.666013481980663
11.667049599049214
11.664878291057104
11.666406476449257
11.667862846691758
11.663895552383886
11.660964041928196
11.667580723762512
11.66909444066856
11.670468364764417
11.675055661827626
11.67674166437434
11.674727815934407
11.676349535494383
11.682346550890264
11.683752360558206
11.685177568296325
11.687173891770145
11.688927302398834
11.69165504465135
11.690072434630624
11.688966757628467
11.692594621783105
11.694061426260696
11.69477714808782
11.70068277953705
11.702841848571513
11.701569620641326
11.70930123297458
11.710942201044077
11.715159599682883
11.716528172198716
11.721552128817105
11.724036522619452
11.723578705850816
11.730937977802824
11.729273227156785
11.73121867239751
11.730105231428713
11.735426920711404
11.733450650067946
11.731300204383281
11.731043773991631
11.730749415754879
11.729795763053392
11.736613522698267
11.74372227809119
11.74207064624844
11.741271799317808
11.736758782746362
11.7423736044495
11.7429486874591
11.74123928496975
11.742646265840749
11.744232614835104
11.750202503023703
11.748957462317016
11.748637765509898
11.754107805243372
11.759176929455238
11.762768709566444
11.761798045351355
11.772055929906967
11.771629130708622
11.773232575515648
11.77157926714165
11.767863283516059
11.77358015774908
11.779555993839868
11.784007255313465
11.781600809652469
11.785916245207142
11.784034240923495
11.787447012648265
11.786756391986724
11.788201624158887
11.789587515684747
11.785553362779439
11.790496092965704
11.789023753224463
11.786830533523167
11.784700542267542
11.790468182297683
11.792178000853612
11.79644912439306
11.79818905987294
11.797347159852452
11.796200891437433
11.795002424069487
11.79393006132328
11.792474176751327
11.792173504525302
11.795228820306013
11.79347295654807
11.790935644900093
11.790402951131341
11.797066730522307
11.797092045883362
11.796784126039535
11.8009334223222
11.803273888426487
11.802908276725933
11.801773084878468
11.806783256953276
11.806436105742627
11.813403767068527
11.81169312601216
11.810738785098298
11.809036563849224
11.80805471896524
11.807333480357823
11.806937630440787
11.80468327748543
11.803156406024717
11.805007848853514
11.801451756726557
11.807870938953034
11.807485665700666
11.810861379450017
11.817016191948625
11.816210609267634
11.815888338303834
11.8156256358127
11.815000023692846
11.814174930279439
11.818317112702406
11.818098429509126
11.81732352401253
11.821799641903315
11.820590489679672
11.819071069591596
11.821076558003972
11.825527753201682
11.82420133478153
11.829698902860626
11.828904069534898
11.827035254007233
11.825533825816423
11.829096372356355
11.827767669269354
11.826913269641006
11.826132218239481
11.825226508959934
11.829760364397073
11.82830737726987
11.827480859438971
11.825895118184539
11.831431866426186
11.834095578120305
11.833386690854146
11.832651516375691
11.831195805377398
11.830765987042637
11.836619639542937
11.835392238902285
11.834598867186145
11.83333138344993
11.831266666567602
11.833611789026756
11.83166186194548
11.830984611808343
11.829731653170416
11.829338728036001
11.83489971248115
11.83336036660045
11.832325494100639
11.831316037796215
11.834692091257322
11.834184938796023
11.840720883116832
11.839904192801164
11.845507274408943
11.843500790703
11.843972899408051
11.843282767890223
11.845181829704211
11.850297581118234
11.849478555129258
11.856424390009163
11.855398891916597
11.858597213126984
11.857298599221307
11.85522937501605
11.85402991771698
11.846477605662479
11.846541605867396
11.845166080559675
11.846503023342327
11.843828834691683
11.849206613078401
11.848092469951803
11.853470194904014
11.851989443573409
11.851261024343833
11.854832372454364
11.853462439985668
11.859242373327485
11.858151064346085
11.860966397640528
11.860223920699308
11.859480124406508
11.861228375721716
11.860497840671313
11.865158431094576
11.870565113357925
11.868572829949736
11.867142509111599
11.872622396825683
11.871413221421474
11.87443852777939
11.87843737119182
11.877067344156224
11.882484428275971
11.881047274641988
11.88647915017802
11.885669978074752
11.886344047054349
11.884986612016121
11.883459541314053
11.881540534492093
11.88118471751084
11.879952929593873
11.878315279624042
11.881471966659932
11.886735395735215
11.885632639412872
11.885442040615798
11.883486719355206
11.882021237789257
11.885476627612436
11.878060961271881
11.876544327014097
11.879847543958192
11.883153570095002
11.889547757534887
11.895497387143683
11.893498980081999
11.898183822631836
11.904117086991164
11.903760514611626
11.903652173696562
11.905138364439438
11.90478296770036
11.903999527871989
11.901724547078604
11.904397600837376
11.903295856362009
11.90126643749628
11.900306874679195
11.90048091765978
11.904532865017135
11.909657913160627
11.908551491848591
11.907858724065825
11.906694209699399
11.906150616280284
11.904728554086201
11.90991271798063
11.909325506525292
11.909247400844283
11.914201424861776
11.913010394141839
11.911562050798594
11.915191328395597
11.914476982907418
11.918327758783597
11.916691774218625
11.920119720386927
11.918876122828207
11.917455817168614
11.921892905507768
11.913419009615842
11.912636161326546
11.91162066951717
11.911340255682964
11.910852626407337
11.909515070114614
11.908563154006846
11.909433718226456
11.908010748570616
11.906606673382006
11.905239895848762
11.90530626772482
11.905639519767156
11.903264710450646
11.903572976386696
11.900708784884458
11.900683495875736
11.89933186479881
11.898162434290924
11.896819749615801
11.88887762942739
11.888337360838769
11.886374348187232
11.885774995613849
11.878343878199773
11.884712496366394
11.883369295065622
11.883163066557897
11.882246405370973
11.881345879603929
11.88134597222678
11.88723747580743
11.887211904888655
11.892889063230298
11.892631836881046
11.892141773847229
11.89119689947796
11.88938305620104
11.889843931027917
11.888030906053158
11.887247134051947
11.886869503421613
11.884894329239808
11.8839167540808
11.883481391474165
11.882049509684245
11.879915318444064
11.87936358327474
11.88471910600456
11.884463961267155
11.884152388770824
11.882358497193193
11.887840598953508
11.885746915542072
11.885071926749214
11.884395426771773
11.88236574950334
11.881284966234732
11.879841990218535
11.879381749649678
11.878846793710398
11.878200144576187
11.877310055448408
11.876670739885343
11.880888575904972
11.88026706482407
11.879602174465795
11.884509208368458
11.88252121393095
11.880645189285278
11.879144954524714
11.877812357371663
11.876555248345014
11.868063255607105
11.866898672493477
11.865569624968492
11.865100651963187
11.866464952606151
11.865852074532159
11.8653506711937
11.86406957577543
11.863562332273696
11.86228617187944
11.864639479440191
11.864212329849998
11.86549342144584
11.86407112506053
11.86603813342055
11.864811756811168
11.862846238512388
11.866266265067786
11.867553971933596
11.871715067140858
11.870777135153075
11.875614280510051
11.873456407056771
11.8734755700045
11.87302036012775
11.869348934075903
11.868137584549599
11.867468439383602
11.867097787759532
11.866914667449631
11.86683164693976
11.865858892546362
11.864227742692966
11.863458115377544
11.862454561844404
11.862703210994322
11.861789619935415
11.861408141059037
11.860780029404086
11.860960303557118
11.860821774044139
11.859737831790584
11.859390736135662
11.857954758217929
11.858303277571402
11.857722462717692
11.855846920882716
11.854148535126374
11.852982253312303
11.846312822052774
11.846092637709516
11.845534017944944
11.849769034540152
11.849355205102585
11.848036625277775
11.846194282695572
11.845577492433435
11.850449052528809
11.849303677954202
11.85140679702557
11.850171553275372
11.855604145163966
11.860448794584078
11.859756336670365
11.864629082566516
11.864035529174885
11.86283491257309
11.867608879715425
11.866962495133901
11.865442681563527
11.86350396744268
11.861509717977386
11.86036543763442
11.858790602503705
11.863574679066815
11.868235940948239
11.870156225510524
11.86830561703356
11.869675695989818
11.868464115652115
11.868340965717142
11.861168215178845
11.859855760352115
11.852518248657592
11.853054729798963
11.85236349108321
11.856230993951716
11.855799954136213
11.858660558187236
11.857470494155208
11.85589967899749
11.852611825125559
11.85735562941986
11.856811770393122
11.856298868463247
11.860201621067963
11.863771346813657
11.865402818158277
11.866601413451367
11.864948064381757
11.869747324838016
11.866434877076426
11.866342941386588
11.866270779579171
11.871458638507475
11.870664318935159
11.874678847348795
11.874011011374106
11.876273228713549
11.875072802658435
11.873921861378882
11.87262800565604
11.872707566911279
11.875083070638489
11.874872000294506
11.879493401478499
11.881042641410456
11.879906856989274
11.872201305694931
11.871451755801735
11.872190495453973
11.875820335223471
11.87472188801517
11.873864792146628
11.865868022404173
11.864754014423498
11.863501065492752
11.8630981110264
11.861917246753023
11.860779067628382
11.860026183804704
11.858788623194384
11.863544268678323
11.863051035803586
11.861153910572549
11.859323524437377
11.86141837773079
11.860314665352803
11.860014363180232
11.858859607203287
11.862705813433465
11.861287372297898
11.858726546160797
11.856895722885325
11.860454573527784
11.861473493811822
11.860907528896977
11.859719810586784
11.859543558812561
11.86413898652894
11.865099257299752
11.86428627641628
11.862822552911597
11.862101233185236
11.861602164224905
11.860403702800054
11.865226214576833
11.865953869781379
11.869400035886835
11.87423032820822
11.873833582767798
11.875299753488841
11.877722638436948
11.882310047507286
11.882022503910513
11.887172931200498
11.886970419081461
11.887096967406853
11.893155175373144
11.892234363560663
11.891965216525943
11.891728019928077
11.895150863928484
11.900261793444999
11.899247221778365
11.898725093240529
11.897193764787495
11.896542650111973
11.901309305976698
11.900878873018046
11.899575942450369
11.899403331891751
11.898175475265555
11.901857349896195
11.901127697040042
11.899975521156508
11.904859888865932
11.908977968301699
11.91330017607889
11.912771851736371
11.911791584794017
11.91082859709418
11.909609349623521
11.907384761331116
11.911843474072109
11.910953687635933
11.91543439017454
11.9147591623702
11.914264570934474
11.913123688201305
11.911726590167323
11.910611780749687
11.915310440839887
11.914772117956012
11.91386996046811
11.912633347114316
11.911520623250505
11.915959119213538
11.920271341025392
11.919285317320279
11.917473493463305
11.916114746709354
11.914834288168443
11.914252900728366
11.913369988883664
11.9179496181871
11.916855991264116
11.921255679534497
11.920624888900422
11.921002571452917
11.920186563319353
11.91859618336165
11.923185484336383
11.922285327517871
11.915818301828942
11.915499950345142
11.925763945131338
11.924498845416755
11.922691016668042
11.91745927866469
11.916616665446972
11.91126406589952
11.904158040859592
11.909232970028972
11.909041677727757
11.907971063101222
11.907057128965022
11.906909881358656
11.906090056340014
11.904751318005415
11.909398422397025
11.912759314467424
11.910603754004205
11.909494151309447
11.913544850841129
11.912239136654716
11.91147889814482
11.911107809379184
11.90397886796431
11.902526388209383
11.899010883127168
11.898573355665635
11.903065586545303
11.902438536513852
11.895740121858704
11.8934083973129
11.896789819740114
11.889873954934465
11.893205566741827
11.891935328113716
11.890731482720998
11.88985645284227
11.894068146068788
11.89274674654007
11.892204810115837
11.891060621026568
11.889937326841476
11.889074042326573
11.88168387764901
11.881054211564662
11.880149030054449
11.87897063371535
11.87787003422594
11.877424426886652
11.880703415960635
11.87965932234117
11.88380619785226
11.885086457346388
11.882161497171765
11.882380541520961
11.888457767378016
11.887886584617748
11.886863559148365
11.885804239378785
11.884663347683043
11.883650349765135
11.882845677980562
11.884016647061662
11.88386645379643
11.882834509999189
11.887599893388677
11.892030163351263
11.89108261580329
11.895445356640987
11.89478345663748
11.893183616431502
11.892750140443013
11.891513486582712
11.893054674699234
11.892190871094213
11.89140388927833
11.890830315819551
11.89071442073062
11.888366355958125
11.887995967754097
11.892776268795444
11.892672298455327
11.892515762207733
11.892238336685308
11.893852209325733
11.894151324907348
11.893573109397305
11.892662335701624
11.891553356891542
11.89135244610133
11.890336143589858
11.889316700212829
11.888565688016401
11.887054419451411
11.886107349395752
11.885473923559884
11.88449722795262
11.882945310695584
11.881093125785204
11.882072237889338
11.881876475577089
11.881339979764507
11.87963291877873
11.878060068355971
11.876030625748909
11.875504587503041
11.874994814149492
11.873672268716867
11.871198962072869
11.8706978040004
11.867200820722584
11.867085168822767
11.866018035790814
11.864962912413663
11.867222861458016
11.865560812461519
11.864429046969246
11.863349500369328
11.862293036575457
11.86180928058276
11.861299023025387
11.861120087604453
11.860639945916047
11.859829281717403
11.857998105550953
11.857483327388763
11.856449311247292
11.859507156785126
11.857804418748593
11.85681014526974
11.856300406215517
11.858823798982584
11.858363095165327
11.857268037467167
11.8565664304357
11.856075386512527
11.85905056632802
11.858526941010917
11.86156544301131
11.86119655548717
11.860123705508103
11.859087025817436
11.856162449379502
11.855546001065607
11.854794313030371
11.854078122747504
11.855589315920302
11.854849505360004
11.859045366490946
11.858679782592498
11.858168031116264
11.85729249955082
11.856542401414597
11.85582921037571
11.855172796356545
11.854444988761415
11.857268757813706
11.860706035174845
11.859964033048106
11.859541140543506
11.864176971823685
11.863967309609109
11.863820639310052
11.863037439468405
11.86187843177676
11.86550415788439
11.869498964287525
11.86898806587301
11.868483158348393
11.87139021243368
11.872471780555689
11.87240567556138
11.87213387852846
11.871086047188696
11.869676770930301
11.8686636641741
11.872527719976429
11.874678559892967
11.874089039819088
11.873751568158468
11.87639571242415
11.875983857452129
11.87443811958015
11.878572904968431
11.8779715520051
11.876934386208548
11.876101721479241
11.880234682739466
11.884290622366693
11.883633726782504
11.881202187805986
11.885852523655306
11.887418563103601
11.88618434233716
11.889339276286414
11.888320993240807
11.887904567554441
11.89352705606918
11.893026110462912
11.897121052069812
11.89804874060701
11.896963435894166
11.90067469250301
11.90302381813264
11.902497676912246
11.901664234946608
11.902663107131938
11.905045002044766
11.904216302178732
11.898194055920994
11.897115329187445
11.90129232197752
11.900983238074074
11.899557781532504
11.89896449120756
11.901654626377608
11.901182007643726
11.899566797462287
11.8985823352264
11.897771613559366
11.897664324671394
11.900436836509687
11.899370432835406
11.89917054934699
11.898721440951583
11.897414940255697
11.896802673763146
11.895336979417605
11.898746890503427
11.898152183937228
11.905221395343412
11.909121894857131
11.908174055318037
11.907736021629383
11.911601703164894
11.910416729273505
11.909415236792077
11.908559641935135
11.90788800220985
11.90769682885867
11.907108524988267
11.90679244009695
11.900560563171915
11.898761939714198
11.898387374165864
11.902158688634916
11.901269440097817
11.900215088087936
11.899002222807333
11.898007074786506
11.897181032753894
11.90029290559575
11.899283693477672
11.900175437779644
11.899721908630811
11.898267504071042
11.898036165675569
11.897064559858755
11.896046115318013
11.899959198504328
11.89892021668504
11.900595072915438
11.899335794326324
11.902846795340924
11.901824374356023
11.905664273670741
11.904576208001275
11.904064079737052
11.903202118806378
11.900138748745302
11.904061361587901
11.902784541624188
11.905421972884547
11.904585773913363
11.902672579991147
11.903728621520607
11.902910825140932
11.901285414693712
11.900077124943538
11.900993804651982
11.900595189457539
11.903885778702495
11.907158370131345
11.906168988967883
11.904832926415304
11.907745600252042
11.902192939696096
11.9012726836039
11.90085974649711
11.900016149591067
11.899414285796894
11.899452422900614
11.899332486883115
11.899006235438424
11.89833266234891
11.898188602974646
11.897451801070781
11.896665116285192
11.895992963363287
11.895079518931196
11.893767438988936
11.898518058286372
11.893098212672042
11.892371861360413
11.891180877124562
11.890348091489976
11.889434458927184
11.888609008933134
11.887581491330327
11.891720258664785
11.895297155196388
11.898223248894464
11.89918359589936
11.902304730788591
11.901153347582
11.90395264304467
11.903178040399201
11.901275595211853
11.900879984013518
11.900127803408278
11.899707991113647
11.898956320412118
11.901934134751384
11.906634437386916
11.905667773783208
11.909399958165276
11.912383264844166
11.91617952204723
11.921942778811875
11.925511402697177
11.927828699276038
11.926007998252143
11.924550687157831
11.923830793823331
11.923300124006152
11.922764365972695
11.92193341848269
11.924939858187198
11.923503815683334
11.921774109747593
11.921496838429906
11.924179131303092
11.923668483449369
11.923279481764025
11.921844844877228
11.920981236303803
11.924720295198096
11.928507822582262
11.928109294215444
11.927444427627877
11.927180757723066
11.926544520311705
11.928639097111622
11.928284238522412
11.927354571260052
11.926362999767395
11.92912822755936
11.933513116013401
11.936922464296282
11.936167147125307
11.940377888225374
11.939057620862101
11.94347358336695
11.943521875785775
11.94317415473891
11.946289868200475
11.946158257885902
11.945590605171693
11.944795831623328
11.943840910320633
11.942828017965459
11.942014142548157
11.940479060988022
11.939965949150045
11.939314047657714
11.93890487782958
11.941788768982226
11.945475919267084
11.944603582854764
11.943499604067831
11.942345238566787
11.941684357849233
11.940712052889236
11.94029377010015
11.939465864208655
11.938721148767204
11.938351970102417
11.936926860127853
11.936016075603373
11.936617921477158
11.935641143250447
11.934689147297458
11.934392535029586
11.933498970068818
11.932575217818442
11.930554371049874
11.929530831613475
11.92861895476413
11.928141171619146
11.92718490991916
11.928723537108567
11.928396344184875
11.927424647530128
11.926982632760078
11.926536141168393
11.92535114393995
11.924886198616104
11.92493231419396
11.922451538723
11.921279766246952
11.915973526201064
11.91507696818041
11.914755921957484
11.91432465285673
11.913338188853348
11.911973030654197
11.910999842233053
11.910026467157032
11.90960212634542
11.908616945463798
11.90824459589797
11.910654438071463
11.914361188983918
11.914167775577758
11.909211096552148
11.908132662978797
11.913836571984662
11.913401627673784
11.914444440001741
11.913645448677087
11.922553739969642
11.925769631986125
11.9250742466219
11.923672818833856
11.9230071800997
11.922367301457632
11.92103728745614
11.920337957778681
11.920074875505376
11.919525351478903
11.919406952201113
11.92280631462733
11.924312315777813
11.923992053938706
11.927562986627912
11.926660517882999
11.927967721731356
11.927719467043028
11.92787004922943
11.927029864980451
11.92788229765464
11.927503380756605
11.926998518993146
11.92799116791142
11.927500444488285
11.928442522871654
11.9350074129462
11.934142248111568
11.938588648082987
11.940387236123202
11.939352563818218
11.947513671653477
11.951977764044818
11.952909825919276
11.952390716153714
11.951708407709434
11.951224323527518
11.954836537401599
11.958235301361114
11.96030709910056
11.964207828442412
11.967704236367169
11.970283518020707
11.9701100893342
11.974495258043666
11.977336599664381
11.980763176229368
11.984022929634847
11.983733815796262
11.987822052927292
11.99183995968758
11.994524004217237
11.995375906569285
11.994565543395108
11.997320792473158
12.000772198816172
12.000249233022767
12.003309882253943
12.006609081153885
12.010635367249403
12.014299185835652
12.013457749604251
12.020237032145854
12.020800206746506
12.022255489903111
12.02642498612867
12.029055521326157
12.028643405585555
12.031173700318579
12.034892501712678
12.036051448254032
12.040523640129917
12.039547169314757
12.0393369144289
12.042841452570142
12.042034373287077
12.045304980361024
12.04912219394203
12.047515610907592
12.05101801494174
12.053563533670978
12.055995765431968
12.061855238222883
12.065288770437977
12.06632011597836
12.069789139325561
12.07426982385345
12.07356112524982
12.076026531196714
12.07965504269677
12.083089324408837
12.086649493620946
12.086743928248586
12.088062409709547
12.09326351032411
12.092320835169193
12.095933623872197
12.10083593346939
12.103945790189503
12.105008887915524
12.108646842518635
12.108142206495293
12.108707522213665
12.112173980720923
12.111636394018237
12.115101479444235
12.117978215172004
12.121116936571372
12.12498750074428
12.129060320493554
12.128330153060714
12.132273145941378
12.131972343309469
12.131257324524276
12.130927228491315
12.130655737184897
12.130019732793173
12.133567855091197
12.132153924989936
12.131149084237794
12.130181809349539
12.131080452298937
12.130565284278084
12.130249827737867
12.129426599409115
12.129057578182438
12.131317806786786
12.131239234315789
12.130259917457764
12.129802131399773
12.129475941482752
12.128960889397245
12.128445602375104
12.131093557994534
12.132753127820104
12.127201398964866
12.126700035839123
12.13029945946028
12.132395176909121
12.131854639362956
12.130900008273574
12.130462427222023
12.129808446490747
12.128371572746136
12.130191490806487
12.129417537520386
12.128492560013232
12.127649933582058
12.126632924901534
12.128812290753311
12.13105303694431
12.13013303230598
12.133702823221908
12.1370053294902
12.136043283405963
12.135370717308087
12.13385986933025
12.137045730219649
12.140192648192038
12.13920442751616
12.139106482066465
12.138096495274523
12.137364472814662
12.136643301802899
12.1361022094514
12.139453721180141
12.139402406989014
12.133443870768785
12.132317832620698
12.13153831389413
12.13050509406221
12.129633465247045
12.128156093443858
12.129143680971888
12.128447575720108
12.127692352367353
12.127062246885538
12.125825984758281
12.124507240665674
12.124353353950614
12.124527652925472
12.123806795606287
12.12247836240109
12.122492555255082
12.12226120784243
12.122352126001958
12.12240119947519
12.12112910903057
12.120407578325926
12.119868098718149
12.119186156593134
12.11824197349153
12.11731409885422
12.116351739453846
12.114844058049144
12.113990754615969
12.112543003559994
12.111573191565988
12.111454972485063
12.110567354188195
12.109693073426081
12.108826786631328
12.107809280057346
12.104462503991734
12.102390996749692
12.101561690675542
12.101147844915973
12.10317337701495
12.102474661259091
12.101627908354075
12.102436630888777
12.103954020117383
12.102951576618722
12.102231759675051
12.101366049825314
12.10047964303101
12.09952633707754
12.098640647900764
12.0976838076071
12.096699106872235
12.095352267101953
12.094448733408287
12.094878318628954
12.094754662679362
12.097577424948675
12.097569281226491
12.096953099099627
12.095930558131881
12.098104897641788
12.101407804353443
12.101015751158382
12.10342851651658
12.102010427949727
12.10145616079723
12.100363339547771
12.099049314829406
12.101443188245987
12.103773853569821
12.102879411177202
12.103193965316988
12.10260906538298
12.101675394791236
12.100934108444635
12.100481099961241
12.100866175528362
12.100587696280218
12.103359923490672
12.100785217668838
12.099256973422092
12.102816084078022
12.106075304992643
12.107337586913383
12.106633110432824
12.108895298369754
12.108205427316678
12.107596203528633
12.110424015563348
12.109709290056376
12.113307331443263
12.11694708570854
12.116188045531985
12.116260652889467
12.115666793418944
12.115601897712226
12.1181627937971
12.116870274851122
12.114770257447244
12.113304847605411
12.112015310208575
12.111433442742307
12.111177668907418
12.110499245718662
12.109172114952543
12.112353018755545
12.110911130819574
12.107282515919875
12.10666477658835
12.10187183456667
12.101077258074522
12.100234151782846
12.103524297667812
12.10308097632925
12.10212204290903
12.0996625673187
12.093656538213393
12.092827699269566
12.09415656930419
12.093235989794572
12.092371886430618
12.09096973063092
12.09404615497419
12.091899273655539
12.090470339591961
12.08997969596814
12.089484861882482
12.088852821380643
12.087510941419598
12.088012617648412
12.086749818797134
12.089831443822545
12.093247362479012
12.096456587145274
12.094829132085495
12.09248971609125
12.089947986535122
12.088541898321598
12.087963348836267
12.08710998241822
12.087843743867161
12.09108697160783
12.08929488469014
12.087077114570251
12.08494432654784
12.084038255575523
12.08312292611401
12.081106649944724
12.07978193871927
12.078934542371728
12.078208500868518
12.076182560089531
12.07894876890502
12.078665209253685
12.078370788041076
12.081610388786041
12.080703069140013
12.079613205748545
12.078609459839083
12.078377632420302
12.081020172993314
12.07967658510691
12.081647838062896
12.085140596706099
12.084553216690342
12.083858240102783
12.083900691919805
12.083755824775027
12.083233582852221
12.084283192813146
12.0841406376956
12.083542097592236
12.082888633607775
12.085922201557988
12.08550570075396
12.085005179579396
12.08389958871666
12.083111072170151
12.082510639262008
12.08077055869779
12.084093869336202
12.08339984307076
12.083096481576224
12.085226170599086
12.08780729658395
12.088017918824152
12.087175708151147
12.08628356099544
12.085526152215158
12.085238700374587
12.084937858780709
12.083918563674205
12.087776157710863
12.086819409163505
12.086199053468329
12.08580655907491
12.089708311932913
12.088081494470437
12.086802459681708
12.085996903784155
12.085224329246815
12.084227374787138
12.083782967000529
12.083313389115258
12.082873241192006
12.082376147571363
12.081495056518762
12.08066766394051
12.079749331017425
12.079205644411005
12.07827978623684
12.08079813205545
12.0840228485114
12.083647090097818
12.08335501068742
12.082953611186984
12.082255504262081
12.081722612052129
12.085273819600907
12.084572898856859
12.084082292434555
12.083309219149518
12.08247537662158
12.081901242137365
12.086104685800118
12.085260764194814
12.085263897930892
12.084324653779518
12.087548995583134
12.089912752446892
12.087949835226947
12.087703100278432
12.0902880460075
12.090054312605917
12.089850621963961
12.089461093082912
12.087874616487012
12.087851561258917
12.089860027108198
12.089626317804273
12.089462929705093
12.089292878002214
12.088527829993485
12.08753236343986
12.08816237827597
12.087428819856356
12.08649933244556
12.085172031682506
12.084346925061297
12.08396693311967
12.083160756433372
12.082272138251037
12.081851863373686
12.081718385057163
12.081300652104249
12.080887108696327
12.080202161150345
12.082076869611026
12.08129518066933
12.080900932557723
12.080786375135862
12.079876204547675
12.079135951364384
12.079816712947904
12.07888902637325
12.078495053698282
12.079642524635156
12.078841049873223
12.078230374548566
12.076984302622838
12.079639992550838
12.078777895396678
12.077310430539642
12.076970677656476
12.07660464592225
12.076220856799395
12.075304262941856
12.073989342032252
12.073368937612505
12.072463060455657
12.071005114340677
12.070178118151048
12.069360605661222
12.071211474374268
12.070291250934092
12.069897817713874
12.06913459513797
12.06866186315363
12.067817438736142
12.067227297243168
12.066351901310043
12.065468256475144
12.068897053694524
12.069003225414344
12.071954274922359
12.071281518849693
12.070430429960586
12.069517599016228
12.068381049416281
12.067877407764765
12.06715284135571
12.065898152522683
12.065763891082712
12.06513069095982
12.064982095210098
12.065470352230301
12.064877607703568
12.064107263686266
12.06336959545846
12.067734771950997
12.066591927569485
12.066429905040948
12.065803200255253
12.064966292343088
12.063804488759619
12.063368380666176
12.062751260428637
12.06260879166921
12.063894025566816
12.063301805414255
12.066710918060034
12.066468617570067
12.069832591010806
12.091759053691577
12.095303474806217
12.09674015514394
12.099679350258702
12.1024080381837
12.101101978242456
12.10410663821941
12.10328857589314
12.104280551063674
12.106346436005524
12.106102253144869
12.104612629975472
12.10372509325949
12.10285442789172
12.104074893171424
12.103309312588094
12.103048520479511
12.102268088625001
12.101676399351428
12.10325249932029
12.102505686341416
12.101233563487742
12.10099149766025
12.100164651083608
12.102629753543992
12.101366993697395
12.10444769483443
12.106484551497351
12.106064408487132
12.109049948357672
12.110905134552238
12.113082362587294
12.113399041727078
12.116632219285076
12.115649909330042
12.118562343911645
12.11731999763762
12.120217702281424
12.117890181428656
12.116695375552123
12.119904335204192
12.117909137718318
12.116784739056284
12.116813413898997
12.116423627353106
12.115117046255552
12.117705792540178
12.116199203682383
12.115424173676116
12.114722310735825
12.114088954023666
12.113508888970882
12.11686298011408
12.120307252468647
12.121360051086526
12.12094137100798
12.121955433676712
12.120818260172944
12.120655000443247
12.120648809202732
12.120183168247644
12.119882479606407
12.119741937793995
12.119524038121536
12.119220092785863
12.120068079173002
12.119646889002373
12.1188418967616
12.118706363396901
12.114128779295362
12.117110170402192
12.116293897328244
12.115876059285926
12.115447420036638
12.115103729898687
12.114808578370532
12.113990734507425
12.113221688570524
12.110984873423893
12.114019956514577
12.116564239851664
12.115967445654572
12.118243774807388
12.121073970594066
12.120770404964386
12.120031452579918
12.11959304009446
12.121638920666252
12.120841463317008
12.122178337832754
12.121719317625598
12.120947077322038
12.120711205120278
12.119501454061078
12.119220082354676
12.122232371879962
12.122294054775134
12.125175516399526
12.124379857918683
12.126604880276451
12.125346550267725
12.128373765040243
12.128020119153254
12.127727131904896
12.127261368111759
12.126281734986906
12.12579027740204
12.128474660461809
12.127795532235748
12.12834273307406
12.127715133878716
12.127148409620778
12.12606756906549
12.12581374507684
12.128746764012844
12.12775092129521
12.129073123003556
12.128231743004807
12.128007442398072
12.128059776029142
12.127897367867792
12.12772953060582
12.126993425740492
12.126469140235608
12.129736071766013
12.129280903178005
12.128652611822888
12.127944713347873
12.127403684552206
12.126835487250771
12.126386826609137
12.125828999786183
12.125321196841373
12.12643733335908
12.125543384785791
12.124211380088656
12.12639746118267
12.125950835133327
12.125154041447965
12.12459129409584
12.124364998517128
12.123571550982426
12.12270837126932
12.125520930290222
12.125300560176127
12.128271658105898
12.13144434016355
12.130321638600767
12.129506763225502
12.131417503752788
12.130764544368885
12.130017703662121
12.132524974212574
12.13536538572251
12.13458222627866
12.133770430035263
12.136586187988604
12.135871368021187
12.138680247974245
12.141978564777483
12.14063151055117
12.14361187364116
12.142337805015803
12.141557177835459
12.14435852660399
12.14355594070081
12.146384020765385
12.145964169397097
12.144729665996522
12.147287119395786
12.150281373532193
12.149461688674268
12.150138512689686
12.149193360295685
12.152033736442702
12.154733596921043
12.156937671539135
12.16036183345857
12.159785875682742
12.158312784226077
12.161219863484638
12.163162876476758
12.167312302384566
12.170453904713957
12.17365812612753
12.17675155819508
12.176223670954695
12.179217377153874
12.182139052508955
12.181922435835098
12.185181543384823
12.188597337986396
12.187775131462887
12.187365772351622
12.188441328315651
12.190347670913114
12.193222661409905
12.192492188213768
12.192693626043763
12.192226517668978
12.195023407845397
12.195742305600435
12.195081964241972
12.194264473796261
12.193438599392545
12.19630555472665
12.197867210060497
12.200570744984478
12.200402889652164
12.201673069774214
12.20122441624424
12.200391730512425
12.199580874121608
12.198755245031037
12.199787328273604
12.19941277862113
12.20185403693658
12.201039393249872
12.200564271276312
12.199771871569729
