0.0002512348020525599
0.026924915302510483
0.023446359967268054
0.18811048173408068
0.15074400098473592
0.20012678569721315
0.2083112110651002
0.2700968928450947
0.24644074940293373
0.23582135294689513
0.22140878098736758
0.19807588586072555
0.18108457730835836
0.17877987643293175
0.17117104227482938
0.20310306443358256
0.1997139083819877
0.22518328418217057
0.2325832085356511
0.2566796726720634
0.2472806141038119
0.2426046554518925
0.24134523674195213
0.23442246839560907
0.22660838611575543
0.23015348785893822
0.22386006928680371
0.21325695068503997
0.20743492743085556
0.2078261248490631
0.20283837472297678
0.1940798997176853
0.19273607595385078
0.1898434524972439
0.19717519360197347
0.20889659446141423
0.20937425942983315
0.20923924312197353
0.2053328555059245
0.20268422779271822
0.2003272571865202
0.1963992717514904
0.19613246249151842
0.20243647007544185
0.19932408905757526
0.19870285648802816
0.20990263809093052
0.2205164731581721
0.21875674540436016
0.22483008443035463
0.23334120841905487
0.2307702387168875
0.22710721905471468
0.22974156969195572
0.23013951991083567
0.23252877316117915
0.22957507664435015
0.22191853968804778
0.23032573357915065
0.22546631221781668
0.2254261001467237
0.22317194194419843
0.22071704178227475
0.21619696418229614
0.21465100047129299
0.22223109054058882
0.23041545340366906
0.22858820167200333
0.22880125321700429
0.2309986260034527
0.23534320402224357
0.2350911669748597
0.2348016913390225
0.23286182879506576
0.2371805154135094
0.23520793626902878
0.2352944618337487
0.23385705720574548
0.233466468022103
0.23256792922138028
0.23066508913042283
0.22705094973667386
0.22852907090751873
0.22774283032083012
0.2223683237010614
0.22069340068182577
0.2220014454015869
0.2195645856419347
0.2246947839830445
0.22994861130551586
0.23334182795347944
0.23836663898041413
0.2436702114176396
0.24841980881615958
0.2532630290818211
0.2584675762124679
0.2595474734092921
0.2643170744115753
0.26914000921303344
0.273844734065231
0.2719439164001327
0.27401353048906313
0.2763738332738357
0.2776300709240195
0.28250686852837115
0.28284037408254964
0.2818739341483375
0.2854356462615635
0.28938858603513323
0.29034298890578664
0.28976368453651713
0.29289141776363525
0.29630709287770784
0.29878680293523796
0.3026295466697553
0.2984839364414025
0.29972144813980583
0.29950891742459657
0.2983920036803488
0.2945717206443457
0.29398359497697446
0.29325318598794287
0.29697140592126686
0.295524147712311
0.2945182399119071
0.2929990051197301
0.29224687980010694
0.28729061524682464
0.28858963464864557
0.28851924912679777
0.291551088838815
0.2917827520060503
0.2883668855868328
0.2882260948959533
0.2887273715826689
0.28790487590930003
0.286835100940862
0.28539433075091875
0.28215945279195104
0.28088396732868987
0.2842065962740208
0.28358485909632175
0.28613551468399173
0.2860245240837132
0.2845481309243327
0.2864798379598335
0.2848036257942086
0.283434927261806
0.28321847007340506
0.28213421647361075
0.28485356741223067
0.2878255727363392
0.28738926792538494
0.2860805452573168
0.2871167895247576
0.28613160776934493
0.2849296845690646
0.2841761416567015
0.2832097888951304
0.2860693792817565
0.2848334061067063
0.2851997113730466
0.2844615967608915
0.2830883517443497
0.28625643452223176
0.2887737133945152
0.2878190336188369
0.28668810713065607
0.28534002503914047
0.28410787475694077
0.28367059264299704
0.28431786838034345
0.28657812715087677
0.28822084547453275
0.28746539380674313
0.28803507299806547
0.28700013032023214
0.2867839721213427
0.2865975143932501
0.2855269661733972
0.2859705585567977
0.286786574679312
0.28603512323601604
0.28817297739315034
0.28962109483490106
0.28988943267649264
0.28908740467694277
0.29088032915500406
0.29162412468468657
0.2940608967135876
0.29677500021815056
0.29683073932639226
0.296834955483631
0.2990070152977277
0.2983495232953316
0.30002483755587056
0.300364767517039
0.29986899197381545
0.3023137468278083
0.30423962278131167
0.30605133013728125
0.30492901969233177
0.3061001674002203
0.30507813873843886
0.30711365438495025
0.30927571500782436
0.31128345767376125
0.31353467749164526
0.31324029215179305
0.3121436647704475
0.31439846510809416
0.31659161494383303
0.3166713923794829
0.3185919140652864
0.3194548546104587
0.3214742820239034
0.3237041364637592
0.3204340906114999
0.3225108851006451
0.32299939969714864
0.3232701826877176
0.32224391349140924
0.32297748911416096
0.3236584735913929
0.3240431220895249
0.32595665470648116
0.3274908947641394
0.3289475094232188
0.3305234143320133
0.33240432667567327
0.33381839973050315
0.3335511872533898
0.3339378571104853
0.33584604934723883
0.33646268358532716
0.3383270746258043
0.33982184031052926
0.3392656429403412
0.33996158491456085
0.3417620379013703
0.34244856478622954
0.3440921830533592
0.34599355374703383
0.34611114093735146
0.3477963935126625
0.34691295921140647
0.348565999521532
0.3477253127514728
0.34779617544398794
0.3479081561216761
0.34739205244580457
0.3489979681517577
0.3500540577882713
0.35164578376223227
0.35335721583950536
0.35484062843990694
0.3563987972755567
0.35769253746915225
0.3578848342374972
0.35833632289362566
0.3600468869643618
0.35948261823390026
0.3611497034194666
0.3606522312093848
0.36176647410269386
0.36333056901790917
0.3631997532162849
0.3643933807714096
0.36391849959925776
0.3642881481380778
0.3641033497522771
0.36480413437710674
0.365851501612637
0.36749820846376086
0.3668406059920456
0.3680500200458506
0.3690376360073024
0.370164695239643
0.37010055278256054
0.37157405167694724
0.3722673044077199
0.3738456052088505
0.37282625736909575
0.3742298032764041
0.37329439824728583
0.374649645315221
0.3758966828761164
0.377377546003042
0.37731023748998077
0.3775691772121409
0.3776240084933694
0.37907397700349627
0.3804559163563798
0.3812550913361274
0.37953210556511285
0.37884248860021336
0.37938251379940735
0.38065593885706955
0.3820691976788568
0.3834563742251413
0.3847853256083474
0.38622979316453226
0.38585360947793773
0.38600918688815916
0.3873103536459905
0.38862943273523337
0.3894700657424969
0.38872739156827085
0.38862939563516097
0.388551463718268
0.39000874415483344
0.3903921920418338
0.3916731861776004
0.39211020152757
0.3916063795343234
0.39298038711317407
0.3930479727283365
0.3942338345295585
0.3947265802095765
0.3946164817939576
0.39410517381233445
0.39471926691473336
0.39430721117329387
0.39479279091605934
0.39389194903328356
0.39416739022562636
0.39545430649243646
0.3956310476159189
0.39697203643120427
0.3969160933386599
0.3978432686374728
0.39919756690800595
0.4006195081501343
0.40186281006524327
0.40316231141715647
0.40411131890101454
0.4041114285380323
0.40428828801544436
0.40507174858665557
0.40624472206222
0.40744529977027444
0.4085653868725441
0.4096995516058877
0.40985546831937086
0.41093855052829026
0.41191061848525545
0.41275075775018566
0.4137129571452611
0.4147338875240744
0.41572879879898117
0.4151400474363675
0.41612616422946996
0.41671450174434854
0.41782327136442776
0.41895143928888684
0.42000499759908344
0.42025619115026425
0.42118927831923425
0.4210060500426388
0.4222406942563265
0.4233603491745392
0.4244277143952135
0.42473301003326946
0.42469573926504084
0.4248567895500171
0.42599475041349566
0.4270777345008109
0.4279546898685415
0.42875689152353635
0.4295238885168752
0.43018815787329495
0.4313676290208756
0.4313892436755862
0.43250931265224596
0.43270828190748645
0.43369982987793765
0.43440291656272945
0.43367138844223746
0.4335622274359308
0.4346914569844821
0.43580350487024727
0.43510730123398833
0.43503317362433747
0.4359917221967311
0.43682278682520437
0.4377918633673066
0.43818265458772193
0.4392740345766991
0.43923101477060283
0.43854634824745503
0.43796293373701345
0.43899239532039175
0.4400127924541511
0.4409083338040261
0.44192232770798373
0.44285789873856213
0.4437852942010428
0.4448386626355324
0.445303722964154
0.44627627863476627
0.44614094429826795
0.4462871651987731
0.4468662017965047
0.4478788550659467
0.4488588310739179
0.44994773449788306
0.45078440749963206
0.4515729205800099
0.45143765929223256
0.4523680661753831
0.4533051348628853
0.4538771772504861
0.4545861939563872
0.4554387236073898
0.4562006513741973
0.4572347563402975
0.4566781623791478
0.4575786570032012
0.4582421262164694
0.45784837797552186
0.45874476287905697
0.45939185345088124
0.45927129995929333
0.46004640379996586
0.45958842563299473
0.4602845355663397
0.4610488252855881
0.4619632627665479
0.4627524718683859
0.46366018692733857
0.46351829225728514
0.46425469113905526
0.4651303600497714
0.46432819480960535
0.4639461033472914
0.4647256348048721
0.46540715172945857
0.46607842544475014
0.46544023918282296
0.46603370185653
0.4657981321128059
0.4665868404288551
0.46743005590413594
0.4683397942457376
0.4682014478467338
0.465946322449434
0.46676655173072595
0.46692557359720777
0.46756935574194075
0.4669554015923559
0.46556221297331885
0.46543557624786736
0.4646298930861559
0.4652908309324153
0.46610213963108127
0.46693032149442976
0.4675333256628348
0.46670596250479934
0.4660738275921932
0.46417199949028715
0.4624931750189181
0.4618533214930747
0.46174288579195977
0.46237765676652365
0.4619164664727106
0.46070767391564904
0.46049253513121274
0.4612186851897122
0.4605971798011466
0.4609126172443781
0.46086991628280133
0.4616863226172536
0.46220528511201314
0.46175378922121374
0.4625549329462908
0.46335377426497565
0.4631077609850752
0.4636657299960675
0.46444849155691276
0.4643626787973011
0.46501755262577443
0.4645533907280787
0.46516035777062825
0.46596858286569254
0.46574379374096103
0.46622109019145486
0.4667540882778143
0.46744020101486394
0.4671366121754355
0.4676592348531296
0.46830371164649226
0.4688831514659383
0.46969191112803715
0.47042476451265763
0.4712252351398281
0.47204199378551454
0.47258912973321304
0.4727179839671363
0.47348436087466417
0.47338602839056976
0.4741399414142861
0.47400707087990823
0.4747587717204962
0.4754932400264827
0.47615812192234236
0.47683474752010274
0.477403186067334
0.47759725470970427
0.4781062742753504
0.4782572903318619
0.4788289852641696
0.4796205083111535
0.47934244374802315
0.4788010001908546
0.4795360323866973
0.48001111714433303
0.48064684970154536
0.48129247777928097
0.4819742713382441
0.4826250207013864
0.4832567232296762
0.48302059222512234
0.48363379936968226
0.48431459084033346
0.48493300452520754
0.48554060052859915
0.4861480155966485
0.48686810920814433
0.4862052333146681
0.486566539304089
0.48704406359513164
0.4854286603062618
0.484935371423069
0.48493178488195005
0.4844002192776551
0.48403536767931743
0.4841640329626421
0.4844872734640979
0.48500793274008613
0.48407103270634183
0.4837875542506739
0.48363475046088483
0.48427389528092224
0.4845553629455226
0.48518320920183466
0.48570849558701645
0.4855611357011694
0.48597479821801126
0.48538261246166137
0.4850089691383414
0.4850504356118832
0.4855032299616434
0.48485933588847624
0.4836364062634302
0.483166853494954
0.48282247035474607
0.4832986031521758
0.48273551344021126
0.48214826847905157
0.48160067786364386
0.4818802257712225
0.4822470322466131
0.4827932092031913
0.483413641636819
0.48293426944380446
0.4833100518195181
0.48228800832485635
0.4815020286357095
0.48209763780023707
0.482051993391516
0.48247853023263576
0.4809776401707895
0.4803069280465488
0.4809600340553795
0.4804542725556768
0.4807656023074258
0.48117425836569533
0.4816801841230726
0.4820296503881466
0.48248322840089547
0.48302158259612044
0.483448371990891
0.4840785995602882
0.4846708303197646
0.48492863400335556
0.48413242396030615
0.4848237316957808
0.48538354772801867
0.4849320695674734
0.48557403904729457
0.4851555228351278
0.48575370070546503
0.48540440882319813
0.4857937954103979
0.4863237703694138
0.48679822771786435
0.48727604660197643
0.4876333139032042
0.4869288483078983
0.487342486376028
0.48790621564991166
0.4884176115637253
0.4889724489772463
0.48777207703791287
0.4874600819961838
0.4880165217033554
0.48854808151483575
0.4885367283311083
0.4883730018333444
0.4879687123022246
0.48784488343124505
0.4884215328538971
0.48870593251570027
0.4891819187824072
0.4895931213986603
0.49004466727511703
0.4900683077672591
0.48937904151160894
0.4892048600784926
0.4898104653008797
0.48977247186100353
0.4903214097887131
0.49083050168811104
0.49129819617580395
0.4917402162885397
0.49231688030257753
0.4921295560574856
0.49260570884388283
0.4917692406623544
0.4922379081234086
0.492166680820766
0.492007245654136
0.4925440470322908
0.4931336522787853
0.4924162496664928
0.4911361389893559
0.49168445791125276
0.4923028610210809
0.49183597697159703
0.49140690391528236
0.49105863573066016
0.49041780536031876
0.4909008501275562
0.4913086982058678
0.49136702613166405
0.4908490395590749
0.4906637801146062
0.4904425789589812
0.49001878763263995
0.4896510121327722
0.489213438282599
0.48917512527073687
0.489655010158011
0.4891763981186332
0.488594997510975
0.48814539924683165
0.486984036871572
0.4865227487926157
0.4869319623005825
0.48650286614776295
0.48559173277926443
0.48530024752690176
0.48554164156627794
0.48311656598451047
0.4829455150058167
0.48308012836164355
0.4824930110876654
0.4821481370785324
0.4822371734487399
0.48190512577017436
0.4819536105756574
0.48176461983032226
0.481912606860629
0.48243319458389455
0.48186286472035694
0.48099061268775845
0.480460366058436
0.4798811429552199
0.47934923516554556
0.47869153413149385
0.4781976937407454
0.47741132599059394
0.47695504397983307
0.476350650724016
0.4759216492077487
0.4756069266912194
0.4754188616188057
0.47502934304691163
0.4745909862619538
0.4750875820545223
0.47456764784592775
0.47404920442041304
0.47359521837616636
0.4727314744932108
0.4724899142321746
0.4719922543426251
0.4715047357776631
0.47159253925744365
0.4715412825544964
0.4710764470008312
0.47002177694003683
0.4696830333588445
0.46927208487924593
0.4682677809218807
0.468000126842365
0.467742017784056
0.4673192934957325
0.4672641926145063
0.46690164703459414
0.4666093700613115
0.4669143369141605
0.4667616172719696
0.4672541409336732
0.466779521801455
0.467198713039409
0.4660674812887083
0.46554535644013967
0.4651624199234809
0.46510737128760093
0.46474344400159895
0.46511160169430565
0.4655101499874586
0.4650009571023871
0.4646100421128356
0.46369445568333395
0.46351152881224567
0.46307076617142223
0.4627534144881494
0.462495014151795
0.4619860504008024
0.46162135494401096
0.4612225388030425
0.4612161347162724
0.46102473528038035
0.4613923900197785
0.4606068407605907
0.4609617432814341
0.46052871090389863
0.4596513715365736
0.4588746120212461
0.45880562432972155
0.45846490258394
0.45762822597146546
0.45733756262700753
0.45703734773380544
0.45671480496363365
0.45623076334765644
0.45614091125580575
0.4556625842865936
0.4553476207043928
0.45581639426820175
0.45536748720798037
0.4554305891184142
0.4553396805498392
0.45495385143060396
0.4545576331788198
0.4540551006288368
0.4538501637105633
0.4538060872291056
0.4534508926145495
0.45298626249982277
0.45258862773418446
0.4530702220621894
0.45315947102596443
0.45286391001703824
0.4520469496295526
0.4519141472444856
0.45094015270606264
0.45067492671387893
0.4502724468638003
0.45021841894420894
0.45001233065949076
0.4492491247041232
0.4490716166286963
0.4489743287855797
0.4484823305456285
0.44850710111333764
0.44851588389198477
0.44838419644705585
0.4479700729392955
0.4470706120329681
0.44679089178757164
0.44678025755956635
0.4462854842953808
0.44565723898919546
0.445565690150145
0.4453162766055737
0.4450537597546119
0.4449305187636304
0.4444632452530037
0.4440010270812466
0.44369907028176464
0.4433770013656544
0.4429063187208626
0.4426178599982087
0.44175064533717506
0.4414091305038894
0.441048408851951
0.44035733093058455
0.43991121846902326
0.44012202518220955
0.43968663855131207
0.4396439928880099
0.4392105773287677
0.43868385032160584
0.43878495990068506
0.4385019241241223
0.43822492588583434
0.43832249431690484
0.43807046526064447
0.4385569821007936
0.438414747451709
0.4383858167766155
0.43804850612970675
0.4374319331384329
0.43762252476784946
0.43783979655318106
0.43745797464705977
0.4372653000154757
0.4370835114125228
0.43745674430153914
0.43731274413763466
0.437277965326902
0.4368761590451747
0.43708242194671226
0.4367433215348612
0.4364108697075073
0.4360457299561259
0.43562653747892754
0.435306707886618
0.43487260620061063
0.43459260330707056
0.43421782023942374
0.43399341780229894
0.43366264994529036
0.4332118571698794
0.43302866130610496
0.4327155292319628
0.43230484425676247
0.43200124151847175
0.43165690192045514
0.4315408744285204
0.4315507892279735
0.43119506264128543
0.4311125160830577
0.43113693326816516
0.43133598691711694
0.43095343053641677
0.43097635239301846
0.43088301705528764
0.43075398463576053
0.4306237205145612
0.430450469085518
0.43026234896343657
0.43039422644931397
0.4308571883296851
0.431079227666908
0.4315472332590749
0.4319872669217151
0.43235337307956145
0.43282042494271933
0.43297688654916716
0.43316901431769606
0.4331982712522196
0.43324958761316656
0.4336910257516273
0.4340941981676818
0.4345379389510842
0.4349895853719984
0.4352022426645295
0.43565463641438223
0.4358138177741249
0.43620614053951584
0.4365715693193612
0.4364945533010637
0.4364795071494161
0.4362597030333424
0.43625471043318514
0.4358454695819805
0.4362423831641554
0.4366124059282093
0.43684772192682764
0.4372483157094054
0.4374628841753476
0.43788548758571466
0.43833763179550406
0.4385759023898503
0.4388870100451992
0.43925681486855545
0.4396565968586111
0.4394270200750778
0.439801606097917
0.44011314303713334
0.4405277067815203
0.4408672669098802
0.44120274635206896
0.4416467250545123
0.4419835819798357
0.4421172852172633
0.4424256800329526
0.44222217355980337
0.4422224309179431
0.44259625102477546
0.4426604671680057
0.44286282395082294
0.4431515737237573
0.44351793199104184
0.44359661178661486
0.44389835613705203
0.4440564112077356
0.44440428527139686
0.44486657014280895
0.4440431010457362
0.44409106337728027
0.44416312995961243
0.444001150985424
0.44357708111819816
0.4434606049525044
0.44313565855361936
0.44297295711837836
0.44281338948775073
0.44263083216146387
0.44241210105142575
0.4420018621111525
0.44232216984964395
0.44233395786860374
0.4416139183646716
0.44124700307167336
0.44042728279782967
0.44006115128933954
0.44026938804726706
0.44003162979176996
0.4399974401564108
0.43895494914183203
0.43898277692845944
0.4388267981204998
0.4380409849294471
0.4378278228091254
0.43731794583298195
0.43737748773382445
0.43740034838475245
0.4372576966591017
0.4365286938410226
0.4360177322984003
0.43583177269718637
0.4362328148837453
0.43618227255601044
0.436020054693506
0.435804632724683
0.4354055442331769
0.4350071860042353
0.4346602056411607
0.43438186026246556
0.4341745686899918
0.43415497164740224
0.433620509427981
0.4335812263255256
0.43370284413402216
0.4340372170698722
0.43323592995681787
0.43288666905549744
0.43323368476295215
0.43353122593047855
0.43330757223290506
0.43364479026657965
0.4332551723058729
0.432866253838812
0.43325481781319
0.43286659665027494
0.43306958639459686
0.43287809686697276
0.43284672458653467
0.43246025429672524
0.4312591473790283
0.4315158609946808
0.43114669215112045
0.43050525560614955
0.4305177051333193
0.430743211701237
0.4310705001813994
0.43139929330419396
0.43107871905077805
0.430755302222163
0.4302012025997968
0.4306417051671785
0.4310530057110862
0.4307047101383801
0.4306599621703721
0.42960287523118196
0.4299535342890113
0.4298215974868192
0.43005317099503176
0.43015038840779013
0.42987263396873265
0.43022892212518227
0.4305326087021824
0.4302567313619353
0.4296283857331963
0.4299525974175115
0.429722957076533
0.4300255614353552
0.42965484974446266
0.4294483081618151
0.4287357457328276
0.42854193763641935
0.42817440595748585
0.4281219244851162
0.427390092135569
0.42724204985561093
0.42702584962835
0.4255733807520631
0.4251313438561151
0.4254932583120302
0.42434266217803157
0.4234083000169231
0.42381864322493096
0.42394767407275685
0.4243224649946588
0.42396648977234785
0.42373728259951887
0.4233850811990977
0.4237639015516417
0.424144046685996
0.42413002746690165
0.4244537729012277
0.4246805134832635
0.42327214834050214
0.42319755196472436
0.42342235663647737
0.4237643323868396
0.42319021254043004
0.42294424219413546
0.4232888921958627
0.42311876362198614
0.4234343258262822
0.42308581994973093
0.4229529281069346
0.42281618575133867
0.4221279228354918
0.42229110638976575
0.4218677363392892
0.4216494457397663
0.4213069197887186
0.4210666916893712
0.42096913554325
0.42042735988178803
0.4203520967070973
0.42029174197604036
0.4200916479690867
0.42003993184750865
0.4203694096160484
0.4200557411826951
0.41977000516212454
0.4198226346237247
0.42023471890739933
0.4195872013307516
0.41968853511411497
0.41944212776491757
0.4197809066609207
0.41982383972134696
0.4195709993707657
0.41903647445324316
0.4172670783213223
0.4174561734436573
0.41779229712416216
0.41778206640068705
0.4176910207715545
0.41750737263061183
0.41717862666791056
0.41650243442135954
0.41652068805427217
0.41685046552302657
0.41687250900731304
0.41654682735965104
0.41691824337388206
0.41681520707947256
0.41607089193914043
0.4163302529915624
0.41597384831219486
0.41523749132133997
0.4150396796904352
0.4153169424192882
0.4152976855837742
0.4151574485212659
0.4152736167908308
0.4156762854996608
0.4159920151298154
0.4160901929600517
0.41642122773349005
0.4167408990084114
0.416673256863204
0.4165446996895421
0.41644268937606854
0.4166586609018497
0.41702676627235025
0.4173264276216201
0.4176327053927066
0.41731390180080374
0.4175497894995233
0.4174451992557876
0.41777529255434404
0.417468650954647
0.417793629728694
0.4179436425402416
0.4182852575898473
0.4177551212784568
0.41805391155407834
0.418195121830289
0.4185260767720954
0.4188534706943587
0.41915619624676054
0.41946685276858775
0.41949672671806115
0.419491615433896
0.4198615822814222
0.42014320679386213
0.42050260658804783
0.42083040629094526
0.4208349994043336
0.42059649498142826
0.4209088685783321
0.42124090100449907
0.42092583675543066
0.4206444242242029
0.42058476443590365
0.4205546946506153
0.42044058527359224
0.4202938899769342
0.42032744764636115
0.4204665812175453
0.4207776980293508
0.4204574836820984
0.4205144979163362
0.4207164327594423
0.4205782759601569
0.42075188734068186
0.4204416560519272
0.42076719972414367
0.4210619549833761
0.4210552911003701
0.4212832793466299
0.421187680568214
0.4210639314354024
0.421399596537242
0.42172051428272395
0.4216052291617955
0.4218592924564009
0.42182415503602533
0.42212189600647754
0.42242025555565005
0.42269013300750863
0.42283113458459637
0.4229774707963086
0.42296403196066057
0.42306748115602616
0.4228014330628699
0.4227903905062757
0.4231015431078921
0.4233107074652055
0.42318704686117015
0.4232837439498378
0.4236214117504694
0.42382320408920915
0.42377296961003785
0.4240962419825489
0.42395477573389134
0.4239663717020332
0.42370412089018084
0.42386043821536945
0.4241980445120623
0.42451496173907916
0.4246405094934222
0.42489434681260946
0.4246739622666211
0.42442487656672806
0.42442013517354177
0.42413276625962226
0.42444267055440593
0.4242623239025185
0.4242120103187098
0.42411380762208056
0.4241519784408295
0.4239648552348494
0.423665988050196
0.4239721499273091
0.4237771187272365
0.42404242714641066
0.423847831818084
0.42392954832170293
0.42371618041155745
0.42327562675985914
0.4232698367327442
0.42355460474973106
0.4234288642111401
0.42336667742451517
0.4235109324492599
0.4237238329919878
0.4235458805667161
0.4233701490203294
0.42323616772674744
0.4229920984453765
0.42287974428151975
0.42308875858069267
0.42338929144463433
0.4230923845081374
0.4232850990142091
0.4230481693241769
0.4233858282921177
0.42319422262746775
0.42307468951820765
0.4233506669404488
0.4236416622371212
0.4234979970957281
0.4234752321634527
0.4228866633904666
0.4231881206529401
0.4234834851056222
0.42376032704568484
0.42413971127337524
0.4240952749487758
0.42398858552830915
0.4243213887421658
0.42420815332970085
0.4241246191192753
0.4244593433646729
0.42435916835355236
0.4246186449299819
0.42432672599171184
0.4246212319903775
0.42491681553507293
0.4245546585910942
0.4248903181501687
0.4251801234900797
0.42528835410223886
0.42558398499899236
0.42592822659335744
0.42618962788249826
0.4265019891015511
0.4265366061812878
0.4261213265696966
0.42638975994385925
0.42666674245841546
0.4269772132940245
0.42725313605056103
0.4275742794937941
0.42784733008868864
0.4280989976670331
0.4283421853067808
0.4286766716431706
0.42894588605405887
0.42920487267422314
0.42948566788170306
0.4293199544866045
0.4291295508359016
0.42942659839550684
0.42967701892246696
0.43001854780515886
0.43032231554521283
0.43061374734151264
0.43062384735347986
0.43091052633734234
0.4311849258390351
0.43148210838008244
0.4317993367726394
0.4321411276823966
0.43241263318634926
0.4327498581701285
0.432970700750025
0.43281860759016216
0.43312720021143464
0.433398275187979
0.43369453338577113
0.43401061554454595
0.4343437679933972
0.43435983677320233
0.4346258429061936
0.4349715296626455
0.4352470900887965
0.43526393179984957
0.43558238567462215
0.43585328308881066
0.43584033430089625
0.4361492277997826
0.4364001919967336
0.4363279422545156
0.4366551337121618
0.43691322083826667
0.43723382038929925
0.43716776884254593
0.43743775550019726
0.4376693570796617
0.4379022187773968
0.4379162607173254
0.4379765073269642
0.4380809013302637
0.43786713784027964
0.43816277485058885
0.4381603818117926
0.43816765818066955
0.4383882524012838
0.438332867315898
0.43827234749059957
0.4384871691888957
0.43867472195328433
0.43890739462474787
0.4392227883018167
0.4395163400439677
0.4397849905110436
0.43991101022925044
0.44002324651792685
0.440261089425566
0.4402575401806345
0.4404772930398163
0.4406213038649091
0.4397035485868705
0.43995960086954305
0.44015099723262074
0.4396528198137585
0.4399310207270201
0.43964810688732425
0.4396186890969597
0.4398367188871519
0.43975006652172705
0.4399618208663693
0.44021144932185363
0.44010422555990075
0.44015202382430957
0.4403529728659531
0.44068435282987867
0.4409378924886723
0.44109477044721007
0.4413402883035906
0.44120030288535855
0.44142230691696177
0.44165479774478755
0.44153718164769445
0.44184194837450264
0.44204467672577613
0.4423270574829847
0.44257453488034754
0.4423229696933768
0.44265095943126004
0.44262863717606127
0.4423491999051168
0.4426221051125674
0.44285748203835956
0.44284767120255053
0.4426997169707061
0.442908837785931
0.4431761858868984
0.4426194318845279
0.4428700372598052
0.4428426556664476
0.4429773167811996
0.4432488867876111
0.44354201743799404
0.44353548648903046
0.443807260558309
0.4436962184992753
0.4437340505107672
0.44394399787244904
0.4440555310835494
0.4443183651377201
0.44409285134848175
0.44418082848957785
0.4444442994739923
0.4445859796959803
0.4445077324050161
0.44477897054969484
0.44473545925984054
0.4446337637592142
0.4447789271097127
0.4450046205784512
0.44523432105491784
0.44525264741241877
0.44521788799795586
0.4451763623611337
0.4453993666254364
0.44536890388991596
0.4453443285428099
0.4452608862278057
0.4449979204755581
0.4448464990211177
0.44507236851887194
0.44531607533680345
0.4452644726457191
0.44500435560567053
0.44520725794330934
0.4454670140017241
0.4452380304364845
0.44520133831359465
0.44542427644041327
0.44567961358455016
0.4454236997411435
0.4456343813607955
0.4453998460154333
0.4455174404213978
0.4457508797531184
0.445601706418102
0.4451279889302081
0.44493989616349616
0.4447081270321345
0.44464462153572065
0.4449071438545881
0.44487065188845
0.44486471864984467
0.44467504299144717
0.4446570648648617
0.444878450864251
0.4448262028528092
0.4444245572618384
0.4444843479245969
0.4443349110014671
0.4445582283067555
0.4447774785907168
0.4449893915921338
0.4447226443804664
0.44500896258863326
0.44476280298231563
0.4449798774990079
0.44505305526001643
0.44530879456465733
0.444877079109887
0.44503520897155335
0.44485772056920825
0.4450107546456131
0.4449965585313887
0.4449863385573729
0.44463293609465404
0.4446998818625456
0.44469344168899994
0.4446533572884827
0.44488138500356844
0.44500638287193356
0.44519691199400124
0.44506951816021656
0.44529869698874963
0.44539716914530364
0.44521687964496937
0.4450166229095104
0.4450074690764228
0.44527039462418816
0.44500816235409146
0.44497159420574295
0.4452212877697547
0.44499216110547735
0.4451075984699774
0.4452601951409162
0.4449045644379468
0.444876024860765
0.44436941957430587
0.44404702058993334
0.4439384717277229
0.4438435163357523
0.4440828825573253
0.443837795888757
0.4438107383328758
0.4439552580695625
0.4434500974728853
0.4430584108738379
0.4430369544823535
0.4430081936081729
0.4432075124996372
0.44271578257320016
0.4425272443639257
0.4424069963711228
0.4426812875128047
0.44296778831588063
0.44285584905126263
0.4427171438297917
0.4424988320386514
0.442328548306112
0.4419586948862286
0.44173243162313225
0.44170283586193454
0.4419521124666895
0.44174769334021385
0.44200049846724637
0.442137379133861
0.44242633586991575
0.442605603418527
0.4424216266618956
0.4426862112108358
0.44247100434539355
0.4426998530813927
0.44243092282390484
0.44238764823211246
0.4425356628058413
0.4423090556475707
0.442528495356887
0.4421228179329645
0.4423193079885045
0.4422814996054704
0.44211185332579983
0.4418610808622004
0.441468038410576
0.441297475931476
0.44122762895721485
0.4414938095593372
0.4415825482697751
0.44146638594080767
0.441336935694186
0.4412794656682699
0.4412485549897258
0.4413941177963168
0.44126245935839764
0.4407390142507381
0.4404288420908453
0.44024941975989024
0.44016866290307216
0.440405339221237
0.44063704268869486
0.44062090178203667
0.4408205154094877
0.4410366191106619
0.44096713147789957
0.441231282594963
0.4414133840220158
0.44165155989620486
0.4418931609383797
0.44195575021927663
0.44218109796809457
0.4419351685476451
0.44218431024474264
0.44195664706691073
0.44214416617328994
0.4420533139211642
0.44234585335131066
0.442584244602452
0.44282884145763873
0.44280900048894034
0.44299960024754237
0.4432447723502478
0.4432958139060229
0.443202230228248
0.44317608022474997
0.4434044204532276
0.4436211848775784
0.4438300856213142
0.4438149234391855
0.44404587500088
0.4443385127690138
0.44458833143998916
0.4446765193318348
0.44464039302051406
0.4445507815600333
0.4446929206312886
0.4442159165386073
0.44418704136064097
0.4440010416844173
0.44396022519699113
0.44384872590343555
0.44394037937440606
0.4434024062609986
0.4436524993180904
0.4437574765229436
0.44401584736055827
0.44387164364992926
0.44392818340802187
0.4441401832159184
0.4444012724108225
0.4445921370921986
0.4448122343835009
0.44502341432131554
0.4451892455982213
0.4453796495290152
0.44555989348320346
0.4457746144360713
0.44603074646035973
0.44620152592108586
0.4461555112692015
0.4463491642078564
0.4465174482596293
0.4463172596087935
0.44654998681936975
0.44665021308648284
0.44681025996787654
0.4470208235123182
0.44724570000109787
0.44703078592516754
0.4471643904529439
0.4474094866062681
0.44762181153698927
0.44750738486655095
0.4476093732949726
0.44783411058963635
0.44776970366466873
0.4479132820779108
0.4477551932050079
0.44798957809654594
0.44823374956521433
0.44802870683931845
0.4476033001441387
0.44786651043087655
0.44752375144282275
0.44773142726460907
0.4475093328768852
0.4473596892369098
0.44735496872039104
0.44709047250109474
0.44728399014087045
0.44727835348177675
0.4472582041309467
0.4474827455007888
0.4472946031452731
0.4470397962436429
0.44667452235066935
0.4466412672285102
0.44641860128346716
0.4463787078465606
0.4464161297749295
0.44640479341909667
0.44638249927825113
0.44623618999667924
0.4461063603854394
0.44569930621909787
0.4458807050028854
0.44558512081649415
0.4457629953404835
0.4457388481009784
0.4457213208638518
0.4454341558120705
0.4452683501717867
0.4451986504650668
0.4454144398514296
0.4456277165992852
0.4453965818915055
0.4453448248434418
0.44551294875033953
0.44493597394787865
0.4447222671345397
0.4444596970236721
0.44468737148134146
0.44437633932028725
0.44382320827433097
0.4438375634853812
0.44369898403923097
0.4438665357042505
0.4440484710554596
0.44346200624542725
0.44323106378470617
0.44299375130924284
0.4429201614805382
0.44282368268747263
0.44215014483765175
0.44215600006317696
0.44206577906480415
0.4421045965144723
0.4422053115179735
0.44238278657297425
0.44253277217235076
0.44272063609183154
0.442729583734118
0.4429572915435422
0.4430317105070166
0.4430210517109845
0.44318415285733354
0.44324265254986484
0.44318764399834804
0.4433002197240602
0.4434605317612216
0.4436994243543912
0.4436545741921169
0.4438526556307689
0.44399899302919393
0.44420760057149467
0.44438040644510834
0.4445893211069195
0.4447557302047152
0.444739323327648
0.44466728301377684
0.44468708521903105
0.44488326202059775
0.44503961884083393
0.44525400021868067
0.44544454598215366
0.4456710639177461
0.44524329680925184
0.44521568853247245
0.4454144978490525
0.44558614579120587
0.4457842495455954
0.4460054360740219
0.4461201548099728
0.44627644555766327
0.44651965078803973
0.44644158559610175
0.4462333823893526
0.4461643643882447
0.4460782534172283
0.44620914089819796
0.4461953034915002
0.44580057582056903
0.44576603429774075
0.4456373733431865
0.44546425166495734
0.44566190015956564
0.44563675035329436
0.44561290774511747
0.44578666191566624
0.44578376337172304
0.44597045049749595
0.44617281092745764
0.44610485580251363
0.44587865496219226
0.44573467791429416
0.4459120422418342
0.4458934027871063
0.44510710192755065
0.44511505053917266
0.4452714375040438
0.44547563592372247
0.4453211864169379
0.4455553673732398
0.445544854257116
0.44548428330584666
0.4456539413912598
0.44533812972920656
0.44551417190804177
0.44543550778920765
0.4453891449786699
0.44558429706021213
0.44544458151179306
0.4453488710357039
0.44512959683507286
0.4453036187149278
0.44551421340668657
0.4456217881297157
0.4454205788944649
0.44564446732675733
0.4446007057209601
0.4444946588502889
0.4446423993748927
0.4448345642225818
0.4445687821876495
0.4447853769705865
0.444074312809189
0.44406397329096703
0.4438067741308192
0.44394999345045255
0.44414081902129304
0.4439077159223343
0.44376406882078573
0.44376146559673185
0.4439291747292244
0.44380268898961955
0.44387929053247954
0.44405882948754993
0.4442114029185223
0.44408192275116476
0.44403952947848585
0.44420953317787004
0.44438812472311867
0.444578403433034
0.444677751834415
0.4447838642179676
0.444845380962352
0.44489582546460943
0.4450034908398233
0.44491432343561815
0.44507933701179203
0.44528286827803454
0.4452861728633032
0.44551160614598595
0.44488607163514915
0.44484059463093656
0.44454081001246476
0.44461607271667186
0.44477202321431347
0.4449744856756323
0.4451775812282675
0.44494690642030804
0.4448567714093092
0.444990348958918
0.44490398519718316
0.44499607780412953
0.4452090603642439
0.44462723318940256
0.4445513096298184
0.44454441844636494
0.44461124662711454
0.4448389505499329
0.44430228278001804
0.44429865954003483
0.4441475660285935
0.4443417276996331
0.44410195321230905
0.44392060276217904
0.44392452678025734
0.4436936349210194
0.44337706909111685
0.443542882126975
0.44371847967553896
0.4431372273714255
0.4433228128121883
0.44329410184816687
0.443259334031502
0.4431920123564792
0.443368861474901
0.44334892306749085
0.4433442132764677
0.4435291932915834
0.44369117285082954
0.4436548458076611
0.44373352782972764
0.4435004214690079
0.4436956855212045
0.44380038737594946
0.443970073548187
0.44404942094790784
0.4441024702825494
0.4438741112861594
0.4437075403930329
0.44388401278710216
0.44391793784360034
0.44379552659346405
0.4439920211495931
0.443872916153777
0.4437068663719935
0.44370155849550036
0.44385606185034504
0.44404606291816257
0.4441918613260755
0.4443941542489709
0.44457307758066655
0.4447614913057777
0.44467539202893064
0.4448427340939256
0.44468842304094114
0.4448272543487364
0.44473007913662455
0.44492658810463914
0.4449167666536629
0.4450320491319277
0.44518967977777524
0.44510399857257144
0.44528422165135667
0.4453445976982318
0.44536880276659147
0.4454555855885258
0.44563298713292393
0.44583130011235644
0.44596553786676774
0.44617900227399315
0.4455706685201802
0.44540731420672064
0.445618392009066
0.44562733232668
0.4455227727942422
0.4454599258966129
0.4453504619203771
0.44553529979313816
0.4457179321667977
0.44568980131010605
0.4458594804534651
0.4456296358888981
0.4457472268199238
0.44593384335146113
0.4461316730493283
0.4462895810674989
0.4462556965736612
0.44640881333862403
0.4460165384587131
0.44617551654725796
0.4463728252925007
0.44603605220080766
0.4461966110585505
0.44639907130994055
0.4463666083760682
0.44644673425931236
0.44661463280614294
0.4468026652166359
0.44699247047837404
0.4469038979648222
0.44687004596621127
0.44681451810543704
0.44676841867757205
0.44694294478881375
0.4465735017262693
0.44673568105241046
0.4469564912769191
0.447042468043387
0.44698459169934324
0.4471557283752205
0.4472771375595962
0.44702674351616856
0.44722126789684447
0.44705048398126435
0.4469707058973156
0.447144693501926
0.4472938438163006
0.4470381910550315
0.44719107523097806
0.4473305659296391
0.4474833469190274
0.44762458173167585
0.4478130336534652
0.44799670225409344
0.4481310208738687
0.44830707981268125
0.4484659997773158
0.44835711569767733
0.4485409511198529
0.4485927835542412
0.4485756896820713
0.44874999127021875
0.4489132699792093
0.4490334100192214
0.44898753564682764
0.4491583922500482
0.44897686001985193
0.44913208249745434
0.44911415391376863
0.4490380785023774
0.44897775374079
0.448921584510432
0.4490953041005969
0.44904137690165474
0.4491769763762964
0.4493447623877538
0.4493033083362831
0.44833860953812427
0.44844428464899705
0.4480831223008069
0.4473486234626592
0.44695074875395024
0.4466369857120427
0.4467906859126879
0.4467737195409934
0.4469342636699435
0.44710883133426654
0.44719022986679247
0.44712737063372776
0.44718259088035006
0.44680649114033294
0.4462459301765856
0.4459045740563107
0.44578504454429263
0.4459766296059439
0.4461434711841249
0.44596752214877344
0.4459848260210356
0.44615325503127107
0.44601621793861734
0.4458719538109503
0.44590298212734686
0.44574584589587474
0.44571521436229616
0.4456626090338911
0.4458327135501836
0.4459784944286054
0.4458119496473007
0.44600343441585666
0.44617029353290233
0.44577350323195347
0.44593849385634254
0.44591861729704496
0.44603086567486633
0.44584038187979796
0.44603669450964833
0.44589457561055384
0.4458712654285244
0.44586613801150127
0.445739560658033
0.4458950624701782
0.44578477898887015
0.44593847025460204
0.4460746283570845
0.4460797382038773
0.4462556781927746
0.44621936175861854
0.4462470843155651
0.4462254677039975
0.44610841843190047
0.4459721281783609
0.4457195004000962
0.4458714284781224
0.4457600088550133
0.4457493644913388
0.44573996622110956
0.4457605819782147
0.44589746756564996
0.4455971832068322
0.4457538088647654
0.4458012012652303
0.4458323185621391
0.445874948958385
0.4458776594525049
0.4460589763973246
0.4462568003842891
0.4460118572010738
0.4458364229327228
0.4456545973116246
0.44584622975397115
0.4457127116090345
0.44570542252132794
0.44562814118700456
0.4450846922343375
0.4443491981756074
0.4440089305944711
0.4432847859161263
0.44315166204173173
0.4428480077804442
0.44267788183199175
0.442806899438964
0.44295934095424205
0.44278080030895617
0.44264185648466076
0.44280178066421927
0.44280307762858007
0.4421473250202919
0.4419697558134565
0.44147004383537813
0.44115372466858005
0.4409769803878635
0.44080037767244984
0.4406598508991779
0.4408577217964505
0.4410067441954011
0.44107227131816795
0.44089801947231605
0.4408773362552443
0.4410496592328595
0.4411471832702736
0.4412338501251167
0.44107784049322246
0.44123824765772296
0.44142873360338813
0.44143178474775485
0.4413518423651492
0.44135799092688577
0.44153382182934675
0.44155349083100087
0.4415155001239578
0.4415150265211583
0.4413609610147867
0.44153085290945726
0.4416717530898729
0.44181750623531174
0.44177500178561185
0.4419465385289152
0.44201741836263936
0.4419820612966776
0.44197110732870165
0.44196524368346835
0.4421311644705439
0.4422988218200068
0.442488911149584
0.4426640833322498
0.4425633964797779
0.442746815902516
0.44278706859497347
0.4429726045970573
0.4431563511367756
0.4432440791106757
0.44341175453059417
0.4436025487117981
0.44375753304666415
0.4439361298737016
0.44410354671913954
0.4440538972040976
0.44418017625081696
0.4441513033886932
0.44430326580718543
0.44447902029223413
0.44466510874640797
0.44483649906478323
0.4450046953951036
0.4450049724032917
0.4451502705941614
0.44532623945589117
0.4454729933313178
0.44554802004078786
0.4457117587629089
0.4456863402801954
0.4458565785761645
0.4460181937086222
0.44617955247831753
0.4463612185836466
0.44654134594743367
0.4464235369104428
0.44658075549477066
0.4466353341487779
0.4466052143623252
0.44669259401291506
0.44687018403440937
0.44700238904277356
0.4471544076894571
0.44731030733411714
0.44742483109541004
0.44756915361543054
0.44752588729866777
0.44770848450268025
0.44774053197296043
0.4477674777722326
0.4479425212497293
0.4480807795899938
0.44823458081359163
0.44842442632302
0.4485827968221907
0.4487709791641757
0.4489334790471616
0.4490926289137553
0.44921439758834925
0.4493949848368159
0.44937633507016994
0.4494750582901914
0.4495941994985231
0.4497401753213771
0.4499156614294663
0.45009530517690904
0.4501457920507181
0.4502779365592462
0.4504391129304296
0.4504760721208074
0.4506684070913117
0.45083889195930044
0.45101327486339726
0.45118511091747276
0.45135441944315435
0.45154150776800855
0.4516988280091601
0.45185268025556563
0.4519148664573289
0.45206114386840324
0.45205245889592965
0.45220598699988096
0.45233263864802226
0.4522217223481978
0.45223960042373695
0.45227339604508515
0.45220361890743727
0.4523854708169727
0.45237134480807767
0.4525450460727961
0.45217782651260924
0.4523372403983127
0.45215768144354007
0.4519765155662562
0.45180459600917505
0.45166057396285947
0.4516311354588183
0.45154777673406654
0.4515609338898255
0.4517163440750373
0.4512253160189572
0.451054397338647
0.4510087565303757
0.4511291419217597
0.4510671740670141
0.4510437210289827
0.4509986006785178
0.4509804665167138
0.4511256964548724
0.4507719542617969
0.4506906305738019
0.45074778894292256
0.45080514519168746
0.4509545726518374
0.4511017501166344
0.4512329165497963
0.45125131428344567
0.45132462206518664
0.4512472525184734
0.45130129895079724
0.45110336815927393
0.4512660264509522
0.45141148680170035
0.4515428036640093
0.4514485729822467
0.4514102017327696
0.4515540102962408
0.4517042485766258
0.4518181408834604
0.45178764852627035
0.4516361879376671
0.4514677298295217
0.4514581684260173
0.4516096763298344
0.4513243606141215
0.45147321648953515
0.4515652354501653
0.4514573035415585
0.4511147848410249
0.4510892539740988
0.4509999803592964
0.4507511838966462
0.45086572078810283
0.45069860969811465
0.45057298747592517
0.45048483299443265
0.4503848872775502
0.4503972293508528
0.45008571659629015
0.45023965866374827
0.45015644093256413
0.44989860719520297
0.44916016031963923
0.4491450873305374
0.4489797172689282
0.44912024106475074
0.4490376998273866
0.4492245623249574
0.4492235285368909
0.44910639335252395
0.44921541512957025
0.44938552555697686
0.44924385463605687
0.44892504462641175
0.4489594540202997
0.44881647000397307
0.4489387977001678
0.4488742498835
0.44896064505059446
0.4489592343296224
0.44912412340262436
0.4487958162948739
0.44894030900419596
0.4487298027391966
0.44868122057751514
0.44879875784143913
0.44894009883633096
0.4490689467682728
0.44921278535916737
0.44936272678926364
0.44902483930657056
0.44916938525316236
0.44917760436503085
0.4490585724033788
0.4489487634127513
0.44878574643257235
0.4487565171889984
0.44887719617597127
0.448711671401347
0.448459800545427
0.44845879279799833
0.44814826447426637
0.44796754490134943
0.44812434220486813
0.4482789025556361
0.4481810584218782
0.4483213538869133
0.44823779353502574
0.44821326308722054
0.4481289491168848
0.4482917671473656
0.4484652903533839
0.44808704749585804
0.44823094440231737
0.44838696182562515
0.44830896882630566
0.44844863855011413
0.44859957897726704
0.448767992267576
0.4487555408867426
0.4489247419637366
0.448884558928007
0.4488169680539904
0.44892312384104777
0.4488826806260793
0.44876153986518685
0.44872731640992064
0.4486617909019414
0.4485532756562197
0.44869951974413896
0.4488595693545462
0.44878874430902593
0.4489424771494565
0.44906522043168223
0.4491154987694264
0.44928603053847493
0.44942643367488305
0.449360917881676
0.44952966410466666
0.44970012061170506
0.44984979306431483
0.45000860778011986
0.4499991597571903
0.4501247217135938
0.45004036921425355
0.4499286639980771
0.45001803506854193
0.4501779918977234
0.4502940207597354
0.44997488963233656
0.45015470738363567
0.4503250549336704
0.45025161538489983
0.4503858570296783
0.4503960487100529
0.4502576745055805
0.45024808675543615
0.45037705681567713
0.45049107473560485
0.4504548490725208
0.45054505860319966
0.45056586242048074
0.45057088299860937
0.450455723917043
0.4504151774445866
0.45053551519585533
0.4503639961724382
0.4504999306355592
0.45043789536227474
0.4500970380727866
0.4502390963413207
0.4501970752981259
0.45019293889666406
0.45036249148051394
0.4505064764869737
0.45056729717079336
0.45043627356451715
0.4503618022740725
0.45035370432077615
0.4503744008879251
0.45019578542414396
0.4500678100018961
0.4500270981489637
0.4499790807892181
0.4498563527504219
0.449722359150249
0.4498776202806989
0.44993935341494423
0.44988675636138875
0.44966222664924427
0.44978151686202333
0.4498871427946654
0.44999750917271564
0.4499396578455324
0.45007508508428834
0.45020216811305985
0.4500631624345395
0.44993609899707615
0.44978541708291864
0.4497694818394038
0.4499207178522039
0.4499774195154959
0.45005130907586505
0.4499807226878162
0.4498250200156059
0.44973328856443784
0.4497081394329227
0.449241222157849
0.44888897923050214
0.4490392536260322
0.44901650975343005
0.4488127426058198
0.4489438672932753
0.4487697535785041
0.4487524096914344
0.44851640242952034
0.44808265458635016
0.44820623793048825
0.4481513609183563
0.44830874158056916
0.44842129811492365
0.4485669861076435
0.44850620387649975
0.44843790562110947
0.44857476747443475
0.4484678438562951
0.4484188640211595
0.44836116887777533
0.44825574721350914
0.44817684366643457
0.44810031649116183
0.4480180148902778
0.44800009923827855
0.44804425780874807
0.4477283269030625
0.44744523103188055
0.4472944985197984
0.4474199757022279
0.4473465772483378
0.4472084485201702
0.4469539835430078
0.44695060597477126
0.4467491712515732
0.44660891775271055
0.44651968543799037
0.4463845222556578
0.4465229725488293
0.4465210734783422
0.4461426970625926
0.445969684682807
0.44582480105616495
0.44572058690943134
0.4455182592127651
0.44566277053942976
0.44563026980340315
0.4457729968839234
0.4459156082680414
0.44575523534481926
0.4458995775085488
0.4460307822656515
0.4461567701102588
0.4462792574571779
0.44630147376695134
0.44644621288094105
0.44660689210184706
0.44656125931859086
0.44671055464024284
0.44671378372059306
0.4468657419391008
0.44661374647472885
0.44673546102655887
0.4466449977902053
0.44679046746074186
0.44663968755901695
0.4467769148575958
0.44652496271245207
0.4466596653153758
0.4464972659828719
0.44665785055137947
0.4465301519604245
0.44667334600039976
0.4466857623788687
0.4467043646768946
0.4466737081132903
0.44677914420855097
0.4467930654435393
0.4469206849804606
0.4469701670437606
0.4469443886704258
0.44705372487780626
0.4470268652606282
0.44710189784366766
0.4472427908918425
0.4471472086815642
0.44727896739042744
0.4474082759133812
0.4473824796954146
0.44736410481165595
0.4474804701557236
0.44733742538077015
0.44731705735809046
0.44721841759423164
0.4471656709279144
0.4472689515775887
0.4472907267611401
0.4472248073265314
0.4473309797637242
0.44721609004057716
0.4473580553283772
0.4475017849542765
0.4475904885790041
0.44752323035199937
0.44766192399276833
0.4477949760448691
0.4479380228111744
0.44791933551590146
0.44805480397431807
0.4481847367331924
0.4480497303794838
0.44817990745698655
0.44818796551404083
0.4481780962042648
0.4482899914233512
0.4484126596349968
0.44840408023635886
0.4484607935504613
0.44835232844745265
0.44833664984418237
0.4484742660859818
0.4484059692711453
0.44857379406007797
0.44851074872128605
0.4484789949392129
0.44836845560502536
0.44847585461270917
0.4485927277459747
0.44857034812881
0.4484944049629391
0.4485999013275675
0.4485132653442027
0.4484242280911178
0.44830609649465697
0.44839923889500966
0.44829893185073905
0.4482702047376916
0.44827591328511823
0.4481727172156576
0.44830086200761504
0.44827307067765415
0.44820395447525513
0.4482883208278749
0.44816715545638236
0.44829130846463333
0.44828385528579096
0.4482744935556468
0.4482990935126799
0.4481546258128222
0.4481343218093965
0.4480039914349379
0.44788569967836317
0.4477406119881531
0.44786064644776163
0.4479898649976675
0.4481220277430377
0.44820195882022834
0.4481077359934403
0.44821888493158324
0.4479834237574073
0.4481031139332433
0.4482515386610948
0.44797700725075174
0.4480107139687096
0.4479501479721372
0.44803969700651974
0.4481877554417517
0.4483279768468588
0.448312971473019
0.4483049247832395
0.44829921243434967
0.44829344003058086
0.4480136899055743
0.4481493302273524
0.448276081064749
0.4484199170686644
0.4485644031072718
0.4484269808891875
0.4485541094430588
0.4484293131372199
0.4483009279468707
0.4484006874279748
0.44853456286632115
0.44866977819689
0.4486621238386548
0.4487779962678212
0.44893437933840613
0.44905308169103364
0.44916250295375215
0.44906010610802916
0.4489371379782612
0.4489487143415978
0.44883291519401475
0.44895429378602714
0.4490876519728931
0.4489850475145239
0.44896138724213197
0.44886617370545706
0.4488060672062602
0.4487349501339149
0.44872821081154196
0.44867099215450373
0.4486759451442467
0.4487002457731024
0.44883004721187747
0.4488408110997406
0.4489782623408436
0.4490860374955712
0.44893526281362955
0.4489122738735886
0.4490418067233171
0.44918271396072834
0.4491786971475102
0.44933379261789397
0.44947688803098124
0.44960316986551735
0.4497412156328563
0.4496489399134824
0.44965016535888236
0.44979552268615547
0.44991633015131943
0.4500169966290858
0.4501535411129644
0.4502899368517873
0.45016151682600297
0.4503143298445224
0.4504505685064511
0.45040419470092696
0.45038927749625385
0.4505288066708571
0.45068636467697837
0.45069587143192813
0.4508426725465171
0.4510082838008168
0.45113601456871494
0.4512903324059002
0.45126154345912967
0.4513927241033546
0.45153234624006616
0.4516569964888301
0.4517972610706543
0.45195305725879587
0.45207636641821813
0.45221842501661896
0.4521481976522588
0.4521995866576335
0.45234417729237814
0.45245278580364723
0.45258424118246426
0.45273330746689877
0.4528800493337193
0.45303076068974374
0.45316217718259955
0.45330645964968497
0.45344667153198315
0.4535721488612886
0.45370216480227854
0.45385524252777726
0.4539802379292138
0.4540506082712079
0.45418397476158606
0.45433576018443717
0.4544829378631915
0.45460105164151615
0.4547401998082605
0.45480930986139484
0.4549356267211942
0.45505341912898706
0.4551697738201173
0.4553103816663979
0.45540925091229156
0.4554832566287523
0.4555766072735339
0.45571298276472577
0.4558560466254771
0.45597947525400656
0.4559784885930617
0.45609202036073454
0.45623033603729624
0.4563439090549378
0.456330503321083
0.4564708733382711
0.45657802784985857
0.4567293031754159
0.45688194364815676
0.4568506276596757
