0.0
0.06451612903225806
0.05782556750298686
0.2655913978494624
0.2124731182795699
0.27514313643345906
0.29865630188210834
0.3687906716938975
0.337354111153282
0.3294432887591953
0.3141259935396277
0.2857073517851908
0.2636239262245174
0.2644858248442797
0.2543865336020657
0.2898919367638721
0.2885727380572139
0.3195043581416828
0.331191676552446
0.3579440094903482
0.3453424333677591
0.340915174784246
0.34302534711338006
0.33448095911768055
0.32333159381375787
0.32812336920039803
0.31976126446837017
0.3044967110100272
0.29603846903752645
0.2996204409168211
0.29283218369971176
0.28131557451472616
0.28195890947027696
0.2804724485646827
0.29062700035350186
0.3039217089876216
0.3067665111551875
0.3083449339168299
0.30296274779356264
0.2999195519987175
0.2978235999831334
0.2919839215520916
0.29174733152047627
0.30074789534005597
0.2966265531352199
0.2972820313530433
0.3096104167679022
0.3215136854443177
0.32006472204221903
0.3280636433415154
0.3390789934506709
0.335999463687727
0.33066613886728685
0.3359161471141522
0.3341421239432034
0.33903219074796026
0.3351181809869953
0.3252581389489738
0.33437627220642013
0.3285636324523461
0.3300492838881422
0.32720388988822563
0.3238714170221986
0.31751997356891964
0.31658486307971634
0.3245315507183243
0.3322955558824815
0.3307921972929078
0.33214973331462583
0.33218832896740974
0.3375151878698736
0.3379139624670026
0.33886825158389133
0.3367751555724212
0.3419847443104158
0.3395916620885459
0.3361614432795707
0.33487530054488823
0.335160063545794
0.33467530101803405
0.3323291646568294
0.3279038472347946
0.3280546662930873
0.32766622243456617
0.3205128252427312
0.31835716375317674
0.32141251026996176
0.3187444784836981
0.32456717524879464
0.33029118223821163
0.33591898742948717
0.34145299586757477
0.34414071215517056
0.34951660795717737
0.35480509081931416
0.3600082755707713
0.36246154269953845
0.36752137172573257
0.3725015184050575
0.377403850292518
0.37507454197182466
0.37834319934127214
0.3801864841997377
0.3826353253180944
0.38724252438288476
0.3873370242022708
0.3868242267193394
0.3912999622907311
0.39571083212920405
0.39766015467983323
0.39767686786069156
0.40194866312409094
0.4061602922570199
0.41031301748599175
0.41440806597567237
0.4087312431540878
0.41080984499852063
0.4111526059210878
0.40988461676874643
0.40479529768096206
0.4047637496699031
0.40444212748614916
0.4083093863985768
0.4067971519281231
0.40602097970880363
0.40418420314265535
0.40415772084428414
0.3978690676608503
0.39990242358438044
0.4005743962143177
0.4042294303837426
0.40517349444202294
0.4005590519896499
0.40068103758244333
0.4019514729540538
0.40142627878145265
0.40054074498740905
0.3987657295818898
0.3943044947346536
0.39283410505828337
0.3962839112795431
0.3952288736603329
0.396736861399257
0.39706260361545803
0.39510987868716796
0.3978081246445544
0.39600229876482124
0.3943308153466164
0.39412516837484385
0.3930639155638488
0.39608853672132255
0.39925037684320047
0.3992542811304755
0.39756940959132314
0.39861997974936086
0.3980439302899983
0.3966579204915719
0.3960531990594078
0.39506800710433543
0.39809266706881374
0.39656031593956637
0.39748493483755526
0.3968703650734652
0.39497969261897536
0.3979310111915657
0.40085367618578144
0.39988336857135737
0.39849504041049083
0.39666811039257777
0.395086434290862
0.39493738182330507
0.3962191237329436
0.39905377573419737
0.40123888270117153
0.40068592483361476
0.4017900421155516
0.40062971934082553
0.40010258432419005
0.40028030946537596
0.39899561287154944
0.40020679411044136
0.4017231693859041
0.40098941184648407
0.4033201596644771
0.4052703156800034
0.40642693670206825
0.4056730476313414
0.40827974479085305
0.4090773122274543
0.41163541910092855
0.4141714733289418
0.4148463964967513
0.41532276142400315
0.41781074967326276
0.41604036514074894
0.41810248134168204
0.4189717986469691
0.4187402696301883
0.4211621851733958
0.4233199207975238
0.42570289633141833
0.4243088783289809
0.4260827880782181
0.42485387873912334
0.42719187110197243
0.42951093235257176
0.43181129149631137
0.43409317385978
0.43464251545005517
0.43327305957539
0.43552197600564635
0.43775311444040665
0.4382169035786553
0.44026311179991545
0.4411475006861137
0.44332202402974746
0.4454796906032756
0.4413652490729783
0.44349744277880665
0.4445764362559699
0.4454176871287377
0.44420856378108203
0.44554612557137874
0.44671367399020523
0.44753439411213236
0.44942654037614094
0.4514657013377108
0.45348981314089265
0.45525394372983546
0.4572493505293599
0.4589494511590955
0.45909872588215334
0.45939404194076594
0.4613386676891805
0.46229183636152293
0.46421222266023177
0.4661189407290566
0.4657555273351109
0.46689940774809824
0.4687765225095486
0.469938710149866
0.4717920713031881
0.4736325170477763
0.47430277451173075
0.4760650713382544
0.47501671628963893
0.4768146042475511
0.4759579211327571
0.47637983296563885
0.47645990132846716
0.4762981159475312
0.47806142195444185
0.4798128936928498
0.4815526499012349
0.48328080773489746
0.48489366219424995
0.48659931231943454
0.4881872417688221
0.4890484679472142
0.48912004658808206
0.490784150670857
0.4904893969349127
0.49213829856295505
0.49184107824501005
0.49326066748966707
0.4948848320169438
0.4951293807051599
0.4964922709674904
0.49627664924559806
0.4963001404175501
0.4965004544413943
0.4974518636751204
0.4986751043789134
0.500236864178356
0.4997542266691279
0.5013029751933721
0.50249922801342
0.5038248714144044
0.5040322447273312
0.5055489656914679
0.5064466822594818
0.5079468443194832
0.5067098464058133
0.5082001489846477
0.5071328176739897
0.5086128993025962
0.5099415461681004
0.5112938489048015
0.5115578553068705
0.5121979587845139
0.5126170362846963
0.5140547441422636
0.5154839948947864
0.5166382673704348
0.5145976166374683
0.5140706855813516
0.514899466202855
0.5163014908670086
0.517695434697363
0.5190813673562786
0.5204593577076934
0.5218294738285285
0.5216577045627447
0.5215349980213128
0.5228865940721
0.524230575497249
0.5252068797003322
0.5244756305790322
0.5242494207582128
0.5245709501449954
0.5258879281224331
0.5266089151881216
0.5279130228597796
0.5286605145552198
0.5283080199947946
0.5295967958964481
0.529970283282743
0.5312475379477355
0.5319883242978756
0.532127094592566
0.5318277025089714
0.5328418509137616
0.5326506890119511
0.5335183151299482
0.532463415714889
0.5322911960028737
0.533528520881173
0.5333520549817984
0.5345768527377517
0.5346053283731359
0.5358204580640676
0.5370292589545258
0.5382317803598388
0.5394280710842951
0.5406181794277465
0.5409430466628984
0.541266243629489
0.5410551630994149
0.5422259407445694
0.543390760233769
0.5445496669336833
0.5457027057515728
0.546849921141089
0.5466144944016865
0.5477507989269955
0.548881421929678
0.5500064059148908
0.5511257929648538
0.5522396247440974
0.5533479425046317
0.5530851447583035
0.5541832156557033
0.5549257637966032
0.5560139648631152
0.5570968576317417
0.5581744808491826
0.5587074985601744
0.5596791511060336
0.5597075313483586
0.5607684770559529
0.5610230400117479
0.5620757425536861
0.5625917761307773
0.5622937200539639
0.5619984891532342
0.5630339537178839
0.5640645340157191
0.5650902645239173
0.5661111793959269
0.5671273124652573
0.568138697249217
0.5691453669525988
0.568824506781125
0.5698225982006131
0.5702702050491946
0.5712603658670535
0.5720691395617888
0.5713304488747205
0.5714532624928562
0.5724316797017767
0.5734056394291074
0.5728201481433236
0.5730329520402019
0.5739989408364911
0.5749605685095464
0.5759178645264168
0.5765498308019592
0.5774992706432105
0.5771532917564104
0.5764929279200327
0.5761015910510303
0.577039419389413
0.5779731072053305
0.5789026818590631
0.579828170470362
0.5807495999210848
0.5816669968578002
0.5818525856565095
0.5823278523544256
0.58323583528409
0.5834168132263515
0.5838856080029179
0.5847843431908166
0.5856792045201467
0.5865702169835443
0.5874574053591161
0.5883407942127368
0.5892204079003164
0.5893855385160229
0.5902591863064144
0.5911291243397341
0.5919953761949466
0.5928579652516168
0.5937169146920143
0.5945722475031889
0.5954239864790226
0.595014292587033
0.5958615430209513
0.5967052558747699
0.5965037865916973
0.5973426560582427
0.5981780447386198
0.5983198431277048
0.5991497608071931
0.598798052905676
0.5996235713153352
0.6004456995056527
0.6012644583181411
0.60207986842383
0.6028919503250059
0.6024736903643351
0.6032800317631904
0.6040831086219693
0.6031735390163616
0.6027583537486901
0.6035560277371466
0.6036825019634583
0.6044751369595314
0.603838887755449
0.6046280533176892
0.6045620503715875
0.6053466494779931
0.606128141261205
0.606906544144088
0.6070244142082352
0.6044340745168141
0.6052081761322411
0.6055886289132328
0.6063574619952733
0.6057336425861664
0.6041610315683904
0.6042819322165496
0.6033566775211509
0.6034786620859784
0.6042412031204285
0.605000816934017
0.6055446638151566
0.6045461717874667
0.6037741371084829
0.6010940300091763
0.5990121005225355
0.5983548272635477
0.5984832329767116
0.5992365477366052
0.5986578856682233
0.597359346056796
0.5973111475909443
0.5980582512132245
0.5974557864382505
0.5979944797884366
0.5981211812402414
0.5988612895620826
0.5994761278778385
0.599110116634026
0.5998443471896413
0.6005758931728412
0.600209496476401
0.6009363883009894
0.6016606416797535
0.6012929720895916
0.6020126598656032
0.6016486730910705
0.6023651323121297
0.6030790189686609
0.6027102210474851
0.6034196670813289
0.6041265838958007
0.6048309849920714
0.6047255206234435
0.6053419309634391
0.606040440820141
0.6067364824441337
0.6074300688948495
0.608121213139753
0.6088099280551488
0.6094962264269819
0.6101801209516281
0.6104245612996148
0.6111044486271896
0.611201246916457
0.6118774186609501
0.6114896286482606
0.6121617919204955
0.6128316333852268
0.613499165051804
0.6141643988468957
0.6148273466151999
0.6151449669469062
0.6158039652911753
0.6161188303077716
0.6167739176280654
0.6174267729643039
0.6172270675681061
0.6167015416599978
0.6173512000639639
0.6179986599623328
0.6186439324961802
0.6192870287314312
0.6199279596594928
0.6205667361978802
0.6212033691908367
0.6211554449419285
0.621788964264768
0.622420368331104
0.6230496677172188
0.6236768729290039
0.6243019944025437
0.6249250425046954
0.6242036255290074
0.6248247765611908
0.6251138445866674
0.6232659931355016
0.6228687577056933
0.6230768284786791
0.6224422268476603
0.6222428095400907
0.6225318456221394
0.6229127076538289
0.6235238702022019
0.622478558828366
0.6220841029223165
0.6216921796384568
0.6222984421710874
0.6226741932350423
0.6229574612969672
0.623558805058854
0.6231659312748831
0.6236353804616196
0.6229992264865968
0.6227580698549632
0.6229590839626172
0.6235537857229285
0.6228867718871444
0.6215197804526479
0.6211230739827088
0.6207445643765129
0.6213362265225714
0.6207578211853089
0.6201478890039498
0.6195959604221936
0.6201857341269653
0.6207736819069546
0.6213598122285822
0.6219441335060072
0.6215271954749523
0.6221094613280677
0.6210775742863076
0.620197622479112
0.6207774734371592
0.620974458995944
0.621551362406909
0.6193029426646585
0.6185113039223222
0.6190867016539627
0.6186563501956486
0.6192297992930987
0.6198015263211871
0.6203715390253532
0.6207034757381266
0.6212704361630322
0.621835704168759
0.6223992873220098
0.6229611931444472
0.623521429113029
0.6238680484424501
0.6231602003246186
0.6237168322296044
0.6242718221525696
0.6238879702254471
0.6244410761515861
0.6240761463094993
0.6246265472665864
0.6243802224180639
0.6249285724583296
0.6254753238104311
0.6260204834555396
0.626564058334238
0.6271060553468153
0.6261972059912402
0.6267381651721501
0.6272775608872193
0.627815399904698
0.6283516889538268
0.6269565896834339
0.6265928172201576
0.6271270191983834
0.6276596948852429
0.6277153396381407
0.6277708258589791
0.6275343644588077
0.627589950115353
0.6281181913208631
0.6286449360923634
0.6291701907796443
0.6296939616966222
0.6302162551215917
0.6302675937294017
0.629381141417546
0.6290182209647619
0.6295378032883406
0.62958973176859
0.6301070645454496
0.630622954274117
0.6311374069840416
0.6316504286711292
0.6321620252979748
0.6321387556587054
0.6326482587672113
0.6318214219566205
0.6323292544780597
0.6323765511890632
0.6315067072396973
0.6320128793451373
0.6325176627753908
0.6316991009985315
0.6301360025767396
0.630639904480586
0.6311424352227892
0.6306662929933914
0.6303039728721472
0.6300358542536653
0.6292391035894547
0.6297401318278473
0.6295650439306437
0.6297947406369366
0.6292162820358103
0.6292666185742926
0.6292049631578618
0.6288642058345938
0.6285091484822535
0.6281024842788339
0.6282348878075307
0.6287305746237872
0.628248465558598
0.6275769751406117
0.6271521615052222
0.6258024791140124
0.6253395949736044
0.6258345228534279
0.6254310472296107
0.6244430707895328
0.6242795450723323
0.6246043683357477
0.6215923410714751
0.6215842475568899
0.6218599625123279
0.6211600453873181
0.6208480873815585
0.6210804504329442
0.620839131985098
0.6210709054236684
0.6209862602688
0.6212172457394209
0.6217053678454268
0.6210249532868277
0.6200467120717139
0.6194490190483478
0.6187334710861938
0.618167917527561
0.6173881524318274
0.616901408438471
0.616039594891684
0.6155564153520334
0.6147762424555163
0.6143472371726175
0.6140911277778133
0.6141575110339861
0.6137433329440495
0.6133301981238608
0.613816575233139
0.6132075497090578
0.6126311866025799
0.6121419523113764
0.6111671529861535
0.6109391932802675
0.6104041296749532
0.6098574602375355
0.6100939559337575
0.6098207699388847
0.6093361717109554
0.6080855217830224
0.6078189431916176
0.6074217734536678
0.6062454118196631
0.60611488920072
0.6059681058845062
0.6055172812916272
0.6056154416397578
0.6052825784266692
0.6052412426427888
0.6057226557615171
0.6056875771027613
0.6061672759140719
0.6057007570152969
0.6061792755140647
0.6047115290842485
0.6040760954587442
0.6037062841603948
0.6037822315458066
0.6034755581417393
0.6039527235350706
0.6044287418962063
0.6038075267459577
0.6034524725264689
0.6024075304071871
0.6023311313726044
0.6018635838599754
0.6016002808767721
0.6014509834902408
0.6008349101844657
0.6004952188597986
0.6000794475444252
0.6001583423538118
0.6000792595029
0.600551979054315
0.5996798499310011
0.6001513695423898
0.5996929871262099
0.598676493416211
0.5978254808265877
0.5978572638899484
0.5975402935025126
0.5966469261849909
0.5964290005653317
0.5960932602247816
0.5958330973479303
0.5952639906896319
0.595346728436998
0.5947583138459125
0.5945331597258594
0.595001366238878
0.5945247997055207
0.5947999247442626
0.5948346774200459
0.5944793666249819
0.5940692733631773
0.5934386181540847
0.5933315865181694
0.5934154939325269
0.5930537883130875
0.5925110865670948
0.5921091354991734
0.5923459132491743
0.5925821522557168
0.5923274237334165
0.5913904102501478
0.5913548605216652
0.5901260790235802
0.5898704472906375
0.5894559622567385
0.5895033980507831
0.5893802221249668
0.5885524062173779
0.588515414232331
0.5885282749106823
0.5879018112372808
0.5879898166623415
0.5880776256467213
0.5880463239458887
0.5875628048255105
0.5864687499153162
0.5862617923682403
0.5863509330271077
0.5857015964456823
0.5850260128071283
0.5850110045936862
0.5848070233317306
0.5844981947753229
0.584483832551865
0.5838971324063634
0.5833146043872198
0.5830408023378728
0.582793649224968
0.5822017841584949
0.5819109410247892
0.5808635447902345
0.5805035191702234
0.5801360416954995
0.5793114515833617
0.5787572643228917
0.5790585474320041
0.5785275782865772
0.5785777644871316
0.5780435202248299
0.5774910660831801
0.5776765595605101
0.5774857147059875
0.5772447870898552
0.5774835386578188
0.5773241038504457
0.5777761636324239
0.5778711321185716
0.5779658978971715
0.5776162540827822
0.5769546592159392
0.5772861514897681
0.5775636711563601
0.5771356217102539
0.5770227537161691
0.5771176149997146
0.5775646365483407
0.57740099807461
0.5774410229611326
0.5770086289018753
0.5773578216255231
0.5770049030212366
0.5766617709089373
0.5762538445243368
0.5757376973921996
0.575396967583212
0.5748392556700285
0.5745737792241442
0.5741049848766737
0.5739358804193879
0.5736359620065835
0.5730396668277825
0.572998434913458
0.5726746497789185
0.572166964774681
0.5718704299102292
0.5714858689692673
0.5714589771061322
0.5715572306557303
0.5711741819643327
0.5711809827839139
0.5712792190842048
0.5716056421775293
0.5711654486463995
0.5711657185159197
0.5711542782305549
0.5704975210153596
0.570425511290114
0.5703536485234915
0.570281932266077
0.5705498053832535
0.5709866824886622
0.5713007204129623
0.5717359481079746
0.5721702929881897
0.5726037577369352
0.5730363450266751
0.5733236114696642
0.5736176348718777
0.5737511007831485
0.5739287710444558
0.5743578457966769
0.5747860572194167
0.5752134079156785
0.5756399004780122
0.5759743548497402
0.5763992302456824
0.5766564215400645
0.5770575428963022
0.5774478369947913
0.5772934046179322
0.5772616926068133
0.5771199223740658
0.5769438588329385
0.5763709255073844
0.5767911924463652
0.5772106263487969
0.5775467214382206
0.5779645782913975
0.5782718157524621
0.5785471079947034
0.5789627420104878
0.5793045776596656
0.5796330608295487
0.5800464009860584
0.5804589290793923
0.5802818349389808
0.5806933233360995
0.5810387102215031
0.5814486527751025
0.581159567372306
0.581568591232294
0.5819768169969454
0.5823842469998723
0.5826246404231276
0.5829917370764125
0.5828570944207935
0.5828737380184432
0.5831705519378132
0.5833591248310691
0.5836241623260466
0.5839623723560343
0.5843256937354004
0.5844856110194396
0.5847657598998452
0.5850281655811969
0.5854061729076613
0.5858048208183271
0.5847466210828229
0.5845842712340052
0.5847609664473993
0.5847233886070619
0.5841649135463102
0.584004446599606
0.583659892100199
0.583580291822273
0.5834818314688298
0.583349792164913
0.5832707126657053
0.5827457278809093
0.5828251984668805
0.5822738028202704
0.5814316684171418
0.5804169524674385
0.5793510728273817
0.5789059198556139
0.5791967106333187
0.5790555435461004
0.5792156038985854
0.5779666339530245
0.5780493765208543
0.5779579977915711
0.5769468810675323
0.576782432293306
0.5762276926745388
0.576086530280697
0.5762474123063392
0.5761769433485701
0.5752816152075377
0.5746825698756638
0.5745481530023389
0.5749391933028881
0.5750234242242507
0.5749545953946871
0.5747942337123821
0.5742678653664917
0.5737424601831738
0.5733398924255414
0.5730772206385905
0.572919303466475
0.5730047614092281
0.5723511120599302
0.572219803326609
0.5724781197851914
0.5728653678650961
0.5719151154378797
0.571493949411216
0.5718109764388677
0.5718964320156494
0.5717245651830093
0.572109704962521
0.5715956800703714
0.5710825780236296
0.5714672573258506
0.5709551898909707
0.5713392944658221
0.5711264089907484
0.570999014012715
0.5704891934644895
0.5690064780210078
0.569389583373878
0.5687617741982383
0.5680079606914399
0.5680951920848751
0.5684767334346235
0.5688576012780174
0.5692377973968199
0.5689124777515364
0.568537429041242
0.567889735844333
0.5682691127224327
0.5681604945923644
0.5677229880390331
0.5677731430407502
0.566444320990703
0.5668226418275348
0.566764383203448
0.5668514060984507
0.5670108043524992
0.5667109881941249
0.5670874339037738
0.5674632260618435
0.5672601645763895
0.5666530880247206
0.5670276315960043
0.5668258230482819
0.5671995712596294
0.5667106061119918
0.5665670138586653
0.5657235840273703
0.5655813320239134
0.5650962708472205
0.5649848046300163
0.5640190186391958
0.5639169054246828
0.5637460175903924
0.5618285141292007
0.5612471014554198
0.5616189259457118
0.5602846277724718
0.5590715482176822
0.5594423879584579
0.5596445372122744
0.5600142731172179
0.5595444624854081
0.5593149317420962
0.5589367198619142
0.5593055018687186
0.5596736676984022
0.5597629773803456
0.5601301475409959
0.5604967057513783
0.5585373523230962
0.5586269375048224
0.5589923125565569
0.559357083183061
0.5585225909529599
0.5582976871563905
0.5586615276117806
0.5585650448361034
0.5589277687105191
0.5585898087560647
0.5585417843226581
0.5584938385533521
0.5573232464274636
0.5575677974965626
0.5571157326797929
0.5568750419097297
0.5564226657587064
0.5561739460624736
0.5562635589745614
0.5556326328331721
0.5556243981346457
0.5556602717012304
0.5556153118694847
0.5556280747908399
0.5559864392466537
0.555449062482583
0.5551231387989153
0.5553198270408438
0.5556767132149684
0.5549425017340677
0.5551385477326805
0.5548946320270588
0.5552501474966857
0.5551620292391153
0.5549473298418843
0.5543295404016693
0.5521485834175192
0.5524040038420307
0.552757834669033
0.5528478100497578
0.5527644538824869
0.5526440721221382
0.5522089193094436
0.5512600686993668
0.5511797237641014
0.551531188350034
0.551450607914772
0.5510197871273386
0.5513702790967941
0.5513302086762819
0.5503929451967289
0.5507422902276561
0.5504049605815826
0.5495139273913777
0.5493701705748618
0.5497184161926556
0.5498087237219792
0.5497274241237712
0.5500745887929125
0.5504212185396051
0.5507673145992359
0.5510029880935002
0.5513481049358573
0.5516926916448159
0.5517809295381558
0.5517412202363627
0.5517015717917372
0.5520448324565215
0.5523875678563251
0.5527297791958845
0.5530714676762544
0.5526492757161962
0.5529905043388382
0.5529501152349214
0.5532905949643694
0.5528907794133263
0.5532307864251793
0.5535702767090508
0.5539092514419975
0.5532882061735597
0.5536266241991857
0.553964529858384
0.5543019243138617
0.5546388087248112
0.5549751842469224
0.5553110520323964
0.5552276894822346
0.5553116043746926
0.5556462081336282
0.5557296821626003
0.5560634690279929
0.5563967547119057
0.5564794778266505
0.55623531722166
0.5565677252237411
0.5568996356090528
0.5564831063378417
0.5561383791247627
0.5562209245224788
0.5563033467181088
0.5562613606280878
0.5561662116474196
0.5563105406037507
0.5565231854866035
0.5568529080252752
0.5565210304088061
0.5566645608016778
0.5569361785646691
0.5568655135890942
0.5570877766117098
0.5567570235543877
0.5570843817349237
0.5574112567299532
0.5575047665157835
0.557830849959766
0.5577146269480135
0.557650516284545
0.5579757732578651
0.5583005522635537
0.5582577471591017
0.5585432282111146
0.5585736217388191
0.5587504908804023
0.5590735139471077
0.5593960644123988
0.5596137155766755
0.5598542379823089
0.5599322032587208
0.5601073074138931
0.5597901738079064
0.5598680153904692
0.560188344345789
0.560508207368083
0.5604642333801702
0.5607834314677663
0.5611021662780219
0.561420438818792
0.5614276910887991
0.5617452669822902
0.561660389397241
0.5617363158450136
0.5614267761177653
0.5616402895336678
0.5619565663810462
0.5622723871695242
0.5624676760356364
0.5627826741090449
0.5625576506024916
0.5623045727198079
0.5623795454884479
0.5620005815352047
0.5623147848483072
0.5621723630409868
0.5620833546472274
0.5620577698366597
0.5619691158797502
0.5618059211741496
0.5614052036840111
0.5617178157982777
0.5615368859491994
0.5618489593399828
0.5616525619903202
0.5618219631545062
0.5616004986920384
0.5611312344822189
0.5610446463313942
0.5613553012172177
0.5612816007617196
0.5612513795021837
0.5614729533867161
0.5617824290723994
0.5615544059165538
0.5614048650315467
0.5613431333957232
0.5610890243005082
0.5610460945575002
0.5613543487045806
0.5616621702142616
0.5612682977246303
0.5615757481116487
0.561096917870855
0.5614036286200718
0.5612443616540894
0.5613179292081806
0.5616238441808388
0.5619293327911656
0.5618165686318404
0.5618895332094568
0.5611085887574631
0.5614133744597148
0.5617177371422549
0.5620216776851521
0.5623251969660356
0.5622389337176397
0.5621958915781392
0.5624984514319208
0.5624552895179484
0.5624121871787366
0.562713971877234
0.5626707506698755
0.5629719416129403
0.5625844867322707
0.5628853227111343
0.5631857451697521
0.5628702305344241
0.563170045191122
0.5634694488613132
0.5636314560881205
0.5639301340784777
0.5642284034806128
0.564526265132369
0.5648237198693005
0.5649842497533487
0.5645548233733169
0.5648514481530353
0.5651476690868998
0.5654434869990856
0.5657389027115267
0.5660339170439238
0.5663285308137515
0.5666227448362658
0.5669165599245124
0.5672099768893333
0.5675029965393743
0.5677956196810933
0.5680878471187667
0.5679497042245217
0.5677591333815034
0.5680507938852946
0.5683420610505776
0.5686329356725112
0.5689234185441122
0.5692135104562628
0.5691204815443592
0.5694098566407029
0.5696988433140984
0.5699874423460809
0.5702756545160902
0.570563480601478
0.5708509213775145
0.5709150121770389
0.5712018336929634
0.5710874704106034
0.5713737938615976
0.571659735293311
0.5719452954697821
0.5722304751530134
0.5725152751029782
0.5724188452158732
0.5727029522954639
0.5729866820748162
0.5732700353050253
0.5733319694107027
0.5736147182712656
0.5738970926300264
0.5739584887743259
0.5742402622605862
0.5745216632769375
0.5745384917688285
0.574819324447529
0.575099786634569
0.5753798790626279
0.5753772760931719
0.5756568170569025
0.5756070428351546
0.5758860651607067
0.5759855307731325
0.5760450718997862
0.5761920239523454
0.5759781275431963
0.5762559924661693
0.5763152005042835
0.5764989882376857
0.576775967316667
0.5766756721274878
0.5767344129855421
0.577010515782029
0.5770689617734792
0.5773444868798158
0.5776196532295034
0.5778944615227828
0.5781689124580736
0.5784430067319799
0.5787167450392968
0.5789901280730156
0.5790862905887094
0.5793590797717368
0.5796315156009002
0.5784061072225887
0.5786781032824451
0.5789497486059251
0.5783651384982549
0.5786364608029536
0.5782643473233375
0.578092452778856
0.5783632535151982
0.5782627878055633
0.5785329589857007
0.5788027842360299
0.5787020134121987
0.5788434178764721
0.5791123556683773
0.579380950208474
0.5796492021534941
0.5799171121584951
0.5801846808768655
0.5801018134797447
0.5803689242854191
0.580635695471506
0.5805774065219617
0.5808437065813128
0.5811096686964262
0.5811639217071873
0.5814293438100344
0.5811996864128065
0.5814645822468275
0.5813616579483476
0.5809946366996429
0.5812589933957314
0.5815230167290254
0.5815766674221178
0.5814687831291924
0.5817321759654861
0.5819952374900361
0.5812640876941944
0.5815269476516995
0.5812157330882909
0.5814781292455038
0.5815314720992427
0.5817933422668903
0.5818464212690164
0.5821077672557233
0.5820052606798735
0.5821412524074593
0.5824017628486018
0.5826619486661416
0.582921810466474
0.5826942957768391
0.5829536529578354
0.5832126879559982
0.5834714013712956
0.5835230113373597
0.5837812115783161
0.583677457755928
0.5835739605911093
0.5837751453553243
0.5840322329740054
0.5842890032005646
0.5843640145205774
0.5843120021811689
0.5843627444266929
0.5846186786973661
0.5846691697668857
0.5845650896565391
0.5845008604859885
0.584166362695878
0.5841147268905431
0.5843697147955764
0.5846243902154321
0.5846531437715576
0.5843251923297176
0.5845794276860908
0.584833352241295
0.584577905273931
0.5844746985560861
0.5847280676423323
0.5849811279301799
0.5846606909030675
0.58491348415267
0.5846439092130786
0.5848004206744433
0.5850526682925026
0.5848998332378826
0.5843420408385643
0.5841610543203073
0.5838907756892731
0.583940882160809
0.5841925815666402
0.5840908382656534
0.5841407028963304
0.5839456086671939
0.5839955007407762
0.5842268126363417
0.5842764751990106
0.5838256941450465
0.5839556847077975
0.5837650062113785
0.5840149971986389
0.584264688076671
0.5845140793855632
0.5841636512804159
0.5844128042754546
0.5841149262619598
0.5843638102079431
0.5843133533836561
0.5845618211939467
0.5840628419049589
0.5842513485625336
0.5840912639621291
0.5843391237571457
0.5842293327364445
0.5841291193720942
0.5836510315080967
0.5837795047672961
0.5838286959613017
0.583877828802764
0.5841244928046592
0.5843708645506279
0.584616944559775
0.5845441170550286
0.5847898035617968
0.5849507687234878
0.5847324089020904
0.5845262506181642
0.5846238176873753
0.584868588566758
0.5845241429904525
0.5845724905617745
0.5848168596849735
0.5845456309550725
0.5847897287042176
0.5849682954453713
0.5845753707586319
0.5844762783500101
0.5838266370624913
0.5835338336683018
0.583485040541159
0.5834138516450688
0.5836569007397916
0.5833453199082511
0.5832482374156381
0.5834908170213333
0.5828387663884332
0.5824199318423633
0.5824135526430517
0.582365748958224
0.5826078557704222
0.5819941021203665
0.581806642869214
0.5817555728001784
0.581997332584687
0.5822388130395774
0.5821592550900421
0.5818233293802383
0.5815682610724763
0.5814089045795022
0.5807394642748627
0.580473012948366
0.5804930886254426
0.5807341845515199
0.5805050541651136
0.5807458664187501
0.5809864023531054
0.5812266624434993
0.5814666471641621
0.5812768037236328
0.5815164850036993
0.5812551067206426
0.5814943895168022
0.5812111006398805
0.5812598488235808
0.5814985832313211
0.5812351682539889
0.5814736448096529
0.5809692229351299
0.5812073086039167
0.581255837484134
0.5811005800892465
0.5807709711385436
0.5803307861200384
0.580163959109616
0.5800732758979537
0.5803106567482091
0.5804670591213135
0.5804216231760163
0.5803198051042466
0.5801889887673598
0.5802377085858946
0.5804740612274567
0.5803975110773255
0.579655461642003
0.5793111787604385
0.5791421577957622
0.5791911911340653
0.5794268063685927
0.5796621579039208
0.579710818143721
0.5799457478149654
0.5801804149949571
0.5801755284268018
0.5804098054756707
0.5806438212004472
0.5808775760381282
0.5811110704247364
0.5812329462207138
0.5814659829785208
0.581142586992437
0.5813754149040589
0.5810934427309764
0.5812995990383889
0.5811989888280458
0.5814312689229831
0.5816632915011855
0.5818950569906585
0.5818044149796008
0.5820357178474218
0.5822667649906792
0.5823594352862644
0.58223173907366
0.5822783110138658
0.5825085875789078
0.5827386103956687
0.5829683798833363
0.5830144438826668
0.5832438088750305
0.5834729216793872
0.5837017827114316
0.5838205626220787
0.583728603694353
0.5835846610627766
0.5838127088935199
0.5830830636281789
0.5831287127833065
0.582946873966285
0.5829925476120572
0.5829472954050713
0.5830655802577116
0.5824247923527364
0.5826518588060519
0.5828010386964524
0.5830276541018318
0.5828999659546302
0.5830487683915202
0.5832748807730866
0.5835007480463803
0.5837263706097355
0.5839517488606235
0.5841768831956556
0.584401774010585
0.584626421700309
0.5848508266588718
0.5850749892794663
0.585298909954437
0.585486630786896
0.585394511572686
0.5856177778561686
0.5858408038099597
0.5856172276734065
0.5858400141101412
0.5859924725750961
0.5862148181859581
0.586436925100512
0.586658793702926
0.5864134175444067
0.5866350609433647
0.5868564669096511
0.5870776358245816
0.5869775407813369
0.5871984084065875
0.5874190399360335
0.587325693390453
0.5875459037995296
0.5874103237619477
0.5876302542929914
0.5878499504814342
0.5876130001046374
0.5871011239747522
0.5873205176389527
0.5869329398306546
0.5871520735495773
0.5868728869043263
0.586705194681516
0.586437076309719
0.5861562281497522
0.5863748460957904
0.5864172388204847
0.586459586803517
0.5866776988357936
0.5864642778990421
0.5861895197288998
0.5857894069810958
0.585699244703659
0.5854178900583314
0.5854605403347664
0.5856780321813903
0.5857205013132651
0.5857629259282302
0.5856149484607079
0.5855178187126909
0.5850218367915183
0.5852386487890149
0.5848444307679574
0.5850608830981098
0.5851034082589063
0.5851458891226604
0.5848838573268339
0.5847357117952027
0.5846476746920388
0.5848633301049713
0.5850787616928773
0.5847752976048624
0.5847683786177311
0.5849835245355458
0.5842825671772393
0.5838936995628117
0.5835060352519873
0.5837207228626822
0.5833341237023177
0.5827774249847226
0.5826924378954159
0.5825644958202173
0.5827785653095402
0.582992415352949
0.5823532253600836
0.5819714881725107
0.581729381075047
0.5816460262753784
0.5815628413275686
0.5807191277034488
0.5806371377311752
0.5805893455224215
0.5807006649818216
0.5808471480205687
0.5810595924463059
0.5812718216294638
0.5814838358969932
0.5814014040953777
0.5816130312924983
0.5817522580867632
0.5816697217333188
0.5818807864549468
0.5819907810154838
0.5819854573211356
0.5821960439925103
0.5824064185927156
0.5826165814419392
0.582658860156841
0.5828686847620914
0.5830326155280858
0.5832420416378156
0.5834512574803669
0.5836602633722483
0.5838690596293334
0.5837850224954363
0.583743067051022
0.5838513037541996
0.5840594821915411
0.5842674524504454
0.5844752148430239
0.5846827696807646
0.5848901172745335
0.5842226730946142
0.584293913161436
0.5845008350563283
0.5847075510587878
0.5849039132097952
0.5851102233920965
0.5852453613124894
0.585425164221993
0.5856309085573667
0.5855884329082807
0.5853578608008102
0.5852733480673441
0.5852441755989652
0.5854492971738421
0.5853648611094411
0.5848909206324275
0.584807201775788
0.5846929257652876
0.5846095255429683
0.5848139499890593
0.5848542120238246
0.5847708172208528
0.5849747608273258
0.58489137048304
0.5850949549016358
0.5852983397276644
0.5851821480792208
0.5848126877152904
0.5847298223633458
0.5849325910047699
0.584849729940375
0.583954209531533
0.5840350104028071
0.5842373280047514
0.5844394488953665
0.5842602945011018
0.5844621098921208
0.5843801873801012
0.5842984236326398
0.5844997319020672
0.584135370588863
0.584336368476447
0.5842549234079037
0.5841736354933761
0.584133050326793
0.5840519972917961
0.5839711002780408
0.5836097772118062
0.5838097725157391
0.5840095757934559
0.5842091873213862
0.583848560794331
0.5840478670391612
0.5827163304878653
0.582629073405493
0.5828282958048221
0.5830273281064419
0.5826704524588386
0.5828691808148107
0.5819597528318775
0.5818819552496926
0.5815285685834608
0.581726802326434
0.5819248483480598
0.5815722362700247
0.5814864270846419
0.5815266633810907
0.5815668616829254
0.5814640157659613
0.581661438400034
0.58185867487415
0.5820557254514949
0.5819385693553487
0.5818614507018378
0.5820581292292594
0.5822546228215352
0.5824509317393822
0.5826470562430274
0.5828429965922091
0.583038753046178
0.5831405172333045
0.5833359506523231
0.5832578841880118
0.5832969332434794
0.5833359457532704
0.5832580252803828
0.583452764520906
0.5826751785174467
0.5825981280248861
0.582262582488757
0.5823962738032765
0.5825905080945307
0.582784561786723
0.5829784351316176
0.5825380939226177
0.5824998109477
0.5826933668999726
0.5826550474528457
0.582796888046378
0.5829900376352454
0.5822525785695682
0.582214569060063
0.5821386553305522
0.5823314847466434
0.5825241362758192
0.5818507792407602
0.5817754448834286
0.5816345676270498
0.5818268311529565
0.5814847106878538
0.5812719411227784
0.5813110950547105
0.5810839051676547
0.5806867177406176
0.5808784476364839
0.5810700022765037
0.5803373327318453
0.5805287846785917
0.5805680632385498
0.5804946527025694
0.5805338931460867
0.5807248199129752
0.5806514003405213
0.5805781141975496
0.5807685873518649
0.5809588875845695
0.5808854554869871
0.5810754439477818
0.5807389901986448
0.5809287010628084
0.5810730119171446
0.5812624002481043
0.5813763048721825
0.5814750508952754
0.5812210120406768
0.5810381061491868
0.5812269127710213
0.5813254592067101
0.5811879668299006
0.5813763663050109
0.5812784616275519
0.5810921192477942
0.5811305624407048
0.5813186493008572
0.5815065673218173
0.5816943167308251
0.5818818977547126
0.5820693106199054
0.5822565555524234
0.5822024946057087
0.5823895122894125
0.5822283636137672
0.5824152024493603
0.5823430689800396
0.5825296895926491
0.5825247315229019
0.5827111044106149
0.5828973109682184
0.582823394507257
0.5830093020854623
0.583105957184756
0.5831701454172084
0.5832073045276888
0.5833927105310128
0.5835779516557211
0.5837333984920223
0.5839183236814972
0.5831781877045308
0.5830002799005032
0.5831850383055096
0.583248850390969
0.5831677309352846
0.5831625366169189
0.5830815270916571
0.5832658411822443
0.5834499923792473
0.5834867488608231
0.5836706399209287
0.5833395059175059
0.583487012872538
0.583670498769951
0.5838538230769655
0.5840369860069493
0.5840733387041159
0.5842562440081159
0.583742837818302
0.5839256472878592
0.5841082962574432
0.5836907930181743
0.5838732247477895
0.5840554966598579
0.5840916661738714
0.5842007434899149
0.5843826329284583
0.5844769124942962
0.5846585222353389
0.5846047345286125
0.5845308761833234
0.5844571466794566
0.5844639221168239
0.5846449835886683
0.5841887024193322
0.5842245936135216
0.5844054441600142
0.5845861374451621
0.58451264818587
0.5846930595414124
0.5848733142898753
0.5845462141846002
0.5847262201576572
0.5845371434699094
0.5844878149382315
0.5846676125085741
0.5848312350649991
0.5845053198575715
0.5846847217056468
0.5848639686967103
0.5848273578387739
0.585006388732332
0.5851852652889129
0.5853639877080042
0.5855425561887502
0.5857209709299518
0.5858992321300679
0.5858192754710873
0.585997341130816
0.5860893061754525
0.5861239184437047
0.5863016239317066
0.5864791768828089
0.5866565774933268
0.5865822898143783
0.5867594182249121
0.5865357594286839
0.5867127561070107
0.586638579241222
0.5865645291734944
0.5865275515873459
0.5864536911079713
0.5866301187141539
0.5865562652455144
0.5867324236327127
0.5869084319701775
0.5869423860930795
0.5856229477642799
0.5857987547444394
0.5853444955204085
0.5844034329206377
0.5839442006162864
0.5835716608715574
0.5837474432012866
0.583782430215407
0.5839579753734773
0.5841333725170804
0.5843086218333395
0.5842376250991641
0.5844126092636847
0.5839210931919742
0.5831894449174206
0.5827762847378082
0.5826716526273197
0.5828466330664697
0.5830214668329967
0.5828107330806578
0.5827414063890876
0.5829159915746988
0.5827767544389503
0.5826235100667836
0.5827143485498313
0.5825405608798718
0.5825756866025386
0.5825067874063745
0.5826808879954462
0.5828548434402167
0.5826582835517462
0.5828321035086176
0.5830057787361328
0.5825557368776955
0.5825906957013817
0.5825220987780416
0.5826492746975563
0.5824424593169142
0.5826155760419072
0.5824642789615079
0.5824991453746363
0.58253398292484
0.582411177919788
0.5825838780116326
0.5824697131905027
0.5826421751016178
0.5828144945999243
0.5828491013568647
0.5830211933117505
0.5830281948815189
0.5831176309100096
0.5831520557290276
0.5830616456416747
0.5829245268085576
0.5826166429350272
0.582651188772977
0.5825432794924621
0.5825778270847308
0.5826123463128022
0.5826810322601503
0.5828522049294448
0.5825234885170585
0.5826945153550277
0.5827835020399765
0.5828598210195879
0.5829395746843826
0.5828717581883202
0.583042223346396
0.5832125492355519
0.582940538991278
0.5827221295700735
0.5824844778043434
0.5826546838875867
0.5825259194143916
0.5824587158969531
0.5824043898391345
0.5816941405832331
0.5807846866131522
0.5803588826966077
0.5793551814041776
0.5792108269340152
0.5788471931950252
0.5786826676153682
0.578852622166552
0.5790224396576139
0.5787890569733505
0.5786364425265441
0.5786718956977644
0.5787073203237585
0.5778891629334507
0.5776570789322727
0.5770622248461127
0.5767141646601496
0.5764831093057184
0.5762522390176504
0.5761105136306226
0.576280137274628
0.5764496252197181
0.5765390096158718
0.5763688916406584
0.5763383928820159
0.576507519272083
0.5766402341123938
0.5767728430772836
0.5765871725302476
0.5767559301338625
0.5769245532692674
0.5769602928604253
0.5769075397360558
0.5769432576536565
0.5771115379807633
0.5771712442190503
0.5771803176513957
0.5772158704320931
0.5770307613140149
0.5771986728815758
0.5773664511859878
0.5775340963858347
0.5775574229282526
0.5777248595422327
0.5778446198989909
0.5778420788896957
0.5777804705961543
0.5776624721445729
0.5778294039737647
0.5779962038931745
0.5781628720590936
0.578329408627566
0.5782368358538377
0.5782059731966962
0.5782812984317254
0.5784475257480708
0.5786136220736231
0.578743782485997
0.5789096313905301
0.5790753497567676
0.5792409377387673
0.5794063954903447
0.5795717231650733
0.5795685234983793
0.5797336576211214
0.5797201989983627
0.5798851439752079
0.5800499595326911
0.5802146458230705
0.5803792029983652
0.5805436312103565
0.5805773652626308
0.5806632785886829
0.5808274025500965
0.5808609859867617
0.580969035212869
0.5811328471615739
0.5811662718663434
0.5813298787913956
0.581493357948447
0.5816567094871088
0.5818199335567588
0.5818530251063336
0.5817375714067655
0.5819005731326398
0.5819855359011896
0.5819536100694523
0.5821163373524149
0.5822789379993594
0.5824414121580528
0.5826037599760318
0.5827659816006038
0.5829280771788475
0.583090046857613
0.5830855198873378
0.5832473027666986
0.5832597687529739
0.5833244218089053
0.5834859239709949
0.5836473009861165
0.5838085529996773
0.583969680156859
0.5841306826026187
0.5842915604816893
0.5844523139385795
0.5846129431175752
0.5847734481627384
0.5848050793788465
0.5848366861693052
0.5849969190191047
0.5851570282324461
0.5853170139523719
0.5854768763217041
0.5856366154830445
0.5857412018627285
0.5859007162247375
0.5860601077889311
0.5861305851500092
0.5862897656941822
0.5864488238388597
0.5866077597251629
0.5867665734939969
0.5869252652860499
0.5870838352417942
0.5872422835014866
0.5874006102051683
0.5874821283761019
0.5876402417803273
0.5875731102278338
0.5877310071994157
0.5878887833160635
0.587791401736116
0.5878725522517044
0.5879536407256143
0.5879087934174632
0.588066200295455
0.588096211928281
0.588253427114568
0.5878347867734787
0.5879918619309583
0.5877979102717066
0.5876042538204598
0.5873807451655261
0.5872383044622456
0.587015189604927
0.5869491188459256
0.586979372184757
0.5871360567931847
0.5865191280940387
0.5862969617576395
0.586231634761608
0.5863881873023716
0.5863228654216137
0.5863532296700057
0.5862880081974453
0.5863183512168749
0.5864744574994346
0.5859673369907693
0.5859349575794733
0.5860908555623124
0.5861928698647515
0.5863485535104006
0.5865041200566546
0.5866595696355807
0.5867397426646541
0.5868949869386344
0.5868248048181167
0.5869799006121039
0.586773989208794
0.5869289295952923
0.5870837538345745
0.5872384620571918
0.5871196548437991
0.5870544699168678
0.5872088998084471
0.5873632142384253
0.5874758919942737
0.5874105627246738
0.5872209528519937
0.5870019222839773
0.5870316257680872
0.5871855461461088
0.5868545752684261
0.5870083896484454
0.5871372787231327
0.5870428576124966
0.5866361456443915
0.5865718039097875
0.5863540712431543
0.5860674584306594
0.5862209373114786
0.5860036574977975
0.5858737169495016
0.585804874832113
0.5857114014735424
0.5857637927858294
0.5853740440703159
0.5855273253848925
0.5854587639194879
0.5851740824099463
0.5842594395910722
0.5841973700223126
0.5839822752616269
0.584135391833117
0.5840676451841718
0.5842206177309963
0.5842509287783991
0.5841412129963102
0.5842939899202645
0.5844466546320087
0.5842845439448667
0.5838827103585928
0.5839506781102879
0.5838158663271363
0.583968314727749
0.5839375683657103
0.5840898606174066
0.5840225024539901
0.5840527307510687
0.5836257916204027
0.5837779195737749
0.5835507924128792
0.5835811266735559
0.5837330489184761
0.5838848603521309
0.5839150396471782
0.5840666741079481
0.5840967651799186
0.5836106294721267
0.5837620437886823
0.5837921799656646
0.5836820453633463
0.583573811524026
0.5833619110841116
0.5833921487449402
0.5835433126967744
0.5833618696370475
0.5830840711807888
0.5831143437615515
0.582728448471098
0.5824579548538119
0.5826088554845116
0.5827596470829638
0.5826936450435695
0.5828442971572722
0.5827329891712795
0.5826733402966066
0.5826075120658691
0.582757869590341
0.5829081188270748
0.5824949086269017
0.5826450363116816
0.582795056068579
0.5827453433083833
0.5828952192626548
0.5830449875860794
0.5831946483945553
0.5831349678720341
0.5832844354346471
0.5832247547213296
0.5831949464280913
0.5833441784558651
0.5832845404033027
0.5831600803093269
0.5831601422517738
0.5830610242111827
0.5829626782409973
0.5831115669670806
0.5832603494199831
0.5832228897411195
0.5833715263710263
0.5835200570211614
0.5836684818048318
0.5838168008351827
0.5839650142251986
0.5839351227997002
0.5840831885922981
0.5842311490374805
0.5842604646554141
0.5844082568826963
0.5844374887269692
0.5845851130648992
0.5845550757378165
0.5844895609789462
0.5846370096798054
0.5847843537700218
0.5849237131402374
0.584509167631279
0.584656348230772
0.5848034245947129
0.5847512817895466
0.5848982204725652
0.5848381792982564
0.5846819470478354
0.5846221222883526
0.5847687952677706
0.5849153647011388
0.5848554596819493
0.5849811017873465
0.5849212137663548
0.5849500075151749
0.5848320673716836
0.5847723685206128
0.5849184211521566
0.5846532225353414
0.5847991118143946
0.5847828415990319
0.5843133004467191
0.5844590020589004
0.5844544363859395
0.5845044603056898
0.5846499419372354
0.5847953217265468
0.5848906147760277
0.584748217841086
0.5846936105721106
0.5847222624616928
0.5847974817969612
0.5846218783413302
0.5844953863147615
0.5844908270632312
0.5844862709922041
0.5843539983053617
0.584208411922776
0.5843532870405729
0.5844980612352644
0.5844769301289184
0.5842441695651543
0.5842728382597984
0.5844173887332825
0.5845618387198194
0.5845324565659904
0.5846767662372075
0.5848209756933751
0.5846565501936937
0.5845230815780817
0.5843340704364993
0.584275606609507
0.5844196552558655
0.5844943280458703
0.5846382012009791
0.5846089044888985
0.5844066176707362
0.5843428312239459
0.5842845230101721
0.5837079018761113
0.5831328708727201
0.5832765190908894
0.5833052445981495
0.5830471868783303
0.5831906174985992
0.5830188352475403
0.5829617972295069
0.5827048015563125
0.5821708151956019
0.5823140054577007
0.5822576260019078
0.5824006394815374
0.5825435550737751
0.5826863728790869
0.5826580943657903
0.5826298351882293
0.5827724770764083
0.5826872570068001
0.5826590168233962
0.58265518259827
0.5825574491899758
0.5824951641510164
0.5824411898195333
0.5823903518186857
0.5823342084784344
0.5824177411754433
0.5820500696691965
0.5817042548729336
0.5815065307890204
0.5816417959286553
0.58158009694906
0.5814165722981435
0.5811350996781017
0.5810800741781504
0.5808798940436444
0.5807178629489698
0.5806481989249437
0.5804914619106912
0.5806262273734136
0.5806553344232422
0.5802018143139926
0.5800350676196457
0.5798536085122419
0.5797704089593634
0.5795479668622575
0.5796897241222501
0.5797190388989755
0.5798606429963815
0.5800021517053756
0.5797531589546636
0.5798945134252473
0.5800357728356625
0.5801769372817681
0.5803180068592945
0.5804109947162926
0.5804847317899272
0.5806255559820085
0.5805714630226109
0.5807121164555342
0.5807409312561415
0.5808814336250234
0.5805880482996598
0.580728460737457
0.5806679759781741
0.5808082677225775
0.5806427879937984
0.5807829474897898
0.5805350847711022
0.5806750930872666
0.5805100885777578
0.5806499651737638
0.5805040342329916
0.5806438196264494
0.5806958510340566
0.5807688793886906
0.5807657700984242
0.5809052823213533
0.5809615347224439
0.5811008890507704
0.5811847429218749
0.581187086076144
0.5812893125887064
0.5812353356215161
0.5813269079817953
0.5814658174350197
0.5813790957708621
0.5815178958054208
0.5816566038280242
0.5816626818254305
0.5816770366840507
0.5818155542215725
0.5816354550143018
0.5816460443288689
0.5815509307340062
0.5815239628336312
0.5816623020194713
0.5817135841752028
0.5816629921185118
0.5818011483298333
0.5816738135051198
0.5818118294030066
0.5819497542613828
0.5820875881702977
0.5819236644438813
0.5820613707467653
0.5821989863639051
0.5823365113848518
0.582364260695573
0.5825016408729758
0.582638930698404
0.5824726861705357
0.5826098952779394
0.5826503921431375
0.5826779836947052
0.5828149902660464
0.5829519069085584
0.58297937238092
0.5831161452991289
0.5829978194227103
0.5830252428403583
0.5831618662863477
0.5831074053392054
0.5831347569795744
0.583094967615883
0.5831072655182568
0.5829854274051995
0.5830127831552033
0.5831490534875056
0.5831763379086683
0.5831165154599718
0.5832526184585157
0.5832254472383922
0.5831439163692551
0.5830244876660473
0.5831603988499893
0.5830687489293646
0.5830649573406022
0.5830921803003306
0.58299537760027
0.5831310771194369
0.5831582520021783
0.5830746285968099
0.5832101259550819
0.5830747966960539
0.583210205985857
0.5832373022393249
0.5832696584636121
0.5833276192369545
0.5831413601678186
0.5831684436005355
0.5830175452586305
0.5828934306943859
0.5827046087213719
0.582839743239273
0.5829747902631515
0.583109749877953
0.5832086755133497
0.5831278620132915
0.5832626412366948
0.5829934354372958
0.5831281274801132
0.5832627325406621
0.582926648169871
0.5829732114211946
0.5829387764856154
0.5830732256227896
0.5832075881024472
0.5832344756921908
0.583261345963036
0.5832881989317108
0.5833150346149213
0.5833418530293524
0.5829862010533226
0.5831202459903032
0.5832542047801521
0.5833880775058893
0.5835218642504282
0.5833521628367954
0.5834858752363984
0.5833429317520373
0.5831897514892069
0.5833233873495822
0.5834569375459446
0.5835904021606367
0.5836073058230976
0.5837406368170704
0.5838738824518921
0.5840070428095074
0.5841401179717565
0.5840415320910382
0.5839066601697054
0.5839597420935886
0.5838303953637222
0.5839633144325935
0.5840961486233878
0.5840079252461355
0.5840130280140851
0.5839106818790685
0.5838745458948258
0.5838196814255837
0.5838384951481559
0.583786636000794
0.5837332857072564
0.5837975699211351
0.5839299919478862
0.5839704439577982
0.5841027268055065
0.5842349255573165
0.5840755217503127
0.5841017494876631
0.5842337806783019
0.5843657280662174
0.5843918387700882
0.5845236523321655
0.5846553823092321
0.5847870287807664
0.5849185918261464
0.584838900581771
0.5848648118439892
0.5849962253255201
0.5851275556339613
0.5852588028482498
0.5853899670472226
0.5855210483096168
0.5853754980415038
0.5855065010437023
0.5856374212897403
0.5856103807399172
0.5855563508372729
0.5856870901587754
0.5858177470209138
0.5858611223387885
0.5859916419976795
0.5861220794135592
0.5862524346641377
0.5863827078270267
0.5863869940379719
0.5865171428755938
0.5866472098328521
0.5867771949869928
0.5869070984151641
0.5870369201944177
0.5871666604017081
0.5872963191138935
0.587251467661878
0.5873182437235032
0.5874477328218014
0.5875771406847808
0.5877064673888621
0.5878357130103703
0.5879648776255347
0.5880939613104891
0.588222964141272
0.5883518861938263
0.5884807275440004
0.5886094882675473
0.5887381684401255
0.5888667681372987
0.5889952874345362
0.5890890041849907
0.589217373755692
0.5893456631455247
0.5894738724295879
0.589602001682887
0.5897300509803339
0.5898580203967467
0.5899859100068506
0.5901137198852775
0.5901791253948178
0.5903067954492118
0.5904343859831734
0.5904062308194178
0.5905337109841177
0.5906611118207747
0.5907884334034121
0.5909156758059608
0.5909580622067898
0.591085172815178
0.5912122044483513
0.591339157179889
0.5913625435535267
0.591489370821201
0.591616119387499
0.5917427893256543
0.5918693807088091
0.5918409029094573
