0.8304917812347412
0.7810748815536499
0.7814637025197347
0.9542017579078674
0.9309189319610596
0.790062665939331
0.6947570641835531
0.7742615699768066
0.769474593075839
0.7721462249755859
0.7229941402162824
0.6916881799697876
0.6664251883824667
0.6588920794035259
0.6608777403831482
0.6729394027165004
0.6762872284108942
0.7028848191966182
0.7029600739479065
0.7347587680816651
0.7421247775738056
0.7432572488431577
0.7447979279926845
0.7469540546680319
0.7514685948689779
0.728199228644371
0.7317166906414609
0.712317316872733
0.7144325176874796
0.717709831289343
0.7217273210224352
0.705099093914032
0.7095566610010658
0.6973521210426508
0.7007180073044517
0.7018095758226183
0.7035482810891193
0.7067255618724417
0.711197962363561
0.712532967937236
0.7150439834594726
0.717390869178024
0.702684352982719
0.7040695172769053
0.6992323788729581
0.7008110284805298
0.7044704127729985
0.7054714786595312
0.7064355429956468
0.7081007917722066
0.7155820815289606
0.7180486033039708
0.7178907659318712
0.716789748519659
0.697053645973775
0.699289974044351
0.7005393297775931
0.6736830554596366
0.6761134540712511
0.6608487414075183
0.6699996728163499
0.6717324196537838
0.6736643046140671
0.6587677519005465
0.6527129257426543
0.6550095303114071
0.6668518521319861
0.6682740802114661
0.6674924245041408
0.6548002362251282
0.6569977960278911
0.6579996144517939
0.6558629487690173
0.6558304205536842
0.6569763532618886
0.6601348920744292
0.6699912186824915
0.6741010117530822
0.6759849609714923
0.6777942274131027
0.6794916449241268
0.6748053845905122
0.6632487663516292
0.6644398991121064
0.6536106978143964
0.654769882691645
0.6558899314779985
0.6498890745228735
0.6570557590223786
0.6615198850631714
0.6632004405270103
0.6629484097162882
0.662993293163205
0.6637203537049841
0.6645199380269865
0.666025371320786
0.6669557037353515
0.6642729611623854
0.665676713928463
0.6725383158773184
0.6742333866829096
0.6819961676230797
0.677548374190475
0.6783606701327446
0.6845348859900859
0.6852698255468298
0.6858849578043994
0.6929675592993297
0.6989949129629827
0.6982191826799791
0.6994263018880572
0.7000175621492642
0.7003738493986533
0.7014411996294568
0.7092225650946299
0.7051859555179125
0.7058558123452323
0.7063001925880844
0.7121400945138612
0.7064610601260962
0.7074612614355589
0.7082501345989751
0.7149671114884414
0.7152037620544434
0.7157273735755529
0.7162087069954842
0.7168137287791772
0.7074669429234096
0.7078241683818676
0.7076007222836734
0.7101737856864929
0.71068071307558
0.7076455047744477
0.7079494822592962
0.7083904714979363
0.7097167001051061
0.7085896960475988
0.7216615635295247
0.7183847742519159
0.7238831329345703
0.7287775047800757
0.7248818994234394
0.725475651688046
0.7259765935866214
0.7271751663187048
0.7278399115703145
0.7240912218351622
0.7250520747195008
0.7216500525778913
0.722039401846588
0.7234115010813663
0.7282512899468706
0.7285480300585429
0.7290190167995314
0.7256561560508532
0.7288114550162335
0.7294290440941825
0.7299331980522232
0.7304097360102975
0.7349553823471069
0.7400091287508532
0.7402215664929682
0.7402451249766232
0.7405870428272322
0.7449206677878776
0.745351962672854
0.7456704165048645
0.745965933570495
0.7455458492753608
0.745599068914141
0.7456312247362182
0.7461526247690309
0.7456399084816516
0.7456173406583126
0.7459112633106321
0.7448427710268233
0.7452692721845917
0.7454374208362824
0.7459207789538658
0.7456157456744801
0.7458143083218536
0.7460584361273963
0.7461026794707294
0.7464517205953598
0.7478156895107693
0.7482268841920701
0.7473268172814458
0.7472841384118063
0.7452195447424184
0.7447703235593193
0.7448579042122282
0.7449816030494133
0.7455584605534872
0.7453250113953935
0.7453829262216213
0.7449745055492417
0.7447033910190358
0.7455657994896797
0.7482303500175476
0.7482592555002553
0.7522360441113306
0.7528334753012952
0.7527227001112016
0.7568358781386395
0.7572782737452809
0.7576730733940958
0.7616152023115466
0.7621489882947929
0.7626085071563721
0.763304921260393
0.7664426867924039
0.7660929478204297
0.7661064149826531
0.7663965028875014
0.7663418939337134
0.7658293590471439
0.7661344847937887
0.7604567429115032
0.7611270050966102
0.7611559117248303
0.7610027699759512
0.7605301812009991
0.7609058224168935
0.7611727437722996
0.7613679900098203
0.7613330933241153
0.761241039523372
0.7615131768793197
0.7612370857421089
0.7610762617090246
0.7613892007048113
0.7618737784298983
0.7598870170675891
0.7597246401601558
0.7597085839958602
0.7594078123569489
0.7625015978287123
0.7624904035676455
0.7629388044242724
0.7632613198857912
0.7631758714977064
0.7634824272635934
0.763365478050418
0.7638570409682062
0.7639138583080991
0.7613397193528533
0.760839144661002
0.7649744256771466
0.7653349005446142
0.7653477466712564
0.7648571069176132
0.768287024514041
0.7715665326022462
0.7727453772439605
0.7736235896746317
0.7730902358146997
0.7738876240142923
0.7738995953361587
0.7735538153271926
0.7709630868014168
0.7711919635437211
0.7706281945302889
0.7712183160689271
0.771155458881009
0.7708878785467608
0.7700597582719265
0.7705330277403323
0.7715647395249385
0.7717986016046433
0.7693097155176879
0.7697796814096799
0.7697968931407391
0.7711866691708564
0.7737183221775423
0.7728854440013815
0.7732841939010856
0.7733155591988269
0.773530894792997
0.773477849053459
0.773540552238441
0.7727373584014613
0.7757742383197448
0.7758722457018765
0.776048774805674
0.7763983327222158
0.7767265401444994
0.7767246690338957
0.7770404723153186
0.7757080736614409
0.7778675301492392
0.7780062595062708
0.7806667325067661
0.7810109923867619
0.7807546312158758
0.7788611695648282
0.7788071514562119
0.7796213530112004
0.7793707372136198
0.7790484723852416
0.7794286115416165
0.7797863005225502
0.7794686807904925
0.7792442931748523
0.7771002179164724
0.7792443764411797
0.779073372693129
0.7782405467515581
0.7783543889929935
0.7761601226243469
0.776153580347697
0.7761168367644756
0.7763931481219128
0.7763899049154654
0.7767029673188597
0.7767700071204199
0.7796036265586894
0.7801580942294253
0.7802269167226293
0.7804358599954827
0.779329277373649
0.7796126382370201
0.7818930405442432
0.7823727821217146
0.7823180329990896
0.7825514863332113
0.7813079205368811
0.781796862208654
0.7799309165854204
0.7800977799523221
0.7797388144188526
0.7822535037994385
0.7819601794083914
0.7845192593413514
0.7866598596226984
0.7880992501281029
0.7900157152991933
0.7901080574045451
0.7878179617245179
0.7874695476220579
0.7874102695600981
0.7864307153043408
0.7878641508802583
0.7875059963476778
0.7878246439162211
0.7874834400071835
0.7872482800483703
0.7872089239724557
0.7874746506486959
0.7890715226346151
0.7887611023270258
0.7890023850455072
0.7893950681428652
0.7895853244790844
0.7897704994183007
0.7893923276808203
0.7905096700301716
0.790001630783081
0.7895036742415902
0.7899155501582197
0.7916093630963061
0.793235047505452
0.7941467150223913
0.7939378257003127
0.7921716485704694
0.7918900985853367
0.7919934579384806
0.7922894577935057
0.7922991365544936
0.7926256802160415
0.7926282503007447
0.7924015856234827
0.7940424416726564
0.7923456709788737
0.7921247631311417
0.7920809359253141
0.7919225352151054
0.7917358847870224
0.7922109119389036
0.7921552379835116
0.7917756517183835
0.7914833397963053
0.7917240386659449
0.7938814547056514
0.795229122110082
0.7949098787243156
0.7950990667214265
0.7950869372721469
0.7960995152392195
0.7939950339496136
0.7943078321880764
0.7943851165390861
0.7937967666482504
0.7958507164161464
0.7952737393358206
0.7974922237815437
0.797116673306415
0.798699231846849
0.7991263559291456
0.801053026922388
0.8020091139751931
0.8036681488641172
0.8037643608076748
0.8037526926778048
0.8033628412361803
0.8048372181512976
0.8068045587498742
0.8076674984149811
0.8095418489896334
0.8100208061844555
0.809691187675963
0.8106858522775573
0.8107740247653703
0.8104186017719939
0.8119793964337699
0.8139728014092696
0.8157092748569841
0.8154567232671773
0.8156518761582953
0.8157419660643894
0.8154263973236084
0.8169836432918938
0.8167850649703093
0.8166757409863837
0.8167786420869433
0.817289666539615
0.8170502980550131
0.816944160500591
0.8165981706048622
0.8162632105540644
0.8181655066353934
0.8161836431278446
0.817214166900449
0.8175335326175458
0.8172740040403423
0.8151730167074223
0.8175069869282734
0.8194452803693936
0.8192226343154907
0.8196254942469492
0.8210917587774208
0.8207818831411555
0.8208871289851174
0.8207324415150256
0.8207440885159338
0.820102204467653
0.8159781942180558
0.8160688821117006
0.816120448987931
0.8164296712559334
0.8164083257259562
0.8145600963932599
0.8139786379019112
0.8140534871333355
0.8157435143384401
0.81565316090217
0.8153260532130207
0.815437331053489
0.8154687548686623
0.8155580868247811
0.812219295537833
0.8104848537804945
0.8104212611857556
0.8104174423934822
0.810323268342868
0.8094723848538978
0.8076615995090989
0.8076404435040783
0.8076229073342233
0.8077071445959586
0.8077117008554737
0.8078337362331658
0.8078375402735083
0.8077987445627942
0.807733177482535
0.8080169993005829
0.808103282447271
0.8065902227043888
0.8066440057754517
0.8067337713743511
0.806953860450179
0.8072626057084287
0.8072580715557477
0.8069090461559433
0.8072060605567919
0.8058748240974167
0.8056288174220494
0.8059075027438621
0.8061228057243646
0.8056567062493116
0.8055642183790815
0.8072401008774749
0.8088591191456933
0.810743125447941
0.8123131520311597
0.8139708783798352
0.8156122793231094
0.8172802090018518
0.8174708689843024
0.8175201249580317
0.8190651953428049
0.8204270495539127
0.8220064664837392
0.8239279308946075
0.8252294479462355
0.8253585988077624
0.825451217707176
0.8257999584027582
0.8272598583129831
0.8282617444861425
0.828358593557635
0.8298871077775142
0.8310713418703876
0.8310231513717548
0.8312164405408253
0.832603259005789
0.8344305800100672
0.835930464235512
0.8360667333233015
0.8375304732659851
0.8387677749665845
0.8399285846108558
0.8398942923426029
0.8411093742951102
0.841067425595699
0.8424009354909261
0.8440499460439317
0.8452872727004397
0.8469226811062637
0.8468353065433881
0.8481008372030967
0.8496654596265787
0.8468116183194817
0.846758560274468
0.8466585096087667
0.8453405226229843
0.8451949268676558
0.8451824040916877
0.8462731784040277
0.8476478442960272
0.8462434169356388
0.846961579652992
0.8469233398070113
0.8468824506570132
0.8469931175231934
0.8480148642969588
0.8492950959639116
0.848086050091184
0.8481116374333699
0.8500650242655855
0.8501784179029586
0.8502664370182754
0.8501497082153705
0.8501756908386711
0.8489779894542844
0.8488894704740997
0.849239794537425
0.8493859388527
0.8493185685802471
0.8488474960089842
0.8491511652188272
0.8492085560347683
0.8506253621895616
0.8511896605101029
0.8506761726773815
0.8505471546220118
0.8504861827997061
0.849136281598565
0.8477053959435279
0.8487767882019509
0.8498881564634603
0.8508748387637204
0.8469589734041384
0.8470460597842121
0.8469380070181454
0.8467038395893143
0.8480427369139248
0.8495683032829124
0.8503982606141464
0.8502631244545211
0.8509156333313216
0.8521258507201921
0.8533276118748945
0.8538853707058089
0.8549834544733056
0.8559279003199909
0.8545723014329312
0.8559101892186761
0.8558155305266029
0.855499828335814
0.8553918235442217
0.8550283751529683
0.8552134476852975
0.8549128241009183
0.8557392200414282
0.8556518839677638
0.8570157412705289
0.8575468143058378
0.8576683378704054
0.8577523245327715
0.8576895686893491
0.8580977730668349
0.8589858258785451
0.8588909645932552
0.8587279521870887
0.8583882210247837
0.8592303017519404
0.859092618056706
0.8589298544868763
0.8589943246624069
0.8596082686699641
0.8596344884823669
0.8595362189813709
0.8607540951234423
0.8612296247414855
0.8624382093127838
0.8626996361150056
0.8625936461166597
0.8638163766445155
0.8637942578983173
0.8643315502909386
0.8653006863760782
0.8658043106175002
0.8658475001320513
0.8657041190394452
0.865542994752547
0.8665234165059196
0.8665511836291352
0.8667837688467179
0.8654178739911285
0.8651156833254058
0.8651036474001966
0.8663233169335283
0.8665499461221171
0.8664176477162763
0.8650930677980144
0.8638462948766606
0.8639397842033033
0.8648317836579822
0.8647784904941268
0.8647877416261339
0.8654868108470265
0.8653916567362371
0.8653095406454963
0.8652619057499606
0.8652522535015631
0.8648678813616006
0.8651462078735392
0.866508617337118
0.8670389665036036
0.867022322842395
0.8670085802435238
0.8669090404688755
0.8667261616388957
0.8667238796757318
0.8666986036807933
0.8666004137213962
0.8654686283591567
0.8654489924037267
0.8658519436850101
0.865727025789447
0.8646535794985922
0.8649088756796878
0.8648357841912218
0.8614539916459325
0.8616845026476286
0.8629740905016661
0.8629545929838064
0.8627386566880462
0.8625966463571393
0.8625764747975404
0.8637802964811337
0.863654254634867
0.8635362766635033
0.8635540536998474
0.8636484821177204
0.8625092965494531
0.8627086749443641
0.8623790090734308
0.8623346498860117
0.8613929471799305
0.8614992727899248
0.8602737977513819
0.8604191886592032
0.860387575188215
0.8604266978517363
0.8604562463410735
0.8605501401906062
0.8614012912423132
0.8614036226152473
0.862340193274636
0.862218211344139
0.8622366960255086
0.8622319982165382
0.8611524984240532
0.8611173016599353
0.8616593838332597
0.8616073247356106
0.8616754172453239
0.8616964893956338
0.8616466483809838
0.860577908670357
0.8604064296793055
0.8603305472692638
0.8593159900820123
0.8596898323194987
0.8594836021493549
0.8597085148680443
0.8604586483361234
0.8604181917489012
0.8603959948151976
0.860207631239077
0.8600844628337531
0.8599440738232467
0.860004314095832
0.8604362395781915
0.859291266586821
0.8592177446404564
0.8592397988130505
0.8592268229968872
0.8591907136411552
0.8591841919757829
0.8592615574598312
0.8589817576047754
0.8588618391709362
0.857585473779286
0.8574931462036096
0.8571765883725697
0.8572355353931704
0.8570171552045005
0.8570364987240677
0.8568887676592394
0.8567282848086646
0.8567688179807076
0.8566963277624909
0.8566072950971887
0.8554992495842699
0.8565634439915454
0.8566432509702795
0.8555331308517098
0.8543418243841489
0.855232154277333
0.85518336184671
0.8540979659918583
0.8540846157962146
0.8540019922478255
0.8539139836784301
0.8535159856703332
0.8532681050748151
0.8532287922722323
0.8530010146212715
0.8538416073448939
0.853947985681008
0.8538773392202668
0.8538574387755575
0.8538524756486389
0.853630700423441
0.8535754847417184
0.8547674719274112
0.854855071488998
0.8547575833456856
0.8546487299818971
0.85467126921346
0.8556310956733374
0.8556039813435525
0.8553776651620865
0.8543688564343788
0.8541609320203148
0.8532027142196051
0.853182790779906
0.8539684880545874
0.8543556566173965
0.854375103327233
0.8533173602839512
0.8533401735160383
0.8534466494104229
0.8534859864237058
0.8533832395542933
0.853309143068535
0.853414215504658
0.8533967783828089
0.8523808052804736
0.8526004556810419
0.8526168866062376
0.8525364652424555
0.8515947795045968
0.8524137980101124
0.8520805488742041
0.8512215362523649
0.8519595447477404
0.8519428137497636
0.8520502950015821
0.8519561510096505
0.8518450218426059
0.8517975437185152
0.8519117826978192
0.8509068296885438
0.8508456171012937
0.8507180851438771
0.8498576419213847
0.8495882709519705
0.8496132240150914
0.8496113357028445
0.8493153304827136
0.8492187664089594
0.8483683036397681
0.848386880659288
0.8484151504221588
0.8490170007611549
0.8498048669911147
0.8498429994256389
0.8498190612078989
0.8498755782587916
0.8497752227294662
0.8498692400674067
0.8491675376892089
0.8491801632831505
0.8490846450667978
0.848953458688924
0.8489567667750989
0.849044168815411
0.8487450451477889
0.8478186311601084
0.8476111893910125
0.8476062709406803
0.847558832569704
0.8474149801650969
0.8474884423479078
0.8474415193313822
0.8472411485242594
0.8471943918132383
0.8479950677140254
0.8478326269878476
0.8478200331221531
0.8499833911657333
0.8500210906414782
0.8500149745703239
0.8508785959344787
0.8508840455553839
0.8510013096073131
0.8510123397499385
0.8509563628002431
0.8509811515157873
0.8517766508155563
0.8518191939776706
0.8518326370895338
0.851919762636899
0.8517096640517263
0.851750839907041
0.8515529515193059
0.8514654980819734
0.8511845009946141
0.8512060406015648
0.8513392309753263
0.8516387533582557
0.8516113534721483
0.8516265564993221
0.8515566301539661
0.8512900260499286
0.8511908617754737
0.8511848572902042
0.8516125502856636
0.8513059895730477
0.851973988793113
0.8521027839268012
0.8521411173766659
0.8521400367145212
0.852970456693254
0.8539470207751096
0.8539397321551679
0.8539305450684328
0.854017221855974
0.8539444476634532
0.8539653372764587
0.8540064197677475
0.8538832410144901
0.8546184550718482
0.8543087563111414
0.8550862796737944
0.8551956167760885
0.855197173025873
0.8552922188822176
0.8553431050612195
0.8561483759554628
0.8570712338323179
0.8572448594431298
0.857152250156365
0.8571725551717975
0.8571902314039666
0.8573677138944643
0.858208258868669
0.8591367491796043
0.8592046599762112
0.8589894953717447
0.8589319189000736
0.859785380834242
0.8603894002735615
0.8609614439708431
0.8610105507555064
0.8610230274534736
0.8610345243479955
0.8609851472463506
0.8610876726872713
0.8608344491538669
0.8609143560246904
0.8608188769939678
0.8607637063677583
0.8607527527832178
0.860639762694311
0.8607501264018516
0.8607069325125516
0.8606249283321553
0.8614562809467315
0.8604312277114781
0.8604401002898527
0.8604598225589004
0.8605254038342098
0.8613038880549506
0.8612363563479414
0.8611870463689169
0.8610891458763609
0.8618896519729846
0.8623393421951975
0.8622676701880496
0.862279879764358
0.8626408032847174
0.863090655436015
0.8621947988234566
0.8614945624956752
0.8613612454636652
0.8613115872575643
0.8616033812624876
0.8615260761032176
0.8620064196068696
0.8612510185170463
0.8620604634729784
0.86230945964895
0.8614124892478765
0.8617468965984189
0.8609039840981336
0.8606810227588371
0.860617619328318
0.860630531628339
0.8597948782118484
0.8590129501911816
0.8591395744843119
0.8594250319635167
0.8593617470796443
0.8594192614249133
0.8594268889300436
0.8593563219129821
0.8599410536958881
0.8600548972159461
0.8599865244948156
0.8599587989984637
0.860032265688358
0.8585410857200623
0.8582625369627549
0.858256188934755
0.8590154351963513
0.8574230018346937
0.8574349075448212
0.8581990107853634
0.8585211861240971
0.8583808314360336
0.8591736038382962
0.8590890849268554
0.8589594263576733
0.8596744398365106
0.8596804812817591
0.8603486718081318
0.8603653769160426
0.8603272276120701
0.8601931797606605
0.8578757155832447
0.858626681221856
0.8572171286065527
0.8565290811842522
0.8566369837517237
0.8566242401675707
0.8566032781710377
0.8565619481724196
0.8566622080781912
0.8566655688722369
0.8558413498430972
0.8566094489344596
0.8569469307598315
0.857026892101211
0.8576128777188303
0.8569272201654693
0.8580438922213011
0.8578881065847568
0.8585910425368917
0.8584968315403393
0.8583104386536972
0.8588397355829499
0.8588949001083771
0.8591588941327614
0.8585809850775247
0.8594629321514581
0.8593511245823071
0.8593268456183393
0.8590490332965193
0.8588777993076532
0.8573934026190505
0.8573665414245344
0.8581428654606919
0.8574273643428332
0.8569404045740764
0.857212604161107
0.8572077004575892
0.8557490128643659
0.8542876589389248
0.8541091401698225
0.8527239295276435
0.8504965104639329
0.8505271742382001
0.8504639839925686
0.85046500843378
0.8506945871666773
0.8507157579151803
0.8500241431232277
0.8500177880194674
0.8499489459975521
0.8498848521450724
0.8497312534243192
0.8497766941785813
0.8462713891593971
0.8466250382876139
0.8466129322715154
0.8465640272751044
0.8451405155776751
0.8450140717200573
0.846052957916574
0.8459455614027224
0.8459196124002398
0.8451536045981979
0.8450330632631896
0.844978226295365
0.8434228669380656
0.8440160325456405
0.8432366574237712
0.8424488563847735
0.8423596813270079
0.8423383323016105
0.8422760019820585
0.8415236038717664
0.8413771570307537
0.8420511891789849
0.8420773869762513
0.8420751568191566
0.841989436457234
0.8406059475359375
0.8405881995556822
0.8405686782545833
0.8409400277114795
0.8393663617493726
0.8392689540863038
0.8391065953923262
0.8391505525515864
0.8382665128038641
0.8382278957214964
0.8374140585047344
0.8337806290515528
0.833976508695868
0.8339135592162845
0.8337474221490194
0.8329202126629345
0.8334085195434666
0.8333772355177271
0.8315151798856127
0.8308140482274716
0.8314390613776963
0.8308102920523279
0.83083559833467
0.8305911154229598
0.8305737501745477
0.8288639194301647
0.8287790080976746
0.8279623456293524
0.8265674839447895
0.8264963046027447
0.8269198360914793
0.8268509804051816
0.8271475627466485
0.8271540141418151
0.8276377244061792
0.8274298485101783
0.8274775950725262
0.8273940747925908
0.8273797496672599
0.8273684123984137
0.8273611577010593
0.8280345191444017
0.8285130684080022
0.8291084762739607
0.8291752165246082
0.8298056460774701
0.829815921164651
0.8302860205451739
0.8301765978699778
0.8302186929988934
0.8307190712547012
0.8317879413923837
0.8324372527447153
0.8324435307568642
0.8316896952310234
0.832115888595581
0.8321216537770135
0.8325896250498277
0.8330306878886435
0.8328003301721325
0.8327368444766639
0.8320397606629039
0.8318832656705236
0.8318274428379814
0.8318386635385958
0.8319704131377899
0.8322048591779875
0.8322134023310095
0.8322059484436058
0.8320574112152785
0.8319748964852202
0.8325600590203
0.8325322437001272
0.8331477492491286
0.8331572899177893
0.8330878695830047
0.8330266054625305
0.8334977523834955
0.8334297477489426
0.8333689207481185
0.8326965643904699
0.8326259013099557
0.8326314722192649
0.8325452165250425
0.8324540965562393
0.8317707723277812
0.8316880413489293
0.8316282172044704
0.8314992131385128
0.8313632807313474
0.8313152261616028
0.8312433558934923
0.8316983368466883
0.8317046366922125
0.831688265268323
0.8316173891066105
0.8314751699523143
0.8314100462875087
0.8313332466220437
0.8310659662510412
0.831010268271318
0.8309891418961385
0.8311141793745278
0.8311060749641046
0.8311014420437048
0.8310751744803077
0.8310448786750805
0.8310122078982266
0.8308482163174208
0.8307913907992295
0.8309338295234824
0.8307844812754188
0.8307097433269888
0.8309293470030501
0.8308399028957494
0.8307825126082502
0.8306911977040285
0.8305354028832611
0.8306223671845715
0.8304965233063646
0.8304904362653793
0.8304413757022119
0.8303695059508729
0.830305976716843
0.8302442911027492
0.830081054313698
0.829884615826983
0.829679828390853
0.8289276744607694
0.8288602479367126
0.8282012752124241
0.828111370830005
0.8280915844967633
0.8280161185002888
0.827946870415299
0.8278670134493464
0.8278491554694359
0.8277663803303928
0.8277189362455498
0.8270788415949395
0.8269310576719873
0.8269650868633834
0.8269428110864577
0.8271362474866133
0.8270520086342332
0.827126058458693
0.8265654526603651
0.8263848983066183
0.8263134327176421
0.8262523828511835
0.8261746432022234
0.8266753350081069
0.8267147979401706
0.8271778708253301
0.8273786922059196
0.8267562220980238
0.8263835027282843
0.8263754103769804
0.8263062632175401
0.8262441770135941
0.8267547069110937
0.8267076196444731
0.826686349442707
0.826060316478154
0.8265933652718862
0.8265540809949018
0.8262404244749623
0.8267485750109804
0.8261781633106482
0.8261642996865849
0.8268261359490933
0.8266455679308644
0.8266374118744381
0.8270540939528367
0.8270264325841882
0.827496566884117
0.8274839155770792
0.8272353879687219
0.8275032376096011
0.8269240469988193
0.8273631389903107
0.8271167930304963
0.8269905103396062
0.8275374591064976
0.82805812097933
0.8280256953210107
0.8283406445563165
0.828330002058895
0.8279187858064075
0.8276458484925107
0.8280974885409507
0.8279781075561938
0.8283352702754764
0.828507058646368
0.82851069700289
0.8289224638867734
0.829088289939751
0.8291970877466486
0.8290981347284853
0.8292726241203381
0.8294630966289693
0.8292209243452227
0.8290400658001535
0.8295774424446095
0.8297512684009883
0.8299007118551558
0.8303102718057858
0.8305182623831131
0.8304956406354904
0.830678270998379
0.8311937564171401
0.8313959735420069
0.8315583012059291
0.831736196548605
0.8319017400384109
0.8321693055207116
0.8321115498874276
0.8320884616994507
0.8324295521100786
0.8326038498334521
0.8327191729545593
0.833202118876773
0.8333779959164351
0.8334412352835878
0.8336340053533002
0.8340244508517849
0.8341964509365333
0.8345989029982994
0.8348174264211383
0.8348183665054524
0.8353729533644246
0.8352621453148978
0.8354283067775103
0.8353783627639831
0.8357788850765417
0.8356411688246009
0.8354921889446563
0.8354767658336675
0.8354655859735626
0.8353974171374974
0.835905614297379
0.8365023761165283
0.8364615268168759
0.836496495512214
0.8362642740030758
0.8369330525554493
0.8371915932800853
0.8371169315894861
0.8373106093559489
0.8372688251410646
0.8372542277639902
0.8373165930009557
0.8378118766177898
0.8382795751677274
0.8386219508635501
0.838618127261964
0.839568117970143
0.8396534625394845
0.8398238857071121
0.8397589017631635
0.8395260215269452
0.8400394096053118
0.8405577659298101
0.83873707637085
0.8387434808669552
0.8389065862086263
0.8381218223977074
0.8385505617968978
0.8385295834188676
0.8384272542303008
0.8383487853220399
0.8380437549872276
0.838442310471324
0.8386688365215834
0.8380697668360932
0.8379921107246472
0.8379343907951852
0.83784626758091
0.8378391600385005
0.838139089222088
0.838051494367563
0.8379097010662873
0.83792432088585
0.8385035984090234
0.8385646531057782
0.8385707844628228
0.8389001028791903
0.8391180253134699
0.8391099281335209
0.8389856824392005
0.838994176081658
0.8383754418759277
0.8383252974411454
0.8381867294431861
0.8381274159889655
0.8381172057285802
0.8381359308432572
0.8380159982125515
0.8379752848883095
0.8372438253469803
0.8377643414286047
0.8375829490374622
0.8381259079863852
0.8381571848838868
0.8381486604449447
0.8381806822998066
0.8381582008302212
0.8380109196745055
0.8380431257332405
0.8380183460111927
0.8384181353904748
0.8384383946545839
0.838139767225702
0.838534248475335
0.8384941597162566
0.8389841792451751
0.8389930639314297
0.8389109704927562
0.8387438958643391
0.8381964582385439
0.838196013265546
0.8381633293194267
0.8385912787767105
0.8385244602777574
0.8385239223663669
0.8384515610434579
0.8389853203825175
0.839272979589609
0.8387399707458909
0.8386850651417669
0.8386859925997777
0.8391987960031427
0.8391897558508148
0.8391836465281599
0.8391167386061417
0.8390017194876327
0.8392431953266856
0.8391123521881756
0.8390481023433082
0.8385362239637485
0.8390087851663915
0.8389757141552634
0.8389331439235469
0.8389389181166107
0.8392491650987426
0.8392352340431561
0.8397345379230319
0.8397226099108086
0.8391036452344868
0.8391451602993589
0.8391197436798854
0.839288670416317
0.8396683581583585
0.8396506119350652
0.8396345902468272
0.8399610646028582
0.8399311567244397
0.8398517977408144
0.8398089019649
0.8392958052895704
0.8393264721476451
0.8392774616009914
0.8394295733970206
0.8392995459979036
0.8397885955016485
0.8397504998911485
0.8402007484664596
0.840148498340995
0.8401510688375385
0.8404707008856905
0.8404321889997027
0.839903322903078
0.840164178168859
0.8401853607464348
0.840186825668144
0.8403975851412256
0.8403529136539711
0.8397535022638132
0.8397185084655563
0.8401880069019533
0.8401558329909156
0.8404640809416983
0.8408726312537894
0.84082330310747
0.8412778874120769
0.8412216279296604
0.8417358316710091
0.8413096724040674
0.8412497571084352
0.8411998450756073
0.8411147330322895
0.8411478448672345
0.8411089529213729
0.8410343202422647
0.8413230187047727
0.8417808622927279
0.8417498802200738
0.8411304823464313
0.8409403003162994
0.8404534778237831
0.8404318925443969
0.8407104625323109
0.8409780009893806
0.841407844177344
0.8418630752897124
0.8417489771656887
0.8421989282434839
0.8417342305183411
0.8412424975294408
0.8412386632145523
0.8411144605922035
0.8414035072879514
0.8407882327072594
0.8407658602076548
0.8407721125093618
0.8411572689265874
0.8416377338352127
0.8416172272889223
0.8416143924737348
0.8415648878101935
0.8415586119769973
0.8415095069041936
0.8415251764521363
0.8415801773268714
0.8420188796931299
0.841986635784388
0.8419345740472682
0.8422784814872895
0.8422864221651619
0.8426409796520768
0.8425834966825593
0.8429337998561062
0.8423973378486262
0.842792278289795
0.8422447995508098
0.8422158071808453
0.8421983857519134
0.842227358016533
0.8422606401400033
0.8412342643520926
0.8411633459004488
0.8411051013942201
0.8410501379972148
0.8410565354103265
0.8404283456018896
0.840501537544406
0.8403947747131278
0.8404660511987232
0.8404101907870191
0.8403483837220307
0.8403042447217162
0.8397625430729639
0.8397492950063357
0.8396122926795805
0.8396274445093141
0.8381714396500842
0.8376463458435093
0.8376063117799203
0.8376463737808356
0.8381396299780817
0.838192834090973
0.8386429781615068
0.8386608496133411
0.8386586808625546
0.8385899881621701
0.8384911392682365
0.8385408122780199
0.838432296462681
0.838376328805695
0.8383870610681037
0.8382636331888326
0.8382416036688579
0.8382595921304903
0.8382217122448815
0.8380985181904845
0.8380781355232299
0.8384944797553953
0.8385345757404082
0.8385871597934628
0.838555983964026
0.8389990019851026
0.8389019357228952
0.8389019569639343
0.8383164772924209
0.8382862868785069
0.8382200274735591
0.8382241510491069
0.8382185769763812
0.8382232595946544
0.8382283947517638
0.8382245907094074
0.8386267232370901
0.8386534566999726
0.8386880205806244
0.838150972340205
0.838085022186789
0.8366147855591904
0.8365969805037761
0.8365444421247624
0.836542835147148
0.83673314842819
0.8367540074953916
0.8358464062019323
0.8358112023277345
0.8360672773226447
0.8360831611898527
0.8362476179835333
0.8362128023084453
0.8364294891502232
0.8363893256924017
0.8362908954868338
0.8366342520287828
0.8367892868849106
0.8371395683082263
0.8371096466683052
0.8375275064197377
0.837419480535948
0.8374613611619665
0.837484807258285
0.8370173086637053
0.8370323525235162
0.8370318371718358
0.8370498563090341
0.8371078806538735
0.8370934051573117
0.8369870626324614
0.8369713410599157
0.8369554177630101
0.8370170824649187
0.8370033557519779
0.8370268330831993
0.8370221643937987
0.8370739644450131
0.8371220800328382
0.837084176258758
0.8365718272046743
0.8366150674087134
0.836649915822347
0.8365971338011817
0.8364984628426374
0.8364617168205107
0.8356084409132719
0.8356193013956392
0.8352186433069265
0.8351898222450236
0.8350929361891519
0.8350741539971304
0.834887081983859
0.8349538058609589
0.8354292868056501
0.8354593778487369
0.8359262770901884
0.8359653909498126
0.8359322486328463
0.8355166542963206
0.8349891684671128
0.8345408444647656
0.8344536583964565
0.8348735266157336
0.835332542876757
0.8355709027418867
0.8354742745683378
0.8349827632854122
0.835050832657587
0.8346299652771618
0.8345899756301035
0.8338473681428499
0.8338550479618426
0.8342282537248621
0.8342699110507965
0.833802223825802
0.8337503679704988
0.8335680099586388
0.8339804922185088
0.8340264236487808
0.8340535392652408
0.8344281825950073
0.8347988478260336
0.83383455069276
0.8332265489850162
0.8327825342397704
0.83279479201307
0.8321690448951427
0.8312705970864134
0.8310601779812415
0.8310891051608027
0.8314960013903104
0.831726749025205
0.8308074989240758
0.8303130200522008
0.8298909581395179
0.8293997350242416
0.828953776745789
0.8276974082174917
0.8276962615197658
0.8277399700910307
0.8276563665698713
0.8275868220455023
0.8278167918437759
0.8278051792307103
0.8278722641136073
0.8278177263282077
0.8277882067571395
0.8278054935634588
0.8277344878185644
0.8279154523229744
0.8279575723262369
0.8279508712791628
0.8279590872132808
0.8283891869935864
0.8285516270693667
0.8285613850328764
0.8285002026382914
0.8285423936556332
0.8285660746108342
0.8285393892043087
0.8289989876017401
0.829098475254407
0.8291071649782643
0.8291545939791722
0.8293661719208604
0.8296525955438733
0.8300838611125946
0.8301152110635966
0.8305102169930518
0.8305504243491711
0.8293198864437421
0.8293382102749737
0.8296314035855222
0.830044370504161
0.8300315454076144
0.8300462962381883
0.8299832443544299
0.8300135719267117
0.8304668813426205
0.8305207634019474
0.8301233753813034
0.8300834425605169
0.8301145995034845
0.830086037501855
0.8300295157630453
0.829649555483081
0.8292274966512676
0.8292101890127784
0.8292254257061281
0.8292591996549621
0.8296565550979111
0.8292622108131428
0.8292474469173634
0.8288043584159125
0.8292482728289295
0.8292804167551153
0.8288387615930556
0.8284572408951291
0.8279665014949961
0.8278976454166695
0.827519872246719
0.8266876311473976
0.8267199440884184
0.826814671782668
0.8268281660093865
0.8268413067790361
0.8268272016812297
0.8263887086039486
0.8268377502528272
0.8268613964247069
0.8261550060785025
0.8261389754255247
0.8258150442391418
0.8253355607052558
0.8257500311447776
0.825312624432448
0.8249179486246265
0.8244885228563535
0.8248302510561105
0.8247476420720724
0.8247259593284519
0.8239062793185166
0.823914696544523
0.822593059826854
0.8226230213954091
0.8230235426408863
0.823067675110038
0.8221453678727206
0.8224452704475039
0.8208703863365916
0.820881376234796
0.8200741079746264
0.8200450463071359
0.8200429438641577
0.8192770749400975
0.8192683930433089
0.8192389877438264
0.819226478382143
0.8192461144535989
0.8195741815387078
0.8195621227667277
0.8199936451493963
0.8201862155296192
0.8198725598279167
0.8204403977739508
0.8204686092444861
0.820450527551479
0.8204272422727815
0.8203914304294496
0.820374771889696
0.82037499082916
0.8205443009824972
0.8201188823378337
0.8205330053742013
0.8209420370620492
0.8209502812912108
0.820980469088688
0.8199810750448882
0.8195705928206999
0.8191986873163192
0.8190746718975154
0.8190911624597949
0.8194945491452041
0.8195435098999052
0.8189215267340711
0.81898350485623
0.8189936442456978
0.8190061460500299
0.8189729800540134
0.8190237451482703
0.8182415246853275
0.8181695727676208
0.8178087141595278
0.8177705322700434
0.8177110362536792
0.8169807713463361
0.8165311474323931
0.8160632177330982
0.8160671667360208
0.8151786703754861
0.8152168297986372
0.8149954638640742
0.814599853014105
0.8137967539618894
0.8137726764129513
0.8137511815841717
0.8130073301436312
0.813059839562778
0.8130877519164844
0.8126529656673075
0.8126809579644264
0.8126488001063351
0.8122082133898143
0.8118585521987437
0.8121754187654084
0.8121962002932999
0.8118018855313325
0.8118011348375059
0.811374472729919
0.811417595617372
0.8113961187437723
0.8113796095520419
0.8112091540859341
0.8112337295278947
0.8108510305089641
0.810479231306408
0.8108594081271817
0.810925012665826
0.8105409311668815
0.8105559161371119
0.810526531270082
0.810525589310721
0.810518589302536
0.8107800090800072
0.8110949141332876
0.8110728744114927
0.8111009652304543
0.8115060913995583
0.8115606052687518
0.8115928155981902
0.8116069852825565
0.8115593190161173
0.8118897558111624
0.8122657139385498
0.8123260982554336
0.8123445232939965
0.8126553512045316
0.8128311825564587
0.8125036101866342
0.8124790856757479
0.812430713330717
0.8124026727803775
0.8127606664172904
0.8130150993099416
0.813029682122108
0.8130658108393352
0.8133525524283451
0.812298276101935
0.8122635049388763
0.8122724333219312
0.8126681084333003
0.8130890499864758
0.8131149581048341
0.812985869963999
0.8133585864099963
0.8135220874899317
0.8134669122342086
0.8137709294460204
0.8135561291292651
0.8135955703578998
0.8139791337403957
0.8141547924933692
0.8141403897127635
0.8144756552934961
0.8147564506782391
0.8143834240197716
0.8145403345792399
0.8147971047132658
0.8140800792572008
0.8140622902919492
0.8144045811810621
0.8144389123716204
0.8143752012524094
0.8144055160637603
0.8147022504185192
0.8147305261630279
0.8146579957206262
0.814277887032158
0.8141823695624077
0.8141499804535843
0.814189862062209
0.8137769020273211
0.8137885134981652
0.8137129734474039
0.8140233925114507
0.8142619373278448
0.8146028291956529
0.8145967281113068
0.8138737726066864
0.8138456907594638
0.8138224015043845
0.8138057703579659
0.8138252624130414
0.8138537749287167
0.8131200772897214
0.8130493339067502
0.8130749662116935
0.8133889912941829
0.8133605478549116
0.8133470926819176
0.8133258035808532
0.813286144090664
0.8132743632234072
0.8135861491787659
0.8135748897060271
0.8137234060905765
0.8137441605624078
0.8136887200099906
0.8137355007394387
0.8137135953862268
0.8137039291352379
0.8133516244197474
0.8135564970786283
0.8135216218756404
0.8138700078611505
0.8138834258447456
0.813558234516372
0.8135753207510223
0.8134607185016979
0.8138203818236601
0.8137075716069084
0.8137232242465577
0.8136386859152954
0.8137788837541667
0.8119951940959095
0.8119667498904565
0.8119133328320163
0.8108811103031386
0.8102393930278787
0.8099255027199114
0.8099040097453616
0.8099327203090684
0.8099248105591734
0.8099014594221196
0.8098899824831288
0.8094844038110031
0.8099072942830096
0.8095646503093966
0.8088718394880683
0.8085277862925015
0.8085027598094621
0.8088984470447405
0.809253970915194
0.8095586574572022
0.8095381048345426
0.8095064289899052
0.8097967607912185
0.8097915895607161
0.8097022123731333
0.8097330770994488
0.8097200200552731
0.8093642466357712
0.8096830829965561
0.8101429994924211
0.8101536910732587
0.8105277124418412
0.810856801187069
0.810562048830758
0.8108138454426157
0.8104197730455683
0.8104100011601494
0.8100946488493165
0.8100855797282104
0.809696685013538
0.809604005043551
0.8096293510980164
0.8099298260159664
0.8099693591383689
0.8095621548408319
0.8095707058266439
0.8099539729802693
0.8103542253098309
0.8103777917698272
0.8103656041253473
0.8103874669228324
0.8104002249795909
0.810625618431085
0.810653047141542
0.8102555444562122
0.8106372191785444
0.8109379354420507
0.8109213585236724
0.8112815728132752
0.811242143590283
0.8116157648502753
0.8112898632151182
0.8115752107635086
0.8116274693283656
0.8116148734161027
0.8116090384520798
0.8112643035044947
0.8112506520567887
0.8111889104243197
0.8108601945760299
0.8108341387465067
0.8111044824804022
0.8114646589129106
0.811456896273606
0.8111033232864417
0.8110924929586619
0.8104269121720539
0.8092797742654054
0.8089449212383925
0.807325611025806
0.8073238194133354
0.8069890213705997
0.8067116984636
0.8067160424997654
0.8067585756701808
0.8068073770299355
0.8067855867621017
0.8068220729651203
0.8068703602093621
0.8055519965720876
0.8055822979494272
0.8048770648621193
0.8045281717915812
0.8045523950877862
0.8045260818376033
0.8045621213195226
0.8048253373271611
0.8051693991661072
0.8051923226947929
0.8048804710257115
0.8048288994513381
0.8053421283196547
0.8053837619775405
0.8055126916187714
0.8054982193729334
0.8061836012904509
0.8065059695110853
0.8064965238043247
0.8064375808284541
0.8064102955752523
0.806383258972077
0.806337640773705
0.8063173037265177
0.8063216919836469
0.8062947648588488
0.8063165955053241
0.8066195249557495
0.8067536311507083
0.8067765184851698
0.8071041429416084
0.807095554475739
0.8072484989921646
0.8069826439524244
0.8067849585547094
0.806801398563762
0.806811317819138
0.8069263398176497
0.8069302311914973
0.8070517438739515
0.8076611834870288
0.8076646322331594
0.808046275816614
0.8082593858852642
0.8082319203677634
0.8089150841780535
0.8093759383051848
0.8095150514440589
0.8095175287079446
0.8095200454476494
0.8095353622099272
0.8098713499490239
0.8102382401367895
0.8104629501630223
0.810865739973539
0.8112127431233724
0.8114733514669875
0.8115182631068095
0.8118959288479438
0.8121810959201355
0.8125021472602442
0.8128288875163441
0.8128733747770975
0.8132542269224297
0.8135919677135114
0.8138375324197114
0.813954401928575
0.8139304877444229
0.8142004501433564
0.8145504414384339
0.8145817185005947
0.814925374412388
0.8152191881358879
0.8155554470800537
0.8158667463419177
0.8158541991089104
0.8165001464882328
0.8166150101236014
0.8167739200814429
0.817108849174956
0.8173762494614981
0.8173995823223398
0.8176609366079796
0.8179889808244905
0.8181344927535957
0.818558905660644
0.8185572779395699
0.8186045530505369
0.8189256091566451
0.8189059466400382
0.8191598259503422
0.8195349244488733
0.8194909363950501
0.8198171886262791
0.8200637481994452
0.8203040760916632
0.8208416684260014
0.8211788934322051
0.821333942016119
0.8216582922725928
0.8220912931512087
0.8221009213861956
0.8223522721137457
0.8226874516136927
0.8230159364328241
0.8233695242955135
0.8234575704078132
0.823605442853454
0.8240541671726551
0.8240326675951206
0.8243612230853705
0.8248271196508811
0.8251311648244093
0.8252848325514355
0.8255767842369913
0.8253405523318433
0.8256485926794604
0.8256631790793266
0.8259713723628505
0.8262308685091212
0.8265155088099501
0.8268225237664532
0.8271475232585502
0.8271490392360855
0.8274736711087117
0.8268437547352857
0.8268571492375397
0.8268305588930687
0.8265002011527028
0.8264723729162263
0.8261720503477578
0.8261681883893115
0.8258742547524003
0.826102328617161
0.8261754863721648
0.8255511582372043
0.8255594072016803
0.825510456379754
0.8257148525636394
0.8253747758883384
0.8253708645329724
0.8252740718446829
0.8252940150916509
0.8252727455463049
0.8245299617060163
0.8245443425834067
0.824529414076403
0.8245203844084074
0.8244935978257271
0.8247210293526307
0.8249594131806739
0.8249438721987593
0.8252763896844694
0.8256142195838759
0.8255982394511994
0.8251906872153372
0.8254930922991335
0.825819186810432
0.8257917581581811
0.8254492397122685
0.8251424827604226
0.8251618667601113
0.8254570913760462
0.8255060366807319
0.8251467173094176
0.8248231968772946
0.8247964142952691
0.8247692165403202
0.8247130358792311
0.8243846035536441
0.8243585056275107
0.8243437093742549
0.8242704357419696
0.8237007748721834
0.8233276224472776
0.823365801957774
0.8231039559275177
0.8231413167275275
0.8230860475436946
0.823071210549557
0.8230552907343264
0.8230411836016138
0.8230149948888139
0.8226965686096948
0.8226127635088514
0.8225931987353633
0.8222634918228386
0.8210195944048231
0.8208646872645144
0.820764300661691
0.8207453567840441
0.8207600670232765
0.820977952209366
0.8209818753249505
0.8209679613916018
0.821087429490184
0.8212642916589373
0.8212510147808932
0.8209244831467235
0.8209052402369041
0.8205789985915338
0.8205601606613551
0.8205408768879106
0.820481322782106
0.8204564780400343
0.8205469601679302
0.8204915360574834
0.8205290278858802
0.8202051093605323
0.8204276849753666
0.8207400367887122
0.8207548095047865
0.8210123451009007
0.8209472150044955
0.8209569184072247
0.8202985551583633
0.820279559915716
0.8203630872918493
0.8203728024003117
0.8203537700568552
0.8203466920291677
0.8203502730319374
0.8204164969557775
0.8203443660521698
0.8199712267820386
0.8202994675448043
0.8201212514538373
0.8195093515034784
0.8194966301575093
0.8197447514602904
0.8197260853528718
0.8200247051913816
0.8197155399583979
0.8193852091832563
0.8194068439586742
0.819626278939096
0.8195964155070079
0.8189489859471218
0.8189482831217667
0.8189529084542259
0.8189297622799916
0.8188732435134636
0.8191711020854902
0.8191082335511131
0.8189257503068943
0.8189190491505018
0.8186411379230188
0.818617471138864
0.8186105223825402
0.8183272346401044
0.8183093474317177
0.8181623564390442
0.8177903125268214
0.8177727400405066
0.8179230547853557
0.8179056733782848
0.8178881847811647
0.8178207428751251
0.8181105951999386
0.8179981902252328
0.8179413730409335
0.8179513476682864
0.8179563601783435
0.8179606874642423
0.8178929734679568
0.817992440752081
0.8179358934279739
0.8182416213007794
0.8185969172320188
0.8188960573381998
0.8188228742594748
0.8186934372480242
0.8185420036315918
0.8184742986733187
0.8181718621669637
0.8182830511573524
0.8185590564698065
0.818480384539714
0.818351881772343
0.8180448342077803
0.8180269227511641
0.8176761220934028
0.8176588753690828
0.817630633422523
0.8175738360726224
0.8175968227668945
0.8175983928810803
0.8176127337536034
0.8175976128645346
0.81732309200158
0.8175539998072283
0.8188022350812578
0.8188230992200963
0.8188143021772417
0.818104069664301
0.8181392727840837
0.8181510949017873
0.8181465569811819
0.8184680150670498
0.8185125558076725
0.8185463326222585
0.8185026575610871
0.8184874213658846
0.8184769949434688
0.8183886872397529
0.8181192577717691
0.8181687151158251
0.8184034870125078
0.8186593123915972
0.8187019237248302
0.8186850575214065
0.8186731831121943
0.8186786220448227
0.8186987454180598
0.8183867090181418
0.8187570983223293
0.8187502948398881
0.8187578346814636
0.818766444238049
0.8191357790989029
0.8190747725466887
0.8190140945966854
0.8189854094090353
0.8189684750096814
0.818688786505
0.8187140288323226
0.8187186398388896
0.8187071298793412
0.8186901457460746
0.8186728361981138
0.8186497303162096
0.8183439193281219
0.8175009858167949
0.8169783968138145
0.8169725148288404
0.8169725231987995
0.8163989722441577
0.8167330972673477
0.8164895661059997
0.8164996810075713
0.8159389225030976
0.815373747570285
0.8153692462658375
0.8151108395563413
0.8152774436471398
0.8152944703856043
0.815326614653946
0.8153321862057687
0.8152899728269658
0.8152530354664738
0.8153232684264136
0.8152809464703492
0.8152434391224901
0.8151905741707863
0.815175062558302
0.8152084483944215
0.8151765624045351
0.8149160509418182
0.8149307763219205
0.8143716730524707
0.8140849729088527
0.8140796313554879
0.814102443431941
0.8140867405125628
0.8140559632021219
0.8137486028719806
0.8136013915636613
0.8133216126415133
0.8132649115753691
0.8135373204835503
0.8135223253078371
0.8134640182940488
0.8134762723810457
0.8129058469989566
0.8126113670816779
0.8125902976159064
0.8125174026251081
0.8122228960162673
0.8124250789309223
0.8124163445696752
0.8124394693946582
0.8124306401085396
0.8118803912665931
0.8118559520251816
0.8118352682380445
0.8121215427623075
0.8122022504447609
0.812494372536682
0.8124957263990086
0.8124708365017473
0.8121471445018995
0.8121596286154529
0.812150465734765
0.8120936915158586
0.8118022668305772
0.8118254563702282
0.8118949969769163
0.8118958550577939
0.811615765832093
0.81199476090982
0.8114218295516076
0.8113927547540143
0.8111082006884544
0.8110775878406358
0.8111006578604381
0.8112226194320064
0.811218592502688
0.8115070422728619
0.8115240410863163
0.8117970981534428
0.8135873840716547
0.8139379340071277
0.8141115781791667
0.8144099588764986
0.8146703950590469
0.814666493163799
0.8146462896279311
0.8147719949780511
0.8149857729821656
0.815001434135184
0.8149396845312121
0.8149036737053974
0.8148828975883451
0.8150338795011407
0.8150188075276804
0.8150495355449553
0.8150241787450186
0.8150143152664578
0.8151780406699692
0.8151678665536803
0.8151058026733752
0.8151372456960035
0.8150954056100876
0.8150436371633693
0.8153232149681504
0.8155400342686594
0.8155512017905221
0.8157586909251408
0.8160013679928948
0.8160631945448694
0.8163673204589572
0.8163523884980302
0.8166158227534798
0.8165641000284951
0.8168480395487253
0.8167235888883413
0.8166785428089461
0.8169459654794895
0.816830951892864
0.8167872238034025
0.8168096893456929
0.8168248203152516
0.8167683369446801
0.8170090991891383
0.8167255322138468
0.8167102067638341
0.8166794127818802
0.8166538953859119
0.8169216920223947
0.8171988736963537
0.8172999446688135
0.8172839311788535
0.8173854405548275
0.8173282474931299
0.8173326978328646
0.8173529059424097
0.8171019299939046
0.8171015740062609
0.8171115386132581
0.8171319187269925
0.8172595416323365
0.8172697357367724
0.8172437699346173
0.8172842494527783
0.8169922273707793
0.8172717773182112
0.8172412141721849
0.8172458888416594
0.8172461325472051
0.8172557329210667
0.8172500331551901
0.8171778388739482
0.8171671446504605
0.8170501092264679
0.8173192037210323
0.8175574882848385
0.8175566557003426
0.8177705524267985
0.8180244612462312
0.8180444224372106
0.8180284439977669
0.8180232901346556
0.8177491150302918
0.8178854902739364
0.8179117102064084
0.8176499550170997
0.8175911058918123
0.8176156265125932
0.8178856625701442
0.8179560565887019
0.8182400080961051
0.8182306126887864
0.8184533058560747
0.8184056188425605
0.8186589662019197
0.8184051019202475
0.8184037842347437
0.8183681577214239
0.8183730788986054
0.81862873838127
0.8186129163585926
0.8186971209321616
0.8186764915210527
0.8186552260761616
0.8186039059312729
0.8186085921067457
0.8188594827587808
0.8188330675072581
0.8189985384133395
0.8189778992674873
0.8189771775817871
0.819006819566396
0.819001417477214
0.8190105835647534
0.8189845458506471
0.8189640227217263
0.8192277954470727
0.8192265987548487
0.8192060269983744
0.8191743285776174
0.8191532769271631
0.8191271425053781
0.8191115308195533
0.819085100184891
0.819058560535155
0.8187715834168559
0.818721170868561
0.8189344397783659
0.8189326078078826
0.818916736687689
0.8189015097475628
0.818620586258938
0.8185850099065107
0.8188281655690026
0.8188513885487151
0.8191335834373678
0.8194115762290144
0.8193557740164922
0.8193351277080844
0.8195271757165742
0.8195177946885175
0.819496693152125
0.8197403600148742
0.8199971709070326
0.8199962045300878
0.8199654935207041
0.8202358937662989
0.8202246985152156
0.8204607980887848
0.8207576544467061
0.8207059474935432
0.8204004315406075
0.8203759379943463
0.8206280795830877
0.8206344831636244
0.8208886144892334
0.8209068842030353
0.8208510167579951
0.8210814818176875
0.8213472016622407
0.8213257630566069
0.8214702216211675
0.8214504896469836
0.8217064940828229
0.8219775025159739
0.8222136767150994
0.822497787936848
0.8224915839065001
0.8224253800404723
0.8226909113035031
0.8229118216890313
0.8233146621127531
0.8235771943782938
0.823845141137965
0.824107568589667
0.8241145720572969
0.8243717621025176
0.8246193255243913
0.8246451574511761
0.8249116956646979
0.8251727434752358
0.8251591922715888
0.8251608397811652
0.8252904554412946
0.8254936261150257
0.8257255374064045
0.8257079604413179
0.8257787931355969
0.8257820493194808
0.8260378485942207
0.8261474785662054
0.8261239575463019
0.8261064959463672
0.8260839658153276
0.826355526411667
0.8265327714218961
0.8267969448668807
0.8268372483053252
0.8269801408200714
0.8269906751776764
0.82696770139923
0.8269402490487266
0.8269219825726859
0.82704106771735
0.827067339738506
0.8273081766904381
0.8272859466726667
0.8272875671238862
0.8272554885505965
