0.0
0.5
0.6666666666666666
0.75
0.6
0.5714285714285714
0.5555555555555556
0.6
0.6363636363636364
0.6666666666666666
0.619047619047619
0.6041666666666666
0.5925925925925926
0.6140350877192983
0.6333333333333333
0.6507936507936508
0.6666666666666666
0.6811594202898551
0.6840277777777777
0.6966666666666665
0.7083333333333333
0.7145061728395061
0.7247023809523808
0.7169540229885056
0.6930555555555554
0.6809895833333333
0.6906565656565656
0.6607142857142856
0.642361111111111
0.652027027027027
0.6611842105263157
0.6447916666666667
0.6534552845528455
0.6463178294573643
0.6543560606060606
0.662037037037037
0.6693840579710144
0.676418439716312
0.6831597222222222
0.689625850340136
0.6958333333333333
0.68218954248366
0.675314465408805
0.6813271604938271
0.6871212121212121
0.6927083333333333
0.6980994152046783
0.7033045977011494
0.7083333333333333
0.7131944444444444
0.717896174863388
0.7224462365591398
0.7109788359788359
0.7154947916666666
0.6983830845771144
0.7028186274509803
0.7071256038647342
0.6820776255707762
0.6863738738738738
0.6726190476190476
0.6768162393162392
0.6809071729957805
0.6848958333333333
0.6681726907630522
0.6642156862745098
0.6681201550387597
0.6719348659003831
0.6756628787878788
0.6793071161048688
0.6680253623188406
0.671594982078853
0.6724290780141844
0.6753987240829346
0.6787799873737373
0.6816791627616369
0.6849273345701916
0.6780088766452401
0.6812287878787877
0.6843849384938493
0.6874792038027331
0.6905133862900852
0.6868845598845598
0.677063692480359
0.6800264108979704
0.6707399891774891
0.673653794582998
0.6765164805954279
0.673473092998955
0.6762639212639212
0.6790074473549049
0.6817048637636872
0.6843573232323231
0.6828337089907337
0.685433432687531
0.687990884454299
0.6905070869990224
0.6929830303030302
0.6954196729196728
0.6978179432116439
0.7001787405303029
0.7025029363401456
0.7047913752913751
0.7016884756657483
0.7039314194577352
0.7061408864767073
0.7046139169472502
0.7067858734402851
0.7089261225392611
0.7110353535353534
0.71311423588402
0.7151634199134198
0.7171835375026864
0.7191752027315407
0.7211390125026488
0.723075547138047
0.713170402656704
0.7151216244073386
0.7170464782964782
0.7155897905226764
0.7127342966084688
0.714624202551834
0.715763187429854
0.7176088810179718
0.7194307592049527
0.7212292799792799
0.7230048896609406
0.7247580232706814
0.7174643955078737
0.7192084424491831
0.7209310900415193
0.7226327297363881
0.7235561677379858
0.7193818423758542
0.7198617123617123
0.7215193353654891
0.7230577560248547
0.7246773013112591
0.7262780146757284
0.7208035547369269
0.7214465820431921
0.7230292719179467
0.71649805507016
0.7152952880975479
0.7165774601028246
0.7181347268055563
0.7196749742000615
0.717300109614115
0.71882000149791
0.7164921291415492
0.717992170786303
0.7194764225190067
0.7209451323487501
0.722398543117767
0.7238368926352915
0.7215411296339039
0.7229618381561799
0.7243681232416815
0.7257602034273296
0.727138292857343
0.7285026013930563
0.7294010506850854
0.7307406494440701
0.730835523092129
0.7321549568024617
0.7334615179887911
0.7347553941150591
0.7360367690227158
0.7373058230177989
0.7385627329555128
0.7398076723223913
0.741040811316124
0.7422623169231235
0.7434723529939069
0.7446710803163653
0.7458586566869868
0.7467546533661857
0.7479216826133461
0.7467844271885142
0.7474840416762379
0.7486318414868005
0.7497692539687607
0.7508964194914239
0.7520134759062606
0.7531205586031077
0.7542178005648716
0.7553053324207792
0.7563832824982207
0.7574517768732286
0.7552130657699831
0.7562727494679485
0.7573232979616212
0.7583648288716571
0.7593974578081031
0.760421298413175
0.7571991742673564
0.7582236503253
0.75923951734074
0.7602468833769712
0.7612458546962338
0.7622365357970793
0.7632190294508104
0.764193436737021
0.7651598570782627
0.7640775719473311
0.7650366062077077
0.7659878750084863
0.7669314722866779
0.7678674904702655
0.7687960205083845
0.7697171519007814
0.7706309727265719
0.7715375696723167
0.7724370280594335
0.7733294318709651
0.7732383012777192
0.7741206425178837
0.7749961439034733
0.769763175481094
0.7706419419868913
0.7715140258576635
0.7723795030324451
0.7732384483040208
0.7740909353404718
0.7749370367062379
0.7755102993624512
0.7761832043430014
0.7770121554380273
0.7778349888127947
0.7786517719421594
0.7794625713123347
0.780267452438932
0.7810664798846086
0.7790371190190157
0.7798319495261417
0.7802228346134633
0.7810077530612723
0.781787084900912
0.7813788564674571
0.7819305212855933
0.7826983715627567
0.7834608334169225
0.7842179633700102
0.7849698171561774
0.7857164497354963
0.7864579153073457
0.783960451443219
0.7847003129108793
0.7846766865111076
0.7854090787338589
0.7850065620827836
0.7857328912649364
0.7864543293414854
0.787170925551749
0.787882728476325
0.7885897860480706
0.7892394112908577
0.7899372940349277
0.7906305702922382
0.79131928552154
0.7894152379037521
0.7901011817542285
0.7907826714238577
0.7914597501571138
0.7921324606404779
0.7928008450114089
0.7934649448671416
0.7941248012733169
0.7947804547724464
0.7954319453922164
0.7935680214465242
0.7942171786117866
0.7948622658261698
0.795503321245463
0.7961403825499943
0.7967734869520129
0.7974026712029355
0.7980279716004572
0.7986494239955328
0.7992670637992275
0.7998809259894439
0.8002138832549972
0.8008211358894806
0.8011361079163667
0.801736905173417
0.8008280590734971
0.8014261730102132
0.8020207054263504
0.8023984687790223
0.8029865685743228
0.8035711781631231
0.8041523285235872
0.8047300502683554
0.805304373649919
0.8058753285659017
0.8040917989532725
0.8046612995377107
0.8052274986694854
0.8057904249739088
0.8063501067463184
0.8069065719568175
0.8074598482549354
0.808009962974207
0.8085569431366737
0.8068087451585623
0.8073544831665889
0.8078971465942887
0.8082807064197105
0.8086309938900568
0.8069116011664352
0.8074479578298619
0.8079813429882279
0.808511781267266
0.8090392970213506
0.809563914337226
0.810085657037672
0.81060454868511
0.8111206125851506
0.8116338717900823
0.8121443491023043
0.8126520670777034
0.8131570480289765
0.8136593140288986
0.8141588869135395
0.8146557882854285
0.8151500395166674
0.8134781560179052
0.8139716000496039
0.8123191179440796
0.8128117186843838
0.8126472901014404
0.8131364616677552
0.8136230854654954
0.8141071813474032
0.8145887689604929
0.8150678677487087
0.8142558371617274
0.8147333285829056
0.8131234394341439
0.8136001653539547
0.8140744651876597
0.8145463574079956
0.8150158603006336
0.8154829919665411
0.8138976502983675
0.8143640722274442
0.8148281620468757
0.815289937203866
0.8157494149720156
0.8162066124534746
0.816661546581065
0.8151016374846065
0.8155559332156026
0.8160080020067408
0.8164578601925434
0.8169055239481714
0.8173510092913632
0.8177943320843453
0.8182355080357149
0.8186745527022953
0.8191114814909645
0.8183443865835343
0.8187800115557561
0.8192135521979671
0.8176934876636911
0.8161878313240528
0.8166223754580384
0.8170548698555431
0.8174853289852947
0.817913767180165
0.8183401986387594
0.8187646374269866
0.8191870974796044
0.8177059508555691
0.8181279278211812
0.8185479557015017
0.8189660479694707
0.8193822179741386
0.8197964789420877
0.8202088439788335
0.820619326070206
0.8210279380837135
0.821434692769887
0.821839602763606
0.8222426805854078
0.8226439386427771
0.8230433892314195
0.8234410445365175
0.8238369166339692
0.8223912161132818
0.8209583662638895
0.8213553543652999
0.8217505858821909
0.8221440724475724
0.8225358255919609
0.822925856744506
0.8233141772341015
0.8237007982904819
0.8229940279885377
0.8226534455019977
0.8230389814900368
0.8234228448707526
0.8238050465052315
0.8241855971607277
0.8245645075116744
0.8249417881406816
0.8253174495395214
0.8256915021101006
0.8260639561654208
0.8264348219305265
0.8268041095434403
0.827171829056087
0.8275379904352054
0.8279026035632494
0.8282656782392762
0.8286272241798252
0.8289872510197835
0.8293457683132431
0.8297027855343451
0.8300583120781148
0.8304123572612853
0.8307649303231122
0.8311160404261763
0.831465696657178
0.8318139080277209
0.8321606834750865
0.8325060318629979
0.8328499619823757
0.8331924825520839
0.8335336022196665
0.8338733295620754
0.832516120905319
0.832855844798006
0.8331941932903177
0.8335311747180141
0.8321889969525492
0.8325259668381867
0.8318595821351041
0.8321958629708339
0.8325308013680977
0.8328644053494362
0.8331966828735924
0.8335276418361447
0.8338572900701325
0.8341856353466738
0.8345126853755759
0.8315645715400333
0.8318941907738101
0.832222522432455
0.8325495740456471
0.8328753530844688
0.8315851385376297
0.8319108926216963
0.8322353889679864
0.8315952437098593
0.8319190990104172
0.8322417111044471
0.8322894144493482
0.8326100847850092
0.8319753327148087
0.8275664286790905
0.826330328948226
0.8266573904756305
0.8269832224484206
0.8273078317871666
0.8260842511075884
0.8248697846230164
0.825195305469442
0.8255196184463076
0.8258427302639996
0.8261646475832898
0.8264853770157929
0.8268049251244195
0.8271232984238232
0.8274405033808436
0.8277565464149447
0.8280714338986468
0.8268762738480142
0.8271910442591996
0.8275046721280577
0.8263202067677392
0.8266337081995664
0.8269460798965041
0.8272573279542442
0.8275674584247034
0.8263954818292661
0.8267054898974282
0.8270143927674862
0.8273221963390743
0.8276289064699108
0.8279345289761698
0.8282390696328492
0.8285425341741339
0.8288449282937562
0.8291462576453518
0.8294465278428116
0.8297457444606312
0.8300439130342553
0.8303410390604192
0.8306371279974866
0.8309321852657836
0.83122621624793
0.8300781184446443
0.8303721009386847
0.8306650679491533
0.8309570247285514
0.8312479764932182
0.8315379284236423
0.831826885664768
0.832114853326301
0.8324018364830081
0.8326878401750167
0.8329728694081087
0.8332569291540133
0.8335400243506957
0.8338221599026437
0.8341033406811502
0.8343835715245942
0.834662857238718
0.834941202596902
0.8352186123404366
0.8354950911787916
0.8357706437898824
0.8360452748203341
0.8363189888857425
0.836591790570933
0.836863684430216
0.8371346749876408
0.8374047667372467
0.8376739641433109
0.8379422716405946
0.8376596386290865
0.835175272593147
0.8354454770643057
0.8357147970691104
0.8346194796235342
0.834888829005255
0.8351573024540269
0.8354249042357573
0.8356916385886978
0.8342031357176519
0.8331267971163068
0.8320573691961902
0.8323265080276067
0.8323662141861911
0.8321015184233803
0.8323692990957513
0.8313124809746201
0.831580238941327
0.8318471482298511
0.832113212868728
0.8323784368610364
0.8326428241845995
0.8329063787921828
0.8318611468336515
0.8320201941479143
0.8309826310412021
0.8312463086838835
0.8315091649008868
0.8317712035246801
0.8320324283639275
0.8322928432036734
0.8325524518055253
0.8328112579078352
0.8330692652258785
0.8333264774520328
0.8335828982559528
0.8325596378318548
0.8315426358812986
0.831799822696747
0.8320562254060508
0.8323118475896032
0.8287880240035844
0.8290466523661169
0.8293045005525933
0.8295615720879056
0.8298178704757433
0.8300733991987528
0.8303281617186946
0.8304158274779315
0.8306693165250497
0.8309220488884451
0.8311740279512045
0.8314252570762771
0.8316757396066244
0.8319254788653683
0.8309434508213879
0.8311931650742367
0.8314421427068706
0.8316903869738708
0.8319379011106739
0.8309644761807305
0.8312119659667031
0.8314587320983308
0.8317047777449026
0.8319501060572277
0.8321947201677704
0.8324386231907823
0.8326818182224358
0.8314750329786351
0.831718918603847
0.8319620993573096
0.8322045782904159
0.8324463584369716
0.831491052809279
0.8305412217124043
0.8307836520103837
0.8310253896503689
0.8312664375966594
0.8315067987966641
0.8317464761810217
0.8319854726637191
0.8322237911422102
0.832461434497533
0.8326984055944247
0.8329347072814381
0.8331703423910554
0.8334053137398003
0.8322331543674518
0.8313012240606708
0.831537496856104
0.8317731087486129
0.8320080625073439
0.8322423608859948
0.8324760066229223
0.8327090024412492
0.8329413510489698
0.8331730551390544
0.8334041173895543
0.8324831115404119
0.8327141693175976
0.832944590571981
0.831798862111772
0.8320299076308493
0.8322603192801896
0.8313512623190947
0.8304471661054
0.8306781645167006
0.8309085343608955
0.8309873120165043
0.8312166372376488
0.831294783920103
0.8315230724398323
0.8317507439635623
0.8310781158790411
0.8313057734048106
0.8308598706142254
0.8310872094978083
0.8313139380756637
0.8315400588021038
0.8317655741182991
0.8319904864523655
0.8322147982194519
0.8324385118218259
0.8326616296489606
0.832884154077619
0.8331060874719382
0.8322236872402244
0.8324456135798538
0.8326669535883348
0.8326238573434952
0.8317485314031177
0.8319696240031135
0.8321901363075713
0.829149978937819
0.8293727299431153
0.8295949008676685
0.8297164639654698
0.8299376114148653
0.8301581852003195
0.8303781875510963
0.830597620684924
0.8308164868080702
0.8310347881154145
0.8312525267905235
0.8314697050057224
0.8306186916424214
0.8308358471659568
0.8310524465934012
0.8312684920581155
0.8300589878874132
0.8302754732531618
0.8294361454939415
0.8296525970859543
0.8286010728817895
0.8288180335490278
0.8290344456431504
0.8292503112420858
0.8294656324132812
0.8296804112137682
0.8298946496902289
0.8301083498790602
0.8303215138064391
0.830534143488386
0.8292911414629982
0.8291921512739059
0.8294051286413947
0.8294930425534228
0.8297051158835803
0.8288869890451596
0.8290990249942981
0.8282854303713209
0.8284974236671587
0.8287088941681856
0.8278716572650001
0.82808311714551
0.8282748863269265
0.8282810854041402
0.8284912676741475
0.8287009360510739
0.828910092417312
0.8291187386460713
0.8293268766014354
0.8295345081384166
0.8297416351030115
0.8299482593322554
0.8279386993822984
0.8279740127532301
0.828181773607393
0.828389033229097
0.8284997035490294
0.8287060817637717
0.8289119638770365
0.8287171916114777
0.828922566681488
0.8281356705889485
0.8283410043158435
0.828545847986111
0.8287502033520393
0.8289540721575726
0.8291574561383602
0.8292943765520254
0.8291014611191839
0.8293039475396589
0.8295059547023338
0.8297074843067045
0.8289298723154152
0.8291313683433121
0.8293323902629083
0.8285593095345916
0.8277898497932927
0.8277963333997724
0.827997505907483
0.8272329429566496
0.8274340687506466
0.827247129911014
0.8274477720365528
0.8276479486351184
0.8278476613249965
0.8280469117169815
0.8282457014144186
0.8284440320132471
0.8286419051020438
0.8288393222620646
0.8290362850672865
0.8292327950844506
0.8292853406698876
0.8294811143617798
0.829676439545787
0.8298713177614097
0.8300657505411109
0.8302597394103562
0.8304532858876534
0.8302667407632559
0.830459838896631
0.8306524981706122
0.8299027192631958
0.8300953549152194
0.8287844049606087
0.8287519169188924
0.8289449812741134
0.8291376107997056
0.8293298069630356
0.8285905705837695
0.8287827336212317
0.8288144918782547
0.8290059745495318
0.8290108095872792
0.8292016457372934
0.8293920563886453
0.8295820429628228
0.828479268052535
0.8286696351246188
0.8288595800967644
0.8279416846592265
0.8272169516544547
0.8274076614208405
0.8275979506585243
0.8268771630883185
0.8270674079640457
0.8272572351781355
0.8274466461044754
0.8276356421109327
0.827824224559389
0.8280123948057722
0.828200154200089
0.8274548621672153
0.8273705804891226
0.8274374482156441
0.8267271717553065
0.8269148996298945
0.8271022211670915
0.8272891376847488
0.8272956648938725
0.8274819694624875
0.8267769490761313
0.8269632104212107
0.8271490716345069
0.8273345340039978
0.8275195988121393
0.8277042673358951
0.8278885408467658
0.8280724206108183
0.8282559078887151
0.828439003935742
0.8277401975443893
0.8279232579083167
0.8280301031001034
0.827858985988297
0.8280413387573772
0.8282233055946709
0.8284048877240635
0.82771205040819
0.8276828490905838
0.8278642355652253
0.8280452405751462
0.8282258653224411
0.8284061110041595
0.8285859788123312
0.8287654699339937
0.8289445855512175
0.8291233268411327
0.8293016949759541
0.8289583146892221
0.8291364831114209
0.8293142807356545
0.8284522076787567
0.828630346611593
0.8288081159615809
0.8288374783876755
0.8290146652630506
0.8291914856712584
0.8293679407480443
0.8295440316244653
0.8297197594269143
0.829895125277144
0.830070130292291
0.8302447755848992
0.8304190622629434
0.8302511110879728
0.8304250341298909
0.829067655055324
0.8292422539776373
0.8294164965756192
0.8295903839389469
0.8297639171528584
0.8299370972981759
0.8301099254513281
0.8302824026843725
0.8304545300650171
0.8306263086566432
0.8307977395183268
0.8309688237048604
0.8311395622667747
0.8313099562503601
0.8314800066976884
0.8316497146466333
0.8318190811308922
0.8319881071800069
0.8321567938193845
0.8323251420703178
0.8324931529500069
0.8326608274715784
0.8328281666441069
0.8329951714726342
0.8323311731247327
0.8322491699642499
0.8324160862130416
0.8320856527277405
0.8312593511858063
0.8314267526231219
0.8315938222439117
0.8317605610337692
0.8319269699743886
0.8320930500435839
0.8320120105075093
0.8321776791362001
0.8323430213242432
0.8324224509078423
0.8325872272589654
0.8327516798844476
0.832915809737358
0.8330796177670272
0.8332431049190674
0.8334062721353892
0.8327545227654295
0.8329178484267914
0.833080855403936
0.8332435446286884
0.8334059170292448
0.8334931456343495
0.8336549598757156
0.8335737414680692
0.8335411772183426
0.8337024745272396
0.8338634595470583
0.83402413318386
0.8341101745267518
0.8342702998409152
0.8343095763116568
0.834469200997291
0.834628518416928
0.8347875294569117
0.8336650965788754
0.8330258914130155
0.8331856752489839
0.8333451535709255
0.8325492174166076
0.8319151864968428
0.8320752672716077
0.8322350434207308
0.8323945158129165
0.832553685313569
0.8327125527848085
0.8328711190854864
0.8325559002227161
0.8317682409036785
0.8311416719879019
0.8292646239502713
0.8284890638801894
0.8286501070126963
0.8288108480004892
0.8289712876930848
0.829131426936818
0.8277426367586569
0.8279033245975014
0.8280637129249968
0.8274533618311828
0.827613721160336
0.8270059034958456
0.8264003370078903
0.826560928740538
0.8267212236307963
0.8261184169451306
0.8252108937708915
0.8253716933166404
0.8255321972749892
0.8256924064602279
0.8258523216836589
0.8260119437536096
0.8252555225596961
0.824500485485076
0.8246609055166254
0.8248210325435509
0.8249808673678724
0.8251404107886856
0.8237991187592619
0.8232114615564321
0.8233717412830355
0.8235317306478154
0.8222032797065837
0.8223637460606391
0.8223951068461055
0.8221046608039019
0.82226478262136
0.822424616449938
0.8216856904693002
0.8209480911062218
0.8211086757778754
0.8203729153157088
0.8205337273879418
0.820097948860165
0.8198118917119431
0.8190799168086289
0.8170547213751462
0.8172173394005906
0.8159304138525394
0.8153712449784641
0.815534488793691
0.8156974441922831
0.815860111937921
0.8160224927915912
0.8161845875115986
0.8163463968535778
0.8157904277905663
0.8159521570023393
0.815487036062613
0.8156487476874485
0.8158101761045348
0.8145460446387587
0.8147078718249379
0.8148694168364243
0.8145951403409223
0.8147565022727404
0.8149175835751119
0.8150783849794776
0.8152389072147385
0.8153991510072669
0.8141481151482515
0.8143087477194285
0.8144691028595672
0.8146291812867806
0.8139269147511886
0.8140871844197922
0.812848128102559
0.8130087734861621
0.8123115103871172
0.8117767304035777
0.8103890778729733
0.8105510000951143
0.8107126459994699
0.807955119992669
0.8067474309680905
0.806911204331677
0.8050297475602861
0.8031609605314636
0.8033265106067105
0.8034917824465367
0.8036567767517874
0.8029825680464587
0.8031477125828824
0.8026403523944592
0.8028053688222231
0.8029701095333156
0.8031345752181792
0.8032987665649531
0.8034626842594823
0.8002945448684733
0.8004600009207777
0.8006251830392208
0.8007900919035391
0.799357993216209
0.7995234029497489
0.799688540179609
0.7991956313964189
0.7993606308776051
0.7988694731567231
0.7990343342442995
0.7991989252891445
0.7971335138324179
0.7972989840495204
0.7968147837497654
0.7963321580851317
0.7956852595001722
0.7954452552310974
0.7956111552674063
0.7951324327487547
0.7950959178355275
0.7952615638194923
0.7954269422008983
0.7955920536276934
0.7957568987457355
0.7946408322161802
0.7948059119330483
0.794970726461616
0.7951352764403788
0.7940260644072954
0.7941908435557696
0.7943553592683549
0.7945196121762875
0.7940498839272025
0.7942139876053482
0.7937458667022371
0.7907668681272463
0.7909324006682849
0.7910976714977961
0.7912626812359494
0.7908032763759558
0.7909681280100174
0.7903453184604031
0.7886487868482825
0.7881963592826896
0.7883622196121473
0.787911301364122
0.7872957456599312
0.7874617911356065
0.7876275775699781
0.7859553300503204
0.7861216429251842
0.7856776993364717
0.7846273641212941
0.7847939322851601
0.7849602430020959
0.7851262968685034
0.7852920944789444
0.7854576364261465
0.7856229233010108
0.785787955692619
0.78595273418824
0.7861172593733374
0.786281531831576
0.7864455521448288
0.786609320893184
0.7867728386549517
0.7869361060066707
0.7870991235231155
0.7872618917773028
0.7874244113404981
0.786823324003597
0.7869859301637773
0.7871482884487134
0.7873103994247617
0.7871340258753939
0.787295901140888
0.7874575303953402
0.7876189141991402
0.7871827975741226
0.7873440227274755
0.7875050037852139
0.7876657413012614
0.7878262358278667
0.78798648791561
0.7881464981134095
0.7877122155239394
0.7878720707833341
0.7880316854780043
0.7878151203009531
0.7879745379415986
0.7881337162164171
0.7882926556641168
0.7884513568217899
0.7886098202249195
0.788768046407386
0.7881780927451516
0.7883364050824123
0.7884944809561372
0.7886523208957221
0.7888099254289841
0.7889672950821667
0.7891244303799462
0.7892813318454373
0.789438000000199
0.7890082479586249
0.7891647700298722
0.7893210600446758
0.7894771185187168
0.7896329459661493
0.7892048115301313
0.7893604948303307
0.789515948339681
0.789671172566569
0.7898261680178833
0.7896127466865005
0.7897675570274229
0.7899221397060792
0.7900764952242966
0.7902306240824285
0.79038452677936
0.7904818085948274
0.7903911015311438
0.7905445487481781
0.7906977714630661
0.7908507701681369
0.7910035453542814
0.7911560975109572
0.7913084271261935
0.7914605346865972
0.7916124206773572
0.7917640855822499
0.7919155298836446
0.7920667540625083
0.7922177585984106
0.7923685439695293
0.792519110652655
0.7926694591231966
0.7928195898551856
0.7929695033212817
0.7931191999927775
0.792907408663303
0.7930569340000082
0.7932062435714368
0.7933553378442764
0.7935042172838698
0.7936528823542198
0.7938013335179938
0.7939495712365287
0.7940975959698358
0.7938864706317382
0.7940343282568231
0.7941819738996497
0.7937608114459637
0.7939083359012956
0.7934884668500081
0.7936358698001509
0.7930697957132748
0.7932172869494022
0.7933645680840536
0.7935116395658444
0.7936585018421133
0.7938051553589277
0.7939516005610876
0.7935346479361782
0.793118876480178
0.7932652891649054
0.7934114947595554
0.7934004461963174
0.7935463498360092
0.7936920475425471
0.7932781052627126
0.7934236840618233
0.7935690579646651
0.7937142274035085
0.7938591928094091
0.7940039546122115
0.7941485132405538
0.793591606849782
0.7937362518344703
0.7927703715858665
0.7929151861410126
0.7930597984411936
0.7932042089098319
0.7933484179691696
0.7934924260402711
0.7936362335430287
0.793779840896165
0.792676602757324
0.7928205773387424
0.7929643520942325
0.7931079274395209
0.7932513037891816
0.792845419631688
0.7929886800607118
0.7931317424794673
0.7932746072981969
0.7934172749260104
0.7935597457708891
0.7937020202396893
0.7938440987381468
0.7932977504251818
0.7934399115321796
0.7935818772287211
0.7931788822016398
0.7933207348201572
0.7934623929868329
0.7936038571012254
0.7937451275617996
0.7938862047659296
0.7940270891099037
0.794167780988927
0.7943082807971257
0.7939070425138304
0.7940474328118454
0.7941876319726271
0.7943276403862511
0.7944674584417329
0.7946070865270307
0.794746525029049
0.7948857743336426
0.7950248348256198
0.795163706888746
0.7953023909057475
0.7954408872583147
0.7955791963271056
0.7954920932665243
0.7956301809820769
0.7957680823444372
0.7959057977305839
0.7960433275164797
0.7961806720770747
0.7963178317863094
0.7959195551306827
0.7960566138579287
0.7961934886137287
0.7963301797682467
0.7964666876906541
0.7966030127491333
0.7967391553108808
0.7965406675815758
0.7966766698091282
0.7968124903369779
0.7969481295290093
0.797083587748136
0.7972188653563039
0.7973539627144942
0.7974888801827269
0.7970932832675903
0.7972281050062829
0.7973627476988419
0.797497211701696
0.7976314973703288
0.7977656050592815
0.7978995351221562
0.7980332879116188
0.798166863779402
0.7983002630763092
0.7984334861522165
0.7985665333560765
0.7986994050359207
0.7988321015388634
0.798964623211104
0.7990969703979302
0.7987905469524929
0.7989228345613341
0.7990549483362609
0.7989680223469835
0.7990999330934749
0.7992316708422662
0.7993632359334574
0.799494628706258
0.7996258494989894
0.7997568986490882
0.7993653155025838
0.7994962780903759
0.7996270698202582
0.7994317457851733
0.7995624091429681
0.7996929023661822
0.7998232257868939
0.7999533797363172
0.8000833645448057
0.8002131805418544
0.8003428280561038
0.800422422151448
0.800551766012659
0.8006809423300083
0.7987420109474066
0.7988718548113115
0.7990015312427677
0.7986164680988621
0.7987460585312309
0.7982323954710822
0.7977208573908366
0.7978506899599055
0.7974688301009826
0.7975985746044412
0.7977281529817751
0.7973474264434353
0.7974769169057717
0.7976062419907617
0.7977354020150177
0.7978643972943449
0.797993228143743
0.7981218948774094
0.7982503978087414
0.7983787372503389
0.7985069135140068
0.7986349269107578
0.7987627777508144
0.7988904663436122
0.7987009352932991
0.7988285012405151
0.7984502373148942
0.7985777197707354
0.798200489549926
0.7976965750994525
0.7978242113296736
0.7979516866062628
0.79807900123348
0.7982061555148191
0.79833314975301
0.7984599842500206
0.7974568938175457
0.7975840395213639
0.7968974137664782
0.797024671026023
0.7968386818769773
0.796965816619232
0.7970927923436728
0.7972196093484579
0.7968485486626297
0.7969752806971508
0.7971018547116787
0.797228271001578
0.7973545298614775
0.7969846859188636
0.7971108607567016
0.7972368788556105
0.7973627405074691
0.7974884460034323
0.7976139956339323
0.797245433410237
0.7968777829050914
0.7970033219762255
0.7971287059651221
0.7972539351589708
0.7973465412576097
0.7971632203320502
0.7972881967828622
0.7974130193217891
0.7975376882329757
0.7971719381552461
0.7972087753290714
0.7972104887880468
0.7973348995311217
0.7974591577165716
0.7975832636248336
0.7977072175356572
0.7978310197281079
0.7979546704805678
0.7980781700707386
0.7982015187756434
0.7978376365074609
0.7979609062412978
0.7980840257377991
0.7982069952714546
0.7983298151160854
0.7983916582942386
0.7985142165566738
0.7986366259026296
0.7986374536950385
0.7982752493849171
0.7983975068095324
0.7985196161330881
0.7986415776245329
0.7987633915521648
0.7984023481786878
0.7985240858911403
0.7986456766661004
0.7987671207694381
0.7988884184663824
0.7990095700215231
0.7986497510443612
0.7987708275620736
0.7986914380423047
0.7988123440855226
0.7989331049834304
0.7990537209972376
0.798574672003834
0.7986953582399012
0.798815899941554
0.7989362973682795
0.7987575077167435
0.7988777961161955
0.7985209271059075
0.7986411413498777
0.7987612122256381
0.7988811399895084
0.7986038631540967
0.7982485938344607
0.7975970803539681
0.7977172721114777
0.7978373212081474
0.7979572278978223
0.7980769924337453
0.7981966150685594
0.7983160960543093
0.7984354356424428
0.7985546340838133
0.7986736916286811
0.7983210662548573
0.7983557693763252
0.7984746633802307
0.7985934172615623
0.7981231031171209
0.7982419241276464
0.7983606053487478
0.7984791470269672
0.7985975494082674
0.7987158127380336
0.7983654129576957
0.798015834266474
0.7975277553275459
0.7971799730302607
0.7972984426721823
0.7972708312053567
0.7973891096002194
0.7974343637637178
0.7970879055648085
0.7972060150493457
0.7968604266597535
0.796399497012065
0.7963242022759389
0.7961523204880758
0.7962704930559088
0.7959273888369675
0.796045486412872
0.7961345289308518
0.7962523702436085
0.7963700754023355
0.7964876446428654
0.7960280441554777
0.7961456750412012
0.7962631703293619
0.7953463445719302
0.7954640969628555
0.7955817139283743
0.7956991957019787
0.7958165425166243
0.7959337546047318
0.7960508321981886
0.7961677755283503
0.7962845848260417
0.7964012603215594
0.7965178022446725
0.7960970516744343
0.7962135676449061
0.7958754243028457
0.7959918673009616
0.7961081775248493
0.7962243552014733
0.7963404005572812
0.795550735291976
0.7956668996469237
0.7957829320718829
0.7958988327914788
0.7954473870553521
0.7951126024807851
0.7952286202596748
0.7948946512322317
0.7950105954655656
0.7951264086884665
0.7952420911228604
0.7950754759472831
0.7947025449871234
0.7948182055251589
0.7949337358148406
0.7950491360760591
0.7938249942768989
0.7934954093141655
0.7936111630084961
0.7937267870068107
0.7938422815269636
0.7939576467863217
0.7940728830017657
0.7941879903896909
0.7943029691660095
0.7944178195461513
0.7945325417450653
0.7946471359772209
0.7947616024566093
0.7948759413967449
0.7949901530106664
0.7951042375109388
0.7946620215835134
0.7947761616493368
0.7948901748928651
0.795004061525351
0.7948403522792215
0.7949541402147293
0.7950678019995328
0.7951813378433003
0.7948546291129812
0.7949680944729851
0.7950814343875937
0.7951946490647276
0.7948688271562677
0.7949819717634622
0.7950949916246731
0.795207886946092
0.7953206579334565
0.7954333047920512
0.795545827726709
0.7956582269418125
0.7957705026412951
0.795882655028642
0.7955580443264713
0.7952067478395382
0.7953189018659129
0.7941269479820531
0.7942393854763282
0.7943517002222473
0.7944638924207076
0.7945759622721685
0.7946879099766524
0.7939348829201072
0.7940469357298299
0.7941588667430202
0.7942706761581516
0.7943823641732666
0.7944939309859778
0.7946053767934691
0.7947167017924971
0.7948279061793917
0.794938990150058
0.7950499538999768
0.7951607976242061
0.7952715215173822
0.7953821257737207
0.7954926105870178
0.7956029761506515
0.795713222657582
0.7953945661676493
0.7955047467997615
0.7956148088305474
0.7957247524514024
0.7958345778533102
0.7959442852268442
0.7960538747621682
0.7961633466490377
0.796272701076801
0.7963819382344006
0.7964910583103736
0.7966000614928532
0.7967089479695701
0.7968177179278529
0.7969263715546294
0.7970349090364282
0.7967177334795286
0.796826208541706
0.7969345678971504
0.797042811730894
0.7971509402275744
0.7972589535714362
0.7965190403015189
0.796627159833771
0.796312269005922
0.796420326157643
0.796528268720656
0.7962141497919264
0.7956361454006122
0.7953236336190048
0.7954317563693382
0.7955397649457007
0.7956476595288428
0.7957554402991335
0.7958631074365614
0.7955164023909902
0.7952054961286115
0.7948952433738783
0.7950029664603416
0.795110576451701
0.7952180735259656
0.7953254578607711
0.7954327296333807
0.7951233759897856
0.7952305851075303
0.7949219279354367
0.7950290742635792
0.7943065457175225
0.7944137894371691
0.7945209213863942
0.7946279417398388
0.7943213569929711
0.7944283141656217
0.7941224146184366
0.7942293084841591
0.7943360914065856
0.7939240913591755
0.7940309217939298
0.7941376415235701
0.7934224770514695
0.7927095289981873
0.7919987870760652
0.7921060041961291
0.7913976573033918
0.7906914944195738
0.7903930431932703
0.7905005890920936
0.790608024687431
0.7907153501488932
0.7900131259674976
0.7893130547473124
0.7890176866464984
0.7887229210303368
0.7884287560573053
0.7873338323032488
0.7870419746777504
0.7871500751982186
0.7872580660276461
0.7873659473329059
0.7874737192805324
0.7875813820367227
0.7876889357673369
0.7873978999193174
0.7875053832863956
0.7876127580295555
0.7873223867443162
0.7874296912918721
0.7875368876149725
0.7876439758772633
0.7877509562420607
0.7878578288723517
0.7879645939307954
0.7880712515797236
0.7881778019811415
0.7882842452967289
0.7883905816878405
0.7884968113155073
0.7886029343404367
0.7887089509230143
0.7884196633970393
0.7885256124889787
0.788631455525771
0.7887371926665785
0.7888428240702452
0.7889483498952976
0.7890537702999453
0.7891590854420821
0.7880845282214701
0.7881900638149852
0.7882954943456896
0.7884008199703932
0.7884861502439038
0.7885912764117746
0.7886962981323847
0.788801215561316
0.7889060288538414
0.7890107381649258
0.7887243053223442
0.7884384396735101
0.7885431212966306
0.7886476993770972
0.7883624743777127
0.7880778125076459
0.7877937121008336
0.7878982987385365
0.7876147947515956
0.787719315029769
0.7878237324842551
0.787540859037096
0.7876452102851133
0.7873629284300738
0.7874672134087741
0.7875713961472992
0.7872897395399072
0.7866237888217558
0.7863437460383441
0.7864480703810989
0.7861686088490197
0.7851244635542797
0.7852290258591195
0.785333486449655
0.7854378454742297
0.7851605867608016
0.7852648777381022
0.7849881901748257
0.784712038827757
0.7848162944990269
0.7841613385592314
0.7842656588402565
0.783991138648233
0.7837171481623205
0.7834999910674174
0.7832268696887398
0.7829542740490009
0.78230609393264
0.782410653925948
0.7825151135255995
0.782619472876115
0.7819736375054258
0.7820780562614098
0.7806875210099492
0.7807922547630486
0.7808968885316581
0.7810014224588854
0.7803615919360761
0.7804661816542018
0.7790874021253319
0.7788224876477569
0.778189090745888
0.7782941646015271
0.778399138955409
0.7777678399403422
0.777872864590654
0.7779777900207009
0.7778465446052047
0.7779513834232297
0.7780561233367094
0.778160764485537
0.778265307009342
0.7783697510474912
0.7781077559876818
0.7782121267515634
0.7783163993765039
0.7784205740008571
0.7785246507627166
0.7786286297999172
0.7787325112500346
0.7788362952503863
0.7789399819380327
0.7786786798472243
0.7785482123004793
0.778417866857194
0.7781575415959905
0.7782612062961793
0.7772756443441342
0.777017232746423
0.7767593023621153
0.7768631835615746
0.7769669681273599
0.7770706561942463
0.7771742478967583
0.7764016928726174
0.7765054026625652
0.7766090162913725
0.7767125338927203
0.7768159556000419
0.7769192815465233
0.7760728840224181
0.7761763623569734
0.7759213518654158
0.7760247568714769
0.7761280664854661
0.7752858812254677
0.7750325117995814
0.7747796083404555
0.7748831103586813
0.7742751941902205
0.7743787376791241
0.7744821862175564
0.7742307137611042
0.7736256395885135
0.7737291486696344
0.7738325631355075
0.7731381324237747
0.7732416278013187
0.7733450287918333
0.7730959672621824
0.7731992933244493
0.773302525325667
0.7730539554981767
0.7728058374104909
0.7729090136877795
0.7730120962961827
0.7727644662768665
0.7728674742250636
0.7722705514443143
0.7723735964436609
0.7724765482317912
0.7725794069351223
0.7726821726798421
0.7727848455919107
0.7725386498828928
0.7722928981697432
0.772395515160203
0.7724980397029236
0.7722527669399147
0.7723552173371527
0.7724575756027385
0.7725598418608945
0.7726620162356201
0.7727640988506917
0.7728660898296635
0.7729679892958683
0.7730697973724172
0.773171514182201
0.77327313984789
0.7733746744919349
0.7734761182365669
0.7735774712037988
0.773678733515425
0.7737799052930221
0.7738809866579492
0.7738331017450456
0.773934069110338
0.7740349463664244
0.7737905995573594
0.7738914058855424
0.7739921224085333
0.7740927492462855
0.7739707676044313
0.7740713144159952
0.7741717718128756
0.7742721399142921
0.7743724188392525
0.773442268207165
0.7735426927336689
0.773643028270783
0.7737432749367392
0.7738434328495605
0.7739435021270608
0.7740434828868453
0.7741433752463117
0.7742431793226501
0.7743428952328433
0.7744425230936677
0.7738590453294344
0.7739587108008625
0.7740582884613028
0.7741577784267535
0.7742571808130093
0.7743564957356609
0.7744557233100955
0.7737751822527053
0.773874534390495
0.7739737993007714
0.7733942633963863
0.7734935647708839
0.7735927791533759
0.7736919066581248
0.7737909473991935
0.773889901490445
0.7738430176973432
0.7739418625322657
0.7740406210021075
0.7738013886834675
0.7735625736911574
0.7736612822466539
0.7737599047816226
0.7735215417822481
0.773402515871986
0.7735010793709542
0.7735995571625321
0.7733618512049626
0.7734602611697021
0.773558585709125
0.7729861211416662
0.773084480707896
0.7731827550774465
0.7732809443609627
0.7733790486688983
0.7734770681115155
0.772906687461695
0.7730047415690086
0.7731027110374725
0.7729129917200851
0.7730109162600937
0.7731087563823953
0.7732065121961039
0.7733041838101452
0.7734017713332575
0.773499274873992
0.7735966945407128
0.7736940304415981
0.7737912826846399
0.7738884513776448
0.7739855366282341
0.7740825385438442
0.7741794572317277
0.7739444126905946
0.7740412659842147
0.7741380363199817
0.7742347238044337
0.774000134648057
0.7737659464987852
0.7738625864191189
0.7736288155386928
0.773725390276091
0.7734920352971685
0.7735885448688357
0.7736849722347348
0.773781317499854
0.7719067550115268
0.7720035277077459
0.7717729185278326
0.7708896804092921
0.7703348752354848
0.7701065518611305
0.7702035942622023
0.7703005547709524
0.7703974334909984
0.7704942305257829
0.7705909459785745
0.770363079918803
0.7704597284541908
0.7698117387750871
0.7690517911831823
0.7688259818745938
0.7689229508419283
0.7690198384935669
0.7691166449317507
0.7692133702585493
0.7689879928033307
0.7690846505469277
0.7691812274392126
0.7692777235815874
0.7693741390752851
0.7694704740213689
0.7695667285207337
0.7693418084301865
0.7694379961664543
0.7695341037128626
0.7696301311696488
0.7697260786368835
0.7698219462144701
0.7692774697742857
0.7691655506264161
0.7689419911989855
0.7690379056899781
0.7688147303223382
0.7689105782782576
0.7686877857527578
0.7687835672079326
0.7688792693738233
0.7689748923488445
0.7690704362312478
0.7688480639698997
0.7689435418451702
0.7690389408782647
0.7691342611668003
0.7692295028082332
0.7693246658998586
0.7694197505388117
0.7695147568220673
0.7696096848464403
0.7697045347085867
0.769166247864785
0.76905561644355
0.7691504990990785
0.7692453038222411
0.7693400307090136
0.7694346798552143
0.7695292513565042
0.7693083257406382
0.7694028327763855
0.7694972624107933
0.76959161473891
0.7696858898556289
0.7694653780895983
0.769559589214204
0.7696537233689368
0.7694335978804723
0.7695276682199744
0.7692138314874214
0.7693079147195911
0.7694019212743102
0.7691825386022627
0.769242564702411
0.7683044640137495
0.7671517166222409
0.766935136389876
0.7654787632324399
0.7653040884426666
0.765089787886574
0.7648758332555113
0.7649706796317698
0.765065449519015
0.7647570797288018
0.7648518593098941
0.7647451932368736
0.7648399012911261
0.7637052289301556
0.7633985200028743
0.7628809927024297
0.7626702664557744
0.7623647094579956
0.7620593971995023
0.762154649642577
0.7622498258532041
0.7623449259228628
0.7624399499428858
0.7622302496233149
0.7621255250827305
0.7622204849529569
0.7623153690371737
0.7624101774260699
0.7625049102101903
0.7625995674799351
0.7626941493255607
0.7627886558371793
0.76288308710476
0.7629774432181287
0.7630717242669679
0.7631659303408179
0.7632600615290768
0.763354117921
0.7632495293118178
0.7633435152072875
0.7634374265107766
0.76353126331105
0.763575461858508
0.7636691695628843
0.7637628030139292
0.7638563622998642
0.7636475325710951
0.7633401798367565
0.7634337212676511
0.7635271887819665
0.7636205824672817
0.7637139024110372
0.7637225844881103
0.7635528056908105
0.763646041966169
0.7637392047403251
0.7638322941001594
0.7639253101324162
0.7640182529237026
0.7641111225604899
0.7642039191291128
0.7642966427157706
0.764389293406527
0.7644818712873103
0.7645743764439139
0.764568654270202
0.7646610527575372
0.7647533787470399
0.7648456323240018
0.7649378135735808
0.7650299225808012
0.7651219594305542
0.7650834099815471
0.7651753538523959
0.765071607626319
0.7651634841974467
0.7652552889338825
0.7653470219198404
0.7654386832394029
0.7655302729765214
0.7656217912150162
0.7657132380385765
0.7656096057304491
0.7657009860011195
0.7657922950478844
0.7658835329539818
0.76597469980252
0.7660657956764778
0.7661568206587048
0.766247774831922
0.7663386582787214
0.7664294710815668
0.7665202133227939
0.7666108850846103
0.7667014864490961
0.7667920174982039
0.7668048987947522
0.7668953195396943
0.7669856701910354
0.7670759508302485
0.7671661615386799
0.7672563023975499
0.7673463734879533
0.7674363748908594
0.7675263066871119
0.76761616895743
0.7677059617824078
0.767602560483921
0.7676922892250468
0.7677819487043116
0.7678715390018794
0.7679610601977908
0.7680505123719628
0.7681398956041894
0.7682292099741415
0.7683184555613675
0.7684076324452931
0.7684967407052218
0.7685857804203351
0.7686747516696929
0.7687636545322334
0.7688524890867735
0.768941255412009
0.7690299535865149
0.7691185836887457
0.7692071457970354
0.7692530360359511
0.7693414787204907
0.7691351658298584
0.7692235520603983
0.7693118706397858
0.769400121645662
0.7694883051555489
0.7695764212468502
0.7696644699968515
0.7697524514827198
0.7698403657815045
0.7699282129701375
0.769428866939291
0.7695167370357319
0.7693114691476619
0.7691065136916896
0.7688139665202588
0.7686096229501179
0.7683175980173861
0.768113864078117
0.7682018664067402
0.7682898019657665
0.7677953459574688
0.7675045143870304
0.7673020128621348
0.767390055990072
0.767187870692537
0.7672758571359638
0.7670739871532327
0.7671619169429068
0.7672497803704755
0.7664702027060136
0.7665581611984031
0.7666460534569881
0.7667338795565526
0.7668216395717683
0.7669093335771945
0.7669969616472783
0.7670845238563548
0.7671720202786477
0.7670716928207887
0.7671591283715317
0.7669587089203902
0.7670460884820999
0.7671334025418891
0.7672206511733834
0.7670205608318084
0.7668207699146128
0.766907972319282
0.7669951095258916
0.7670074431919881
0.7668080350940105
0.766484546510607
0.7661986514913938
0.7662858257451256
0.7663729350161859
0.7661745194221329
0.7662615728400696
0.7663485614620121
0.7664354853602778
0.7659526513000471
0.765755137262691
0.7654708925940708
0.7652739557301286
0.7653609880046076
0.7650773108407809
0.7651643514814475
0.7652513276475654
0.7653382394107466
0.765425086842497
0.7652287665119921
0.7653155580955366
0.7654022855315694
0.7652062720267455
0.7641646091590221
0.7639700127618515
0.763688727779244
0.7637757028518317
0.7637399747296149
0.763826866978703
0.7639136953364314
0.7640004598732426
0.7640871606594759
0.7641737977653666
0.7642603712610474
0.7639747803797114
0.7640613316153624
0.763867809203039
0.7639543045110232
0.764040736475684
0.7641271051665788
0.7640304615130236
0.7639338885570933
0.7633754573520077
0.7634619113317842
0.7632695331562954
0.7633559311368954
0.7634422660762835
0.763528538043433
0.7634324649344124
0.763518677592964
0.7634226780747152
0.7626756097908669
0.7627619095691248
0.7628481466067224
0.7629343209720543
0.7630204327334157
0.7627433737527571
0.7628294923103787
0.7629155483726754
0.7627248917023544
0.7625345113460483
0.7626205184045973
0.76243042030948
0.7619650221674235
0.7620510485417756
0.7621370127583429
0.7622229148844685
0.7623087549873983
0.762119499031419
0.7619305159751598
0.7620163067802138
0.7621020357763304
0.762187703030282
0.7617249105449976
0.7618105901888146
0.7618962082369135
0.7619817647556929
0.762067259811456
0.7621526934704105
0.7622380657986695
0.7620499466696892
0.762135264006846
0.7619474207506605
0.7620326831357784
0.7621178844665568
0.7619303224740942
0.7620154689968145
0.7621005546353569
0.7619132730672001
0.7619983040411047
0.7620832743002832
0.7621681839097406
0.7622530329343893
0.7623378214390489
0.7624225494884468
0.7625072171472178
0.7625918244799049
0.7626763715509591
0.7627608584247395
0.7628452851655136
0.7629296518374575
0.7628361491163205
0.762920459052646
0.7630047090671973
0.7630888992238342
0.7631730295863257
0.7632571002183505
0.7633411111834966
0.7634250625452619
0.7635089543670543
0.7629678424220742
0.763051807054585
0.7631357122220586
0.7632195579876436
0.7633033444143996
0.7631171327139651
0.763200866495261
0.7630149245196374
0.7630986056903578
0.7631822277850665
0.7629965613104386
0.7630801309291584
0.7628947326691661
0.7629782498468098
0.7630617082095399
0.7628765838547126
0.7629599899103389
0.7625071157115577
0.7625905343572509
0.7626738944224344
0.7619548567023469
0.7620382934858371
0.7621216717992618
0.7622049917040606
0.7622882532615872
0.7623714565331093
0.7624546015798087
0.7624677339332261
0.762463374585697
0.7625464003198509
0.7626293680346239
0.7624459676379516
0.7625288835305736
0.7626117415614422
0.7626945417911034
0.7627772842800187
0.7628599690885651
0.7629425962770361
0.7630251659056404
0.7630786622499164
0.7628955873283786
0.76280414538496
0.7628866196042281
0.7629690364900105
0.7630513961020708
0.7631336985000903
0.7632159437436666
0.7632981318923151
0.7633802630054685
0.7634623371424766
0.7632796942744402
0.7633617179423978
0.7634436847875857
0.7635255948690305
0.7636074482456767
0.7633432242151419
0.7634250840476513
0.7632429719950777
0.7625343175636037
0.7616552630064667
0.7617373942046037
0.7618194688190699
0.761377122498885
0.7614592081120606
0.7612794492890202
0.7610999374722638
0.7606595463218119
0.7602200610153446
0.7603022337154763
0.7601239445143013
0.7602060657246696
0.7602881307261328
0.7603701395763804
0.7604520923330232
0.7605339890535932
0.7606158297955434
0.7606976146162487
0.7607793435730055
0.7608610167230317
0.7609426341234675
0.7609389007102558
0.7610204358737244
0.761101915438718
0.7609239924980443
0.7610054216559128
0.7605688730798775
0.7603916756143353
0.7601332148136506
0.7602011274148012
0.7602825808361956
0.7603639789411749
0.7601872812968307
0.7600108233237572
0.7598346045346527
0.759915961375935
0.7599972631160717
0.7600785098110223
0.760145601121859
0.7602267426641047
0.7597939342058444
0.7596184570466374
0.7596996121928067
0.7597807125599371
0.7596054810506218
0.7596865311244415
0.7597675265639008
0.7598484674242229
0.7599293537605569
0.759498738665913
0.759579633809315
0.759660474551141
0.7597412609462499
0.7598219930494265
0.7599026709153824
0.7598713626533781
0.7599519697823968
0.7597775638986112
0.7598581213889202
0.759938624868173
0.7600190743906703
0.7598449156000536
0.7599253156952661
0.760005661975154
0.7600859544937304
0.7599120421202809
0.7599922854217113
0.759564914184227
0.7596451662155407
0.7594719539632289
0.7595521567128243
0.75963230599392
0.7597124018599667
0.7597924443643438
0.7598724335603596
0.7599523695012517
0.7600322522401863
0.7601120818302595
0.7601918583244962
0.7602715817758511
0.7603512522372083
0.7603644245786578
0.7601915398345818
0.7602711310925191
0.760350669536085
0.7603638202261228
0.7604432751928913
0.7605226774881539
0.7606020271642678
0.7606813242735212
0.7607605688681326
0.7606742528903543
0.7607416292839332
0.7607262617963387
0.7608053867097658
0.7608844593092007
0.7609634796465076
0.7609598577503575
0.7610388009941651
0.760866498155225
0.7609453940647747
0.7610242379321676
0.7611030298088797
0.760766223858429
0.7608450228624282
0.7609237699737675
0.7610024652436905
0.7610811087233734
0.761159700463925
0.7612382405163867
0.7613167289317331
0.7613951657608715
0.7614735510546425
0.76155188486382
0.7616301672391109
0.7617083982311559
0.7617865778905288
0.7618647062677376
0.7617788489869941
0.761856928682508
0.7619349572117733
0.7617634215488972
0.7616777379411889
0.761755722974585
0.761833656987351
0.7618025363234134
0.7617169519702512
0.7617948222473852
0.7618726416455401
0.7619504102145651
0.7620281280042437
0.7621057950642945
0.7621834114443714
0.7620124408467552
0.7620900117591259
0.7621675321202341
0.7622450019794783
0.7623224213861929
0.7623997903896479
0.7624771090390493
0.7625543773835388
0.7623836658247719
0.7624608892027944
0.7625380624031833
0.762615185474829
0.762692258466558
0.7627692814271335
0.7628462544052558
0.7629231774495616
0.7630000506086246
0.7630768739309557
0.7631536474650027
0.7629064321597014
0.7629832111648311
0.763059940458724
0.7631366200896436
0.7632132501057906
0.7632898305553035
0.7633663614862588
0.7631961732074308
0.7632726602315887
0.7633490978614783
0.7631791403927068
0.7631910180893544
0.7632673834495319
0.7633436995735006
0.7634199665088619
0.7633351018289299
0.7634113224080511
0.7634874939075977
0.7635636163749593
0.7636396898574641
0.7634701466485526
0.7635461768167787
0.7636221581224288
0.7636980906125919
0.7637739743342963
0.76384980933451
0.7639255956601407
0.7640013333580361
0.7640312055593782
0.7641068608317221
0.7641824676070965
0.7642580259321183
0.7643335358533444
0.7644089974172723
0.7644844106703397
0.7645597756589252
0.7646350924293478
0.7647103610278674
0.7647855815006845
0.7648607538939409
0.7649358782537192
0.7650109546260432
0.7650859830568778
0.7651609635921294
0.7652358962776455
0.7653107811592157
0.7653856182825706
0.7654391559666799
0.7654820370514579
0.7654930335353536
0.7653239835299188
0.7653986735415261
0.7654733160252863
0.7655479110265505
0.7656224585906121
0.7656969587627066
0.7655281551040264
0.7656026142481661
0.7656770261166587
0.7657513907545144
0.7658257082066862
0.7658999785180701
0.7659742017335051
0.7660483778977734
0.7661225070556005
0.766196589251655
0.7662508335235829
0.7663248281948322
0.7663987760340111
0.7664726770855662
0.7665465313938884
0.7666203390033117
0.7666940999581147
0.7667678143025197
0.7668414820806932
0.7669151033367461
0.7667466495006232
0.7668202309992035
0.7668937660887654
0.7669497404514247
0.7670231883743837
0.7670965900163577
0.767169945421077
0.7672432546322164
0.767316517693396
0.767389734648181
0.7674629055400816
0.7675360304125532
0.767609109308997
0.767682142272759
0.7677551293471314
0.7678280705753515
0.7679009660006026
0.7679738156660136
0.7680466196146594
0.7681193778895606
0.7681920905336843
0.7682647575899434
0.7683373791011969
0.7684099551102505
0.7684824856598557
0.7685549707927111
0.7686274105514614
0.7686998049786982
0.7687721541169594
0.7688444580087302
0.7689167166964425
0.7689889302224748
0.7690610986291532
0.7691332219587506
0.7692053002534871
0.7692773335555304
0.7693493219069951
0.7694212653499436
0.7694931639263858
0.7695650176782791
0.7695329521279483
0.7696047487160703
0.769676500585047
0.7695925415250889
0.7696642525299053
0.7697359189105742
0.7698075407087359
0.7698791179659782
0.7699506507238377
0.7700221390237992
0.770093582907296
0.7701649824157099
0.7702363375903712
0.7703076484725592
0.7703789151035016
0.7704501375243753
0.7705213157763057
0.7705924499003676
