0.0
0.034482758620689655
0.030564263322884016
0.22292319749216302
0.1783385579937304
0.23595611285266457
0.2518974894836964
0.32670774053532675
0.2980641193027283
0.28471969556773086
0.2678549771532931
0.2403120190362808
0.21890168887881045
0.2159484788154214
0.20676395810045678
0.24453710295281597
0.24023996190950617
0.27327300704387547
0.282719965083714
0.31141116648036543
0.30002552989975967
0.2937145706304956
0.2921533359651208
0.2838939650334741
0.27443083286569164
0.2781122391449192
0.2704962838461554
0.2568250676263751
0.2496910379700869
0.25031363890947034
0.2442863482998706
0.23379616881591153
0.2325284130354791
0.22946507599506924
0.23723697361855792
0.24974281864925665
0.2503522742824854
0.2500318879710933
0.2453570783392169
0.2420504712982805
0.2393716240344771
0.2346780627788991
0.23336945663629913
0.24083231181643502
0.23715284320998234
0.23648939958123266
0.249884322395597
0.2628173513198108
0.2606306642957701
0.26739793100195175
0.2794078009855263
0.276191546130921
0.27180755333519213
0.27537306031432973
0.2749832217927926
0.2782922920605456
0.27477666878016505
0.2658847965182382
0.2758052722409647
0.2700546172785295
0.27025538225847506
0.2675376629331217
0.26458406714645766
0.2590368518680716
0.25746675399606267
0.2661008615077364
0.27453648378925666
0.27267937728155045
0.2728927176117203
0.2748636072548164
0.2794982174234869
0.2791844065998328
0.2791542106300839
0.27701795920762545
0.28189406272094886
0.2795970042685398
0.27677279210421113
0.2751629589200111
0.274638793210132
0.27358024294990196
0.2713977210552901
0.267286441712438
0.2691210775907962
0.26818112886672163
0.26189056291493445
0.25992692961480224
0.2620328337409882
0.2592391641937298
0.26557045338865515
0.2717944325972259
0.27791380711321556
0.2839311920539388
0.28984911608655084
0.29567002497108735
0.301396284930672
0.30703018585865044
0.30857394437178126
0.314061452749783
0.319462543673013
0.3247792425505676
0.32257165152304385
0.3252185362549178
0.32786674025105544
0.32950273878642006
0.334506449690999
0.3344977599402015
0.3334262728097888
0.33829177446811154
0.34308676160964696
0.34421563382828263
0.34354266501522346
0.34819839079525733
0.3527885429727555
0.35731449721770125
0.3617775909870228
0.35682173357624164
0.3581736643380057
0.3577805990384246
0.3563381597351945
0.3517927257617064
0.35112303677643203
0.3502805477924176
0.354499505274285
0.352826851015987
0.3516335165009272
0.3497919017461443
0.3491603074312952
0.3433443458711538
0.34475227318940943
0.3447339902367059
0.3487295146864821
0.3491115461482753
0.34505277411814805
0.34469956883002983
0.3452897751946121
0.3443521731987464
0.3431738396879768
0.34146934062002343
0.3376068744359852
0.33610413152876034
0.33987626714507424
0.3397666090364976
0.34343457231962815
0.3431946023068125
0.3414258220509766
0.34393169187583467
0.3418351330447445
0.34023625837485044
0.3398082130729903
0.33857717944373034
0.34172940481507913
0.3451758477218065
0.3446801401815887
0.3430935153022102
0.3447028125811619
0.3437944648979247
0.3423877248053802
0.34147018218370806
0.3403125989119865
0.34361103591742653
0.34213731616126475
0.34248200620938896
0.34161592079292236
0.33996887205142806
0.3431885360902016
0.3463769412548123
0.3452403913507364
0.3438633872067991
0.3422583153127213
0.34078724396996224
0.3402253244356128
0.34097897856563353
0.34407297397142866
0.34603854830966
0.34519364139493525
0.34583799953662536
0.3446179215713924
0.34395453661005576
0.3437096418339604
0.3424314161892606
0.3431443962065037
0.3442263283557237
0.34328869968657305
0.34558269146093146
0.347279091620095
0.34795484785186453
0.34700937862491066
0.3498733725783102
0.3511788215124118
0.3539875712028343
0.3567721075338566
0.3569576349693336
0.3569584265170837
0.3596947736382876
0.3581706432415152
0.3601449736772967
0.36054161435321336
0.35996287212672384
0.3626296934928625
0.36481334160653894
0.36743807986436317
0.3661130447433351
0.36768635193701
0.36647713650636327
0.36905243269942684
0.3716068762917369
0.374140719532496
0.37665421061871085
0.37674759377623607
0.3754363246680401
0.3779147519511034
0.3803735869236287
0.38039028691454113
0.38251846980145243
0.3833680070287905
0.38576735330494305
0.38814809999755956
0.38426939984383496
0.3866195166383241
0.3873222126641425
0.38774902246465714
0.38653739093334394
0.3875905085112888
0.38842116203746374
0.3889121278507568
0.3910222007551422
0.3932776740856787
0.39551650185658027
0.39727930883504875
0.39948707693455404
0.40115735350465737
0.40091072070403433
0.40162616676393303
0.4037785906244944
0.4045370351576848
0.4066636886035502
0.4087752057259575
0.40821217308153923
0.409178978766121
0.411259334474691
0.4121555005525576
0.4142109009002759
0.4162519779006234
0.41654276964402404
0.4184500331936429
0.4173741206761935
0.4193694147834668
0.4183888893804451
0.41842352386748927
0.4183610712442097
0.41786906516813893
0.4198291019857546
0.42177598419385615
0.4237098437784921
0.42563081096589706
0.4273856792146687
0.4292817531245539
0.43095904106803723
0.43151509685399764
0.4319627106000499
0.4338129949303429
0.43321619949225737
0.43505045127383585
0.43445351433424284
0.43587006251966326
0.43767817129363873
0.4375577937495696
0.4388940519132425
0.4383665383285252
0.43875539297629473
0.43859858007035946
0.43931352705028515
0.44044067227825306
0.44218384775402175
0.44145760392041716
0.4431868373448121
0.4442881125381924
0.4456133798842287
0.4454734615410256
0.4471692613528267
0.4479836407825002
0.4496615020567175
0.44845882410435706
0.4501251116448273
0.4490431356787558
0.45069766079683765
0.4520700956719696
0.4537057073266801
0.4536309029256228
0.45398045090337635
0.4540743379886158
0.4556847381715402
0.45728566541221216
0.45838844449702487
0.45629871595768356
0.4555536615508298
0.45616558330478874
0.4577373590755841
0.4593000756200349
0.46085381103491985
0.4623986425219258
0.4639346464004346
0.4634675961257895
0.46367457858400035
0.46518962214732235
0.4666961302539496
0.46765912935302223
0.466780101410426
0.4667910757758275
0.4668016234411561
0.4682786272543385
0.4687768869819471
0.4702403115357158
0.4707799443794821
0.47017506781953833
0.47162267692385657
0.4716999993300586
0.473135597157966
0.47367744356967056
0.4735101118461913
0.4729525823443597
0.4739213478040075
0.47345507073214693
0.4741944956767134
0.473127507885773
0.47327006752563633
0.47466353295546265
0.4747968827820129
0.4761753686539761
0.4760507510097809
0.47741876471471617
0.4787796533482716
0.48013347243048393
0.4814802769060526
0.4828201211517734
0.48415305898385647
0.4841937966214301
0.484274646766589
0.48559027266769467
0.48689920327159364
0.48820148955770637
0.48949718198920583
0.49078633051953613
0.49083263036617164
0.49210873906199576
0.49337846721434075
0.4946418625579459
0.49589897235257785
0.4971498433889238
0.49839452199439677
0.4984024307530451
0.4996348572131113
0.5002484972689615
0.5014703835837073
0.5026863094774057
0.5038963184567793
0.5042178410730581
0.5052320277122927
0.5049778440704755
0.5061706685425948
0.5073577582816752
0.5085391545447887
0.5088449547405275
0.5088028359084298
0.508761116306968
0.509922437545013
0.5110782808526898
0.5122286848977423
0.5133736879848368
0.5145133280598138
0.5156476427138796
0.5167766691877401
0.5166988192147112
0.5178175719480104
0.5180481250354827
0.5191586132266452
0.5199355885000159
0.519070729679734
0.5189230745878936
0.5200214237326701
0.5211147690089054
0.5203565536247943
0.5203103936392506
0.5213956642418767
0.5224760352029559
0.5235515396281746
0.5240604125728303
0.5251275416926222
0.5250153651672087
0.52434863021091
0.5237403183922605
0.5247939902542246
0.525843010143288
0.5268874087993601
0.5279272166921087
0.5289624640239243
0.5299931807328435
0.5310193964954356
0.5320411407296504
0.5330584425976294
0.5329867323099989
0.5332760828172644
0.5342841258349377
0.5352878238396038
0.5362872048636046
0.5372822966986612
0.53827312689845
0.5392597227811456
0.5391760133509087
0.5401564899182472
0.541132803103134
0.542104979367746
0.5430730449504781
0.5440370258683042
0.5449969479191077
0.5459528366839835
0.5453323904854847
0.5462835779530882
0.5472307938655034
0.5467851741560614
0.5477274087212255
0.5486657335993972
0.5485649763869761
0.5494976933779121
0.5489270327167768
0.5498551663943142
0.5507794884345724
0.5517000222697473
0.5526167911403614
0.5535298180972178
0.5533122172106437
0.5542182776219812
0.5551206697725439
0.5541675640423637
0.5539495859174447
0.5548452694798595
0.5557373631281964
0.55662588840194
0.5558475266819096
0.5567322925650134
0.5564206975499736
0.5573008152135649
0.558177447262647
0.5590506143629184
0.5589341437231493
0.5562998905901373
0.5571681882602153
0.5573820524758529
0.5582448554924692
0.5574830302223801
0.5558067394075648
0.5556987960044553
0.5547547185346912
0.555612609250424
0.5564672003864809
0.557318510942361
0.5580191975556456
0.5570353716728805
0.556210876688772
0.5538910973199176
0.5518989574280463
0.5511286338601162
0.551032527405492
0.5518748678794029
0.5513071113639658
0.5498745584973093
0.5495959812510317
0.5504316102283024
0.5497046900924021
0.5501673431606231
0.5500747834868951
0.5509033750458511
0.5514991409005462
0.5509459314677011
0.5517683748166614
0.552587811060141
0.5523962343349674
0.5532100593634494
0.5540209303990873
0.5538255563289279
0.5546309253608251
0.5540820408106254
0.554884051528592
0.555683182495327
0.5554839582287963
0.5562777368748163
0.5570686856504405
0.5578568196617386
0.5575320295735295
0.5581553609201916
0.5589373868300673
0.5597166493975054
0.5604931632433652
0.5612669428855424
0.5620380027398736
0.5628063571210317
0.5635720202434117
0.5636357055227065
0.5643972487940455
0.564285058465136
0.5650428235808488
0.5648173718526657
0.5655702829740278
0.566320593366128
0.567068316481014
0.5678134656781206
0.5685560542250654
0.5687243400096994
0.5694628257288609
0.5696289861407204
0.5703634076660775
0.5710953269034437
0.5706909697715217
0.5700307443250814
0.5707595057753779
0.571485801027873
0.5722096425801908
0.5729310428456542
0.5736500141539949
0.5743665687520554
0.5750807188044849
0.5748227153082947
0.575533714112127
0.5762423389633587
0.5769486017317532
0.5776525142080731
0.5783540881047374
0.5790533350564708
0.5782676136605831
0.5789646919851111
0.5796594697211093
0.5777892260279018
0.5772277586371136
0.5772650290812428
0.5766051105524296
0.5762089024462095
0.57635598824169
0.5766378778711677
0.5773240401436618
0.5762664503532138
0.5760208257143951
0.5757767781198063
0.5764566230266656
0.5769057210012515
0.577581590456521
0.5782553040283607
0.578006479532245
0.5784382152790193
0.5777196127191476
0.5772923543251179
0.5773282273830561
0.5779949021032721
0.5772596520387175
0.5758094949377627
0.5752667029342886
0.575031494487619
0.5756944718753139
0.5750202704282451
0.574326665432345
0.5736717208786943
0.5743326949548514
0.5749916226716396
0.5756485135175876
0.5763033769226531
0.5757437642526618
0.5763964661538116
0.5752418757668366
0.5742472522935436
0.5748972564885153
0.5749355228658194
0.5755825007610008
0.573612258698907
0.5728213036253437
0.5734656153845815
0.5729031671686409
0.573545418045079
0.5741857402402065
0.5748241424287519
0.5751612320358945
0.5757962675634941
0.576429407462653
0.5770606602086104
0.5776900342261571
0.5783175378900112
0.5785722596438836
0.5777850636094342
0.5784087193500407
0.5790305353981969
0.5785050445098671
0.5791248900326467
0.5788928522319644
0.5795094073531475
0.5790941224673308
0.5797085836024151
0.5803212533056186
0.5809321393997879
0.5815412496622883
0.5821485918253329
0.5813048982139918
0.5819108245552161
0.5825149996642404
0.5831174311221563
0.5837181264663607
0.5822802391297716
0.5820444791322651
0.5826424126385136
0.5832386377633157
0.5831198950560927
0.5830014906471809
0.5825989280715804
0.5824816000487515
0.5830738247295334
0.5836643717200014
0.5842532481390679
0.5848404610654252
0.5854260175378293
0.585305699203269
0.5844824844364571
0.5842455069205064
0.5848277961265
0.5847091558521972
0.5852891709976551
0.5858675682487043
0.5864443543653496
0.5870195360699875
0.5875931200476681
0.5873945781952364
0.5879660538487056
0.5870324459651457
0.5876020563845041
0.5874813923949938
0.58667330244672
0.5872410588994031
0.5878072577212147
0.5868830244579555
0.5853669725494755
0.5859318676822418
0.5864952256853952
0.585924806447598
0.5854313158312814
0.5850251951942664
0.5842620388158966
0.5848238468715508
0.5853841385761775
0.5854936837622834
0.5848739076064795
0.5847598297736751
0.5845276215536868
0.5840534145955306
0.5835690354892745
0.5830476175101402
0.583032104765038
0.5835880619586846
0.5830158357161912
0.5823279069860592
0.5817960215608694
0.580431440488302
0.5798753142442699
0.5804303006191124
0.5799284136789816
0.5788408827657913
0.578518271005696
0.5787731384620235
0.5758888247432181
0.5757174500622549
0.5758978774896292
0.5752059369733071
0.5747644930521042
0.5748836917208651
0.5744988395007314
0.5746180734297949
0.5743725919196987
0.5744916810484044
0.5750400165109709
0.5743627198202295
0.5732934823799776
0.5726653283427383
0.571972094887754
0.5713644249371922
0.5706154794087243
0.570058432088883
0.5690984556218406
0.5685454541976165
0.567824864268342
0.5673086302629391
0.5669191873160317
0.5668346933926529
0.5663300678860628
0.5658267134764666
0.566372843396622
0.5657479598210501
0.5651426717075146
0.5645911144747985
0.5635963033552781
0.5632672193311142
0.5626895794067612
0.56210682381859
0.5622368733743712
0.5620824394454026
0.5615381080675815
0.5602925065833411
0.5599019015616634
0.5594170245765894
0.5582240382556295
0.557947759748354
0.5576595746726835
0.5571463753028505
0.557103037181837
0.5566664809016635
0.5564751909371926
0.5570160748506838
0.5568314089926506
0.557370543531589
0.5568451844264474
0.5573829936686483
0.5560333980423319
0.5554112566799464
0.5549518227950673
0.5548855359159417
0.5544766584526445
0.5550127876241817
0.5555476280236719
0.5549365403884777
0.5544891562654918
0.5534018616332776
0.553180857082499
0.5526611270129775
0.552282858825414
0.5519974030410979
0.551392742943391
0.5509622158008084
0.5504911409942193
0.5504313173674489
0.5502102582506073
0.5507419246120132
0.5497967785634
0.5503270532647387
0.5498180179771609
0.5487621071368389
0.5478372454195305
0.5477812954248878
0.5473693102096946
0.5464112550259043
0.5460748341732248
0.5456724215753489
0.5453041277391074
0.5447359739430708
0.5446841361980614
0.544106324171738
0.5437663168605568
0.5442931455939741
0.5437806967524587
0.5439771311044554
0.5438742177827535
0.5434406458849189
0.5429743017472334
0.5423775043779919
0.5421380494283417
0.5420898365571422
0.5416539787847503
0.5411069993569139
0.540645490391129
0.5411686732038954
0.5413114468028292
0.5409529183992042
0.5399736394665323
0.5398025355587435
0.5386421135336924
0.5382997343058294
0.537833781955992
0.5377478638023686
0.5374981918224832
0.536609328168476
0.5364389313707707
0.5363550562645755
0.5357712591470681
0.5357933645061838
0.5357534165547259
0.535589687984307
0.5350860617541834
0.5340204384070752
0.5337052103955247
0.5336678431999642
0.5330768489107063
0.5323284900058084
0.5321824320698196
0.5318713158271848
0.531581169917774
0.5314365752255568
0.5308813660602609
0.5303288941972858
0.5299670881795451
0.5296251015451559
0.529069284638089
0.5286963924059513
0.5276675366771872
0.5272565817950575
0.5268360321161423
0.5259643704412699
0.5254325430835851
0.5256755814568713
0.5251569884082631
0.525129821034172
0.5246102400631207
0.5239907177061778
0.5240724481172465
0.5237780631031571
0.523445989767516
0.5235994953161753
0.523330895506123
0.5238407020349934
0.523815231199486
0.5237898147307566
0.5233837031402729
0.5226569679885239
0.52295170022233
0.5232083394814919
0.5227595501501223
0.5225317246814171
0.5225078815865161
0.5230126301260652
0.5229640802734786
0.5229398820856246
0.5224851128317545
0.5228119774169296
0.5224069804889294
0.5220087120339119
0.5215699694383439
0.5210693498482195
0.5206737303848398
0.5201518942984864
0.5198081446120125
0.5193405955263155
0.5190696774677039
0.5187029729819589
0.5181637807023518
0.5180033160948067
0.517621569916285
0.5171302296996564
0.5167674309801605
0.5163479311664386
0.5162019105763906
0.5161851903384377
0.5157675881949043
0.5156547997415626
0.5156386939805115
0.515930946093584
0.515480219328522
0.5154643421804926
0.5153346542160545
0.5153032950049787
0.5151174217039862
0.5149319277362611
0.5147468119417626
0.5149500083799948
0.5154434468251831
0.5157181123118589
0.5162097690506287
0.5167004285140661
0.5171900937334034
0.5176787677276004
0.5179136729169557
0.5181594106512323
0.5181869536732336
0.5182694265021921
0.5187545529609008
0.5192387033100347
0.5197218804926377
0.5202040874399343
0.5205181589002085
0.5209986016267614
0.5211920822200136
0.521627411876924
0.522042869007916
0.5219989151315293
0.5219058598660312
0.5216629463515157
0.5214757399767461
0.5209578891922607
0.5214331293815542
0.5219074275684902
0.5222284636264954
0.5227010368573297
0.5229750476904746
0.5234459509010467
0.5239159253084421
0.5242490810130813
0.5246317526639158
0.525099174736026
0.5255656784936527
0.5252952509387031
0.5257606477515082
0.5261027039241316
0.5265663999085504
0.5270291893514549
0.5274910749087289
0.5279520592258912
0.5284121449381466
0.5285873359687164
0.5290459085990971
0.5288094347187426
0.5287814643937729
0.529238514379812
0.529342317792587
0.5295559263910453
0.5298900115686168
0.5303442241178259
0.5304114594227315
0.5307437530973479
0.5309549826223023
0.5313645752657172
0.5318151862510386
0.5308299719175789
0.5307709106686946
0.5308610820460452
0.5307120752754467
0.5302051869514014
0.5301475984157457
0.5297617435601116
0.5295748468805429
0.5293716288451852
0.5291402353569317
0.5289544603075735
0.528467228945324
0.528913756190641
0.5284133647467519
0.5275645148953342
0.5270158392412042
0.5260379776604142
0.5255962101279213
0.5258536245649494
0.5256163927450453
0.5256860403173815
0.524446957104541
0.524424152107242
0.5242297115868104
0.5232876230868483
0.5230336383070278
0.5224200465704798
0.5223785279657197
0.5224503332127449
0.5222755485548158
0.5214041914541612
0.5208122868658478
0.5205840577820036
0.5210246974347775
0.5210053910092176
0.5208332148095149
0.5205849717161973
0.520108245551622
0.519632391713057
0.5192226990071297
0.5189007300278232
0.518655382646411
0.5186383768281372
0.5181329994367877
0.5181000901819115
0.5183103348870957
0.518746647989553
0.517792501698705
0.5173753203393701
0.5178105094102994
0.5182449143567766
0.5179902331716193
0.5184236951921485
0.5179579057085976
0.5174929524718753
0.5179256942185373
0.5174616030946856
0.5178935980784862
0.5177285173407893
0.5176009672806099
0.5171388235598237
0.5156938850813585
0.5161243794057306
0.5156382330066018
0.5148730915912509
0.5148599412008077
0.5152885101573441
0.5157163225932159
0.5161433805098004
0.5157865238847794
0.515400200427947
0.5147140840827309
0.5151401472222544
0.5155654628825858
0.5151449097036478
0.5150918453821433
0.5138295960055962
0.5142538284698146
0.514096094821047
0.5145193560624921
0.5145937517491218
0.5142549745736879
0.5146769945784022
0.5150982819094974
0.514824996322412
0.5143539971970078
0.5147737430939854
0.5145019177545259
0.5149208116995178
0.5144769144480527
0.5142491134881491
0.5134048288313926
0.5131787302658721
0.5127386112862273
0.5127167985956687
0.5118403596237103
0.5116472545221651
0.5114003048359024
0.5096608480167326
0.5092121774959097
0.5096280993793877
0.5083286801247276
0.5071783029750372
0.5075927871609286
0.507726462689925
0.5081397905969863
0.5077134988263513
0.507427625538707
0.5069967843244162
0.5074089943709678
0.5078205156789285
0.5078139877025688
0.508224484793726
0.5086342977230646
0.5069329662252715
0.5069272222598818
0.5073353950891369
0.5077428926945222
0.50703615836167
0.5067555569670327
0.5071618538723317
0.5071500745074101
0.5075550456869439
0.5071697663219566
0.5070272774424578
0.506885021959977
0.5060462137250057
0.5062451972374649
0.5057373784218411
0.5054778930035192
0.5050672692074156
0.5047925933936649
0.504788706456606
0.5041331781870407
0.50407204408541
0.5040110088263041
0.5038731431756636
0.503789306901914
0.5041894768157028
0.5037771128330423
0.5034373250261677
0.5035684329310998
0.5039668531293894
0.503236748598254
0.5033674925327086
0.5030793147951582
0.5034762163009129
0.5034706720962863
0.5032023023708443
0.5025607712612646
0.5004900154199601
0.5007093886496735
0.5011040847851284
0.5011032126802428
0.501101472597151
0.5009035990962863
0.5005091868135334
0.4997226587544642
0.4997230934586108
0.5001148529782203
0.5001146733801308
0.4997239587915526
0.5001144943428473
0.49998439983347953
0.4992068433798762
0.49959596005168666
0.49920868936114876
0.49830753399369515
0.498094010937414
0.4984818826445721
0.49848305493596623
0.49831888150292486
0.49870568267370136
0.4990918878488372
0.4994774984047657
0.4996702080213774
0.500054781266557
0.5004387637694244
0.5004384270359099
0.5003102789579171
0.5001823272754463
0.5005650360600745
0.5009471592153462
0.5013286980844476
0.501709654006461
0.5013266695377537
0.5017070458386402
0.5015787122163039
0.5019583171574948
0.501587212386115
0.5019662335173803
0.5023446786286894
0.5027225490321603
0.5020881514587948
0.5024653574046594
0.5028419922590086
0.5032180573178141
0.5035935538731295
0.5039684832131045
0.5043428466220002
0.5043363012616053
0.5043330359745107
0.5047059983251695
0.5050783998301882
0.5054502417536817
0.5058215253559687
0.5058171581201427
0.505535762036551
0.5059061472335273
0.506275977961646
0.5058973123087203
0.5055565818809858
0.505552432081224
0.5055482884751933
0.5054198656898526
0.5052464732956927
0.5053170269268947
0.5054821725372711
0.5058498437844553
0.5054699627988808
0.5055400889392377
0.5058007285005451
0.5056482835164706
0.5058291508121653
0.505450985031216
0.5058162354115475
0.5061809466769264
0.5061911377192
0.5065550351858771
0.5064274787043952
0.5062812423754679
0.5066442708737212
0.5070067658987957
0.5068792523653408
0.5071676755110742
0.5071216907375651
0.5074827737480136
0.507843328086412
0.5082033549129764
0.5083801068465195
0.5085931235690567
0.5085868512160866
0.5087021537802373
0.5083799704805918
0.5083738670789308
0.508731673580329
0.509088959635907
0.5089612302563266
0.5093178306700837
0.5096739135215569
0.5100294799366971
0.5099497484294966
0.510304600168505
0.5101420890871343
0.5101347556893852
0.5098217414706234
0.5099951553756987
0.510348694224634
0.5107017232843135
0.5108483976294153
0.5112005586102436
0.5109355633471119
0.5106528253855565
0.5106451724937565
0.5102914122427611
0.5106427096514822
0.5104359566138985
0.5104210160890397
0.5103113750597505
0.5102966445239508
0.5100751622651901
0.5097113426059424
0.5100607999526239
0.5098270089140665
0.5101758864877932
0.5099315698307368
0.5100429664880474
0.5097821811019458
0.5092718517670495
0.5092587188325353
0.5096060233485773
0.5094551678131797
0.5093699619623498
0.5095595155045923
0.5099056273496844
0.5096567587182308
0.5094468162554281
0.5093067022591795
0.5090266772302428
0.5089032103687551
0.5092480817097883
0.5095924690208691
0.5092351110482037
0.50957902477557
0.5092092785697472
0.5095522490249745
0.5093360812533091
0.5093295661931183
0.5096717352543505
0.510013427424905
0.5098323595785087
0.509825517296269
0.5091169342284493
0.5094578252463462
0.5097982431330593
0.5101381888729116
0.5104776634474972
0.5104631614911685
0.5103406650678229
0.5106790612909965
0.510556584959534
0.5104342776775284
0.5107719092101646
0.5106496221144535
0.5109866402810413
0.5106349633090654
0.5109715279835434
0.5113076300261663
0.5109489373288072
0.5112843632977174
0.5116193294640659
0.5117255262703689
0.5120597319334282
0.512393480406798
0.5127267726279827
0.5130596095319253
0.5131644607654644
0.5126920711347912
0.5130240247648084
0.5133555264497881
0.5136865771120671
0.5140171776714743
0.5143473290453388
0.5146770321484988
0.5150062878933098
0.5153350971896533
0.5156634609449449
0.5159913800641426
0.5163188554497555
0.5166458880018517
0.5164657218613099
0.5162295307369381
0.5165559615529051
0.5168819521385066
0.5172075033836963
0.5175326161760305
0.5178572914006765
0.5178332896649229
0.5181571088122265
0.5184804933029565
0.5188034440116736
0.5191259618105933
0.519448047569595
0.5197697021562284
0.5200909264357226
0.5204117212709929
0.5202310855186408
0.5205513584922599
0.5208712041503705
0.5211906233476036
0.5215096169363127
0.5218281857665814
0.5217991589238067
0.5221169003464488
0.52243421980173
0.5227511181296651
0.5227360311813033
0.5230523094906596
0.5233681688883479
0.5233527035217772
0.5236679464427284
0.5239827726512923
0.5239197532694695
0.5242339976567503
0.5245478274735994
0.524861243539866
0.5247789897562429
0.5250918409808931
0.5254042805591952
0.5257163093030748
0.5257463436408707
0.5258388717584188
0.5259312784479911
0.5256800822935054
0.5259909079276511
0.5259738870318242
0.5261205009801019
0.5264304287100037
0.526395901696666
0.5263786719958196
0.5266876226337871
0.5269961704677938
0.5273043162850786
0.5276120608708305
0.5279194050081949
0.5282263494782806
0.5285328950601661
0.5288390425309063
0.529144792665539
0.529190742864848
0.5294958687605934
0.5298005994155413
0.528736039701482
0.5290400809661907
0.529343730172531
0.5287540132906973
0.5290572603863918
0.5287170306369471
0.528680142993226
0.5289826589476591
0.5289455016925979
0.5292472662655047
0.5295486444561157
0.5295108584657626
0.5295984979598207
0.5298988820607403
0.5301988827741668
0.530498500833622
0.530797736970758
0.5310965919153626
0.5309433302913842
0.5312417123967967
0.5315397151225458
0.5314075611814036
0.5317050801901774
0.5320022216367571
0.5322989862393971
0.5325953747145306
0.5323431442824025
0.5326389424201112
0.5325977056008818
0.5322614696756287
0.532556572849335
0.5328513038878915
0.5328306036333937
0.5326575771299276
0.5329516881575361
0.5332454292341666
0.5325755229160333
0.5328689469443345
0.53282773196384
0.5331204464174968
0.5334127942907483
0.5337047762717928
0.5336836976124608
0.5339751453014531
0.5339327293897159
0.5340155328440371
0.5343060468509923
0.5345961988467237
0.5348859895074667
0.5346353021241655
0.5349245281638646
0.5352133949165578
0.5355019030513086
0.5354798795382495
0.5357678647338241
0.5357235701644942
0.5356793851673829
0.5358633492886227
0.536150030357623
0.5364363574993775
0.5364524362424378
0.5364299624839652
0.5364075164195882
0.5366929797715465
0.5366703994763025
0.536625322156725
0.5365004499277181
0.5361835709336114
0.5360591229350835
0.5363435747297279
0.5366276779314866
0.5365816955577003
0.5362686100647029
0.5365522378261313
0.5368355188543549
0.5365631141946449
0.53651849782589
0.5368011084979474
0.5370833747328664
0.5367747387131162
0.5370566773992311
0.5367767907809367
0.5368925937818435
0.5371739470055483
0.5369756181462794
0.5364109764886471
0.5361868890281489
0.5359069902910477
0.5358852548247699
0.5361660259954748
0.5361223208281086
0.5361005078324395
0.5358674960594567
0.5358458630702774
0.5360879692408197
0.5360662295003131
0.535580774424169
0.535659599374405
0.5354378488138835
0.5357168651209021
0.535995546474371
0.5362738934770859
0.5359523863467038
0.5362304256598575
0.5359365478872794
0.536214263896922
0.5361926046481797
0.5364698356077445
0.5359486775950786
0.5361170744570039
0.5359091930768864
0.5361857668593197
0.5361642148838228
0.536121187858381
0.535653850906508
0.5357316494906885
0.5357104437639878
0.5356892631923603
0.535964491844884
0.5362393943971087
0.5365139714282531
0.5363740223327333
0.5366481949984148
0.5367742894458153
0.5365340994149859
0.536298010646224
0.5363355707814562
0.5366087967267824
0.5362927727004415
0.5362714114451734
0.5365441929678527
0.5362674412222421
0.5365399045352726
0.5366946080558037
0.5362605576846728
0.5362180731413985
0.5356084173221254
0.5352745676233269
0.5351566112948865
0.5350387926854518
0.5353100652684825
0.5350127196437432
0.5349719360448572
0.5352426159423863
0.5346337616296355
0.5341914995996896
0.5341716554327716
0.5341518342869289
0.5344218911945886
0.5338351580001279
0.5336119594990562
0.5334961245504352
0.5337657799697703
0.5340351238288287
0.5338917515204485
0.5335836778034719
0.5333192120146579
0.5331155698175313
0.5325017349645462
0.5322313081895379
0.5321808269567919
0.532449688550495
0.5322012970004947
0.5324698381618033
0.5327380711863805
0.5330059966042783
0.5332736149443331
0.533050008717479
0.5333172954898217
0.5330504946945217
0.5333173229832676
0.5329939013816886
0.5329750799890008
0.5332413427712192
0.5329736156708881
0.5332395760264286
0.5327565068234272
0.5330219860809139
0.5330032342432757
0.5328039237708437
0.5325017094068217
0.5320332061882843
0.5318263168680569
0.5317903142471654
0.5320549890271274
0.5321781218016884
0.5320658435473302
0.5319536920178641
0.5318774034296655
0.5318594443291418
0.5321230369843618
0.5319843713955774
0.5313510544469068
0.5309653550027712
0.5307581380563462
0.5307409066064547
0.5310036496598665
0.5312660986527821
0.531248612020426
0.5315106306833547
0.5317723565880009
0.5316987818495374
0.5319601106543089
0.5322211479601348
0.5324818942544713
0.5327423500236889
0.5328169181287239
0.5330768975844119
0.5327804143265785
0.5330401250467972
0.532765284714067
0.5329742384199952
0.5328634499044089
0.5331225383958652
0.5333813396495259
0.5336398541427949
0.5336026213213863
0.5338605844733102
0.5341182624255085
0.5341546611755497
0.53404797832657
0.5340291984157446
0.5342860731685474
0.5345426648637713
0.5347989739690225
0.5347798220846147
0.535035718772137
0.5352913340999147
0.5355466685317279
0.5356186729238943
0.5355795959376914
0.5354658847989303
0.5357202846429616
0.5350957594306273
0.5350765918940731
0.5348624983083543
0.5348434789421195
0.5347336042716676
0.5348055023983134
0.5341502159417328
0.534403532844429
0.5345207048374484
0.5347735453019582
0.5345975153185095
0.5347143913275607
0.5349667154103549
0.5352187659711081
0.5354705434543306
0.5357220483035704
0.5359732809614147
0.536224241869494
0.5364749314684835
0.5367253501981062
0.5369754984971352
0.5372253768033969
0.5374075637630499
0.5373672538883052
0.5376163829922964
0.5378652439271768
0.5376259529168953
0.5378745411142518
0.537998859345373
0.5382469802587213
0.5384948348050129
0.5387424234129502
0.5384905323104453
0.538737857855831
0.5389849184568722
0.5392317145390688
0.5390769624178601
0.539323445325658
0.5395696647562697
0.5395274120443035
0.5397731284733087
0.539591916138123
0.5398373362254694
0.5400824948103253
0.5398358710521318
0.539329310208703
0.5395740874083795
0.5391529441551405
0.5393974253518752
0.5391279940552941
0.5389541296548118
0.5389129083535897
0.5385928218871601
0.5388365657741716
0.5388160607236044
0.5387955773142517
0.5390388285920394
0.5388073900951539
0.538503222227755
0.5380730553759948
0.5380330416551582
0.5377639282013692
0.5377441046170116
0.5379866313197309
0.5379667117437897
0.5379468130479073
0.5378023661232497
0.5376517631059168
0.5371550022453774
0.5373968230383527
0.5370774748541508
0.5373188317494302
0.5372993847292377
0.5372799579663579
0.5369810194044782
0.5367935464813532
0.5367553194200739
0.5369958410610812
0.5372361130688336
0.5369574636325946
0.5368864644290526
0.5371264196288302
0.5364221365150763
0.5361074327911376
0.5357937028796506
0.5360329844761044
0.5357200153801557
0.5351510739381513
0.5351149845398575
0.5349430425262404
0.5351815332736628
0.5354197795405651
0.5347683332737849
0.5344595417562472
0.5341825620247318
0.5341476996463281
0.5341129083069025
0.5332809552650989
0.5332471503333923
0.5331396282121209
0.5332073740459385
0.5333270613660119
0.5335635909851879
0.5337998809593595
0.5340359316525446
0.5340014997540595
0.5342370905024144
0.5343461167325799
0.5343114411982715
0.5345464001078586
0.5346130265660325
0.5345451772582875
0.5347796633150844
0.5350139132328512
0.535247927368114
0.5352301970223554
0.5354638671093225
0.5356135502581788
0.5358467930757287
0.5360798017137428
0.5363125765247244
0.5365451178604693
0.5365084995058996
0.5364067593125232
0.5364719544613492
0.5367038344241
0.5369354825068878
0.5371668990573591
0.5373980844224654
0.5376290389484651
0.5370557872515076
0.5370729051719145
0.5373033317995044
0.5375335291468678
0.5377634975560439
0.5379932373683919
0.5380985561774487
0.5382782490492575
0.5385073913574215
0.5384056185111794
0.5381423099425136
0.538104545279204
0.5380150046121401
0.5382434838383457
0.538205693834553
0.5377324636623685
0.5376952521597429
0.537535858597459
0.5374988956643252
0.537726504475514
0.5377079474147783
0.5376708880069997
0.5378979651739904
0.5378607738440846
0.538087423783347
0.5383138515167865
0.538215111211677
0.5379145511463298
0.5378775071295772
0.538103152878049
0.5380659790703631
0.5371804237719463
0.5372109929087968
0.537436084838316
0.5376609579132609
0.5374624852327559
0.5376870180069147
0.5376504641582174
0.5376139811503121
0.5378378968979391
0.5375412268347409
0.5377647448498039
0.5377282747920059
0.5376918751057618
0.5379147816269259
0.5378782548623527
0.5378417984091647
0.5375469760183779
0.5377690956264382
0.5379910019655517
0.5382126953427275
0.5379181873954213
0.5381394909455193
0.536888048574139
0.536751043775393
0.5369721649955479
0.5371930752221722
0.5369017082733077
0.5371222312693681
0.536321465874429
0.5362869889253312
0.5359984292254374
0.5362182310116878
0.5364378246523073
0.536149733175259
0.5360145017323596
0.5359974896861941
0.5362165654701005
0.5360683850344007
0.5362872207018373
0.5365058500178667
0.5367242732742201
0.5365656655147881
0.5365312507707742
0.5367492511231868
0.5369670464917231
0.5371846371653642
0.5374020234325482
0.5376192055811714
0.5378361838985899
0.5378966109542973
0.5381132557686648
0.5380775524845723
0.5382938083120608
0.5385098617475722
0.5384738543967096
0.5386895208198887
0.5379177120123889
0.5378823739769627
0.5375145664991975
0.537622391628435
0.537837450981166
0.5380523103716908
0.5382669700787671
0.5379816796331818
0.5378867592499258
0.5381009981190729
0.5380061104152796
0.5381274600630724
0.5383412899426728
0.5376366599015637
0.5375422498615599
0.5375075848109029
0.5377210100140358
0.53793423833045
0.5372830164442265
0.5372487016568871
0.5370995074484669
0.5373122374542351
0.5370314037174923
0.5368137287616586
0.5367968494729095
0.536534094686402
0.5361535711245167
0.5363656636845877
0.5365775623757739
0.5358773063333212
0.536089041138826
0.5360725846677185
0.5360397167090235
0.5360233051804675
0.5362344916596753
0.5362015362329725
0.536168640698004
0.5363792816422828
0.5365897313555636
0.5365565433906153
0.5367666265531762
0.5364903477484412
0.5367000806227632
0.5368273903186289
0.5370367811909984
0.5371168756026996
0.5371753895101359
0.5368839728357456
0.5366742919099127
0.5368830912375783
0.5369415523075914
0.5367957903343172
0.537004159299529
0.5368626206587568
0.5366621921060603
0.5366457221185913
0.5368537842101411
0.5370616595314112
0.5372693483337748
0.5374768508681543
0.537684167385022
0.5378912981344015
0.537784763742044
0.5379916640268505
0.5378068802845567
0.5380135856153775
0.5378922861433396
0.5380987685892095
0.5380817526139575
0.5382879661172548
0.5384939955835122
0.5384596719137988
0.5386653494218586
0.5387223655988052
0.5387369275782485
0.538942207094235
0.5391473039772002
0.5393522184707631
0.5395013952625539
0.5397059703868264
0.5389703500402422
0.5387757709843732
0.5389801237663917
0.5389944942037975
0.5388665639274789
0.5388051185452101
0.5386773851889318
0.5388813297578138
0.5390850940840366
0.5390678303499006
0.5392713324115562
0.5389989276508708
0.5391353251479328
0.5393383492337708
0.5395411945225274
0.5397438612502903
0.5397263760495643
0.5399287830961564
0.5394543289809577
0.5396565888276942
0.5398586710977434
0.5394409116296915
0.5396427341925182
0.5398443799506467
0.5398269349506682
0.5399032845258697
0.5401045516804952
0.5403056428253661
0.540506558191264
0.5404014876110145
0.5403662178706294
0.5403310096561762
0.5402822914429745
0.5404826041700146
0.5400400925987008
0.5402402492163688
0.5404402317090977
0.5406400403040068
0.5406047318415359
0.5408042087274059
0.5410035124562568
0.5407334602077224
0.5409324491764366
0.5407328249022155
0.540631941561432
0.5408307161431882
0.5409984240637886
0.5407293116351962
0.5409276150412259
0.5411257472746998
0.5413237085571524
0.5415214991097367
0.5417191191532238
0.5419165689080049
0.542113848594091
0.5423109584311147
0.5425078986383302
0.5423820887894535
0.542578829078022
0.5426321543197877
0.5426138415387225
0.5428102288974436
0.5430064476833245
0.5432024981133188
0.5431654621097926
0.5433611924173719
0.5431427650687277
0.5433383375151881
0.5433012645147474
0.543264254886957
0.5431745791408853
0.5431377250400395
0.5433326321539302
0.543295690438539
0.5434902811115521
0.5436847060344177
0.5436661088841263
0.5424752503263212
0.5426693634997084
0.542231590227961
0.5413401698467033
0.5408650977801183
0.5404786689250113
0.5406726416270269
0.5406554801748635
0.5408492146834359
0.5410427858408207
0.54123619385353
0.5412014686376533
0.5413945656626374
0.5409392296107766
0.5402597185952167
0.5398482542908983
0.5397057004929576
0.5398986960063777
0.540091529746526
0.5398827216765302
0.5398493330439003
0.5400418647037145
0.5398757481324695
0.5397007215325864
0.5397537787599722
0.5395662914216885
0.5395497710494874
0.5395167716577065
0.5397087996928784
0.5399006676379835
0.5397002188303892
0.5398919305260034
0.5400834825948935
0.539617681992904
0.5398090295897482
0.5397759656116836
0.5398839872116787
0.5396435193666256
0.5398343802624105
0.5396632940594867
0.5396468703352385
0.5396304602067884
0.5394761516451252
0.5396666081580925
0.5395511812092015
0.5397413707254306
0.5399314031900362
0.5399149230401434
0.5401047271147968
0.5400587340019954
0.5401109219379661
0.540094394982079
0.5399634756358023
0.5397999901138678
0.5395453026260629
0.5397345565090772
0.5395910649864671
0.5395748058222016
0.5395585600070038
0.5395833615827087
0.539772211721518
0.5394208501636406
0.5396095347805339
0.5396615647280713
0.5396964965476667
0.5397360493871987
0.5397035587499238
0.5398916651828009
0.5400796179339517
0.539774791034958
0.5395645158219295
0.5393444650405992
0.5395322577576638
0.5393750914561514
0.5393430270494282
0.5392445143389063
0.5385868990775174
0.5376972704789829
0.5372852027807477
0.5363860069794195
0.5362365650471994
0.5358632512418898
0.5356728854216785
0.5358601896227992
0.5360473427721448
0.5358312817714306
0.5356601616382072
0.5358471692251431
0.5358327379975968
0.5350576621880395
0.5348427795927833
0.5342564694460038
0.5338950080142502
0.5336811077706547
0.5334673788528451
0.5333038610870914
0.5334906142439192
0.5336772179982217
0.5337303925078852
0.5335322174325408
0.5335188259719048
0.533705046001457
0.5338246103619245
0.53394407933798
0.5337546373324273
0.533940466492518
0.5341261475815648
0.5341125569214368
0.534013672259332
0.5340001371728779
0.5341854990912657
0.5342003074699287
0.5341583246086813
0.5341447535619555
0.5339574442873082
0.5341424552264558
0.5343273193315246
0.5345120367772479
0.5344983523851872
0.5346828556145232
0.5347823133919003
0.5347289342578837
0.5347014479624679
0.5346740051408289
0.5348579284589551
0.5350417064405991
0.5352253392579607
0.5354088270829673
0.5352843563540475
0.5354676761345785
0.5355029806786894
0.5356860697678977
0.5358690145788638
0.5359861726406024
0.5361688552497991
0.5363513940710309
0.5365337892739928
0.5367160410281123
0.536898149502551
0.5368443584811354
0.5370262735013707
0.5369836920938599
0.5371654096401338
0.5373469846069286
0.5375284171619847
0.5377097074727797
0.5378908557065286
0.5378760140082495
0.538056955271363
0.5382377548974798
0.5384184130528408
0.5385011590782405
0.5386815730113609
0.5386664571172571
0.5388466655324458
0.5390267332147837
0.5392066603290636
0.539386447039821
0.5395660935113342
0.5394207136178276
0.539600206714625
0.539649706699024
0.539569365432137
0.5397485910586718
0.5399276772100108
0.5401066240489023
0.5402854317378413
0.5404641004390702
0.5406426303145796
0.5408210215261079
0.5407663549804844
0.5409445597321412
0.5409286774358913
0.5409515821751562
0.5411295079184991
0.5413072957883486
0.5414849459448985
0.5416624585480944
0.5418398337576346
0.5420170717329701
0.5421941726333054
0.5423711366175987
0.5425479638445625
0.5427246544726643
0.5427081584670763
0.542884650879864
0.5430610071102345
0.5432372273157454
0.5434133116537115
0.5435892602812054
0.5436687713519752
0.5438444861107924
0.5440200656003571
0.5440512237128617
0.5442265886268184
0.5444018186965505
0.544576914077528
0.5447518749249819
0.5449267013939046
0.545101393639051
0.5452759518149377
0.5454503760758449
0.5455200932350462
0.5456942902096591
0.5456592888383763
0.5458332324490813
0.5460070429226944
0.5458746760355778
0.5459208680014024
0.5459670246522683
0.545875975849456
0.5460494380435548
0.5460318552111594
0.5462051254954299
0.5457710365223127
0.5459441420724186
0.5457187466862249
0.54549369436759
0.5452862034226041
0.5451250837950183
0.5449179694014792
0.5448838631225107
0.5448668293983655
0.5450394899334952
0.5444469587101637
0.5442407288015613
0.5442072384693876
0.5443796912735989
0.5443461338510858
0.5443293741633114
0.5442958927628859
0.5442791710215635
0.5444511411457064
0.544007356456715
0.5439280065421677
0.5440997203951262
0.5441772139139839
0.5443487048041592
0.5445200667053235
0.544691299762953
0.5447371379316505
0.5449081607949369
0.5448287109911585
0.5449995710846303
0.5447612163630909
0.5449319095703039
0.5451024748215895
0.545272912260772
0.5451454147600152
0.5451116359236815
0.5452817512430818
0.5454517393734581
0.5456216004573993
0.5455875290604931
0.5454291304069654
0.5452256879860751
0.5452088253134479
0.5453783337646915
0.5450341661666048
0.5452035503191862
0.5453262881121451
0.545197818510913
0.5447758216861145
0.5447425681980446
0.5445403623449644
0.5442291306221566
0.5443981224165124
0.5441963440168028
0.5440441161506734
0.5439352109224694
0.5438078746725907
0.5438180969881925
0.5434389785732604
0.5436077626846937
0.5434992601855493
0.5431901765369632
0.5422944018974606
0.5422632458002985
0.5420635907024339
0.5422321355715165
0.542137758143313
0.5423061517592956
0.5422905980270312
0.542152551745752
0.5423207543351181
0.5424888333823692
0.5423179208432872
0.541934144503146
0.5419646050295475
0.5418117055999424
0.5419795401400157
0.541903140943089
0.542070819149186
0.5419944424620963
0.5421619646118907
0.5417656473862973
0.5419330695100143
0.5416742647860202
0.5416590552003319
0.5418262718894233
0.5419933666115643
0.5421603395001492
0.542327190688378
0.5424939203092566
0.5420683198431827
0.5422348404541488
0.5422194879130895
0.5420817865388923
0.5419454207125676
0.5417486358829696
0.5417334821131392
0.5418997616914726
0.5416880867373816
0.5413861388484414
0.541371149301593
0.5409983260226731
0.540773092841882
0.5409390584751159
0.5411049041909847
0.5409997742147511
0.5411654782673812
0.5410455897549227
0.5410159966837224
0.5409111260542867
0.5410765038907225
0.5412417626217665
0.5408118511615888
0.54097696736038
0.5411419648559371
0.541050183440507
0.5412150361045012
0.541379770382381
0.5415443864016264
0.541514584115829
0.5416789747274763
0.541649108031147
0.5415744963639916
0.5417386300924685
0.5417087634519729
0.5415627064311866
0.5415163002815446
0.5414151810959201
0.5412867535961781
0.5414505212671541
0.5416141720447175
0.5415330702046323
0.5416965748158289
0.5418599628461976
0.5420232344203793
0.5421863896628373
0.5423494286978576
0.5422750192655456
0.5424379107177643
0.5426006862742503
0.5427633460586477
0.5429258901944249
0.5429106357913708
0.5430730121196865
0.5429985306996629
0.5428945198616438
0.5430567290455113
0.5432188231465948
0.5433653844643196
0.5429802920586043
0.5431421835598234
0.5433039604070047
0.5432107554652676
0.5433723935560443
0.5433417200103894
0.5431768495108887
0.5431463466147313
0.5433076649951639
0.5434688694904004
0.5434382036212714
0.5435600127486577
0.5435293150652548
0.5435139824428296
0.5433729060908628
0.543342383285732
0.5435030085466234
0.543281466373173
0.5434418873544258
0.5433804334096496
0.5429689601510105
0.5431291532950164
0.5430790029259573
0.5430889327222805
0.5432489155889744
0.5434087864620619
0.5434810717012284
0.5433259541525396
0.5432408751475911
0.543225761245058
0.5432688922392653
0.5430640955268078
0.5429181743765366
0.5428683076025044
0.5428184756151997
0.5426690569397012
0.5425115944210429
0.5426709980466802
0.5428302906283428
0.5427689523191639
0.5425072249109159
0.5426663528326859
0.5428253700952614
0.5429842768140327
0.5429114307600088
0.5430701971960074
0.5432288533775366
0.5430607154657122
0.5429108370464358
0.5427295297912001
0.5426999079334593
0.542858362573815
0.5429012473344984
0.5430595225258645
0.5429869277909416
0.5427990430408409
0.5426977635378866
0.5426682455541065
0.5420915548457129
0.5416888088204171
0.5418467382453585
0.5418323232476853
0.5416170799683517
0.5417747624313829
0.541574161013417
0.5415455975225112
0.54133124035279
0.5408105922337761
0.5409679566641278
0.5409398964198373
0.5410970549626584
0.5412541059363193
0.5414110494512231
0.5413398874416068
0.5412687740897749
0.5414255516789445
0.5413089047531915
0.5412378748449197
0.5411896543345596
0.5410643039554277
0.5409727525971103
0.5408800711566716
0.5407899639877402
0.5407621684415816
0.5408184082864385
0.5404364908911137
0.5400959577723048
0.5399123765494046
0.5400687094150011
0.5399701806414227
0.5398047006408474
0.5395062244273144
0.5394794314639862
0.5392493539096224
0.5390849923581807
0.5389805847179543
0.538819284587718
0.5389753525117154
0.5389621673451012
0.5385002253031831
0.5383053585518808
0.5381309607706123
0.5380168429978244
0.5377663538400967
0.5379221979554575
0.5379094166282059
0.5380651075255684
0.5382206935452634
0.5380138758869067
0.5381692698068911
0.5383245592252478
0.538479744247357
0.5386348249784566
0.5387058243654306
0.5388607250288405
0.5390155216971759
0.5389893455672214
0.5391439433721955
0.5391308210311387
0.5392852678069326
0.5389798746827038
0.5391342168739718
0.5390374517411491
0.5391916713959698
0.5389982968246585
0.5391523749340086
0.5389462122879979
0.5391001020702783
0.5389072400942474
0.5390609889304947
0.5389069429598256
0.5390605894300156
0.5390753371794837
0.5391178251346909
0.5390715142741268
0.5392249014573967
0.5392451193877168
0.539398346817252
0.5394564875644158
0.5394156800466697
0.5395686980931659
0.5395424240572475
0.5396122738999102
0.5397650236431418
0.5396523320930114
0.5398049672614156
0.5399575012464134
0.5399205939990062
0.5398923147212806
0.5400446682594524
0.5398723952289585
0.5398426558526418
0.5397253361468305
0.5396570848231488
0.5398092642992404
0.5398236476664029
0.5397444195039759
0.5398964193654343
0.539750073094026
0.5399019206449683
0.5400536680326183
0.5402053153560498
0.5401788209142995
0.5403302771656452
0.540481633676292
0.5406328905447331
0.5406195200641326
0.5407706320641115
0.5409216446809927
0.5407569761587439
0.5409078940108113
0.5409093876545182
0.5408959527160438
0.5410466763034647
0.5411973009584357
0.5411837847835805
0.5413342656675478
0.5412036174305608
0.5411901124756507
0.5413404433693351
0.5413133703874298
0.5414635133103799
0.5413845003806317
0.5413546068574454
0.541218454271815
0.5413684318938249
0.5415183114912453
0.5415047478481576
0.5414095470813881
0.5415592664587694
0.5414913076033107
0.541379891189737
0.5412442233985036
0.5413937526607596
0.5412752723822054
0.541229254378172
0.5412158290266976
0.5410939054712419
0.5412432403539391
0.541229823554865
0.5411488332057829
0.5412979561069186
0.5411516309395378
0.5413006560675211
0.5412872467636031
0.5412798567187328
0.5413039010920832
0.5411298051819157
0.5411164686692107
0.5409613255675352
0.5408220351545551
0.5406468417515248
0.5407955960126156
0.5409442539614623
0.5410928156915719
0.5411765773170356
0.5410662356038024
0.54121461380115
0.5409294993495822
0.5410777779350636
0.5412259607642742
0.5408981823664484
0.5409387528452549
0.5408650866882587
0.5410130992328467
0.5411610163777926
0.5413088382152997
0.5412955342416395
0.5412822388346074
0.541268951985932
0.5412556736873522
0.54091764753064
0.5410652149856285
0.5412126876029211
0.5413600654739128
0.5415073486898813
0.5413425713087454
0.5414897656055013
0.5413398086945191
0.5411842596949921
0.5413313631705627
0.5414783723490337
0.5416252873210462
0.5416012775130211
0.541748059044397
0.5418947466055224
0.5420413402866087
0.5421878401777517
0.5420656182909025
0.5419205318701309
0.5419390935409938
0.5417973751902578
0.5419437190499863
0.5420899694589741
0.5419749768679621
0.5419387919450851
0.541814254898696
0.5417395986655307
0.5416511100919671
0.5416378369529957
0.5415563066722571
0.5415298461140449
0.5415634326759212
0.5417092922264538
0.5417124776099477
0.5418581970129334
0.5420038237780278
0.5418183067362374
0.5418050268674739
0.5419504855891033
0.5420958519852984
0.5420824967023081
0.542227729021781
0.5423728692472021
0.5425179174661412
0.5426628737660568
0.542554333102843
0.5425463176013254
0.5426911272507077
0.5428358452484132
0.5429804716814254
0.5431250066366178
0.5432694502007542
0.543118817209751
0.5432631714539186
0.5434074345077865
0.5433411023002795
0.5433137491274804
0.5434578141908472
0.5436017883900932
0.5436152200130949
0.5437590538548809
0.5439027970641264
0.5440464497264684
0.5441900119274361
0.5441536195499239
0.5442970576809655
0.5444404055709684
0.5445836633050656
0.5447268309682831
0.5448699086455401
0.5450128964216489
0.5451557943813155
0.5450743370787512
0.5451125016517544
0.5452552338445213
0.5453978764938799
0.5455404296840669
0.545682893499213
0.5458252680233436
0.5459675533403788
0.5461097495341338
0.5462518566883185
0.5463938748865381
0.5465358042122933
0.5466776447489801
0.5468193965798903
0.5469610597882117
0.5470401344570279
0.5471816401944671
0.5473230575460616
0.5474643865945955
0.5476056274227494
0.5477467801131012
0.5478878447481251
0.5480288214101932
0.548169710181574
0.5483105111444342
0.5484512243808378
0.5485918499727466
0.5485767217504637
0.5487172207477402
0.548857632315647
0.5489979565357666
0.54913819348958
0.5491451224227286
0.5492852264866122
0.5494252435023045
0.5495651735509062
0.5495497854187886
0.5496895899546611
0.5498293077362452
0.5499689388442673
0.5501084833593545
0.5500412870946222
