0.5
0.6666666666666666
0.75
0.7
0.6944444444444445
0.7380952380952381
0.7583333333333334
0.7851851851851852
0.8066666666666666
0.8146730462519937
0.8254873294346979
0.8389113810166442
0.8504177109440267
0.8603898635477584
0.868153958614485
0.8759096081077505
0.8828035187684311
0.8889717546227243
0.8945231668915881
0.8995458732300838
0.8984301517196255
0.9028462320796418
0.8999498612985456
0.9039518668466038
0.9076460258140421
0.911066543376485
0.9142427382558962
0.9171998852125894
0.8866265557055031
0.8902837635859707
0.8937123959739092
0.8944079799342958
0.8926116667989733
0.8956799048904313
0.8985776853101414
0.9013188289504078
0.9039157018727655
0.8807383761837203
0.8795532501124607
0.8758390910188086
0.8583582030644454
0.8615773348129807
0.8646533940393589
0.8675957115602424
0.8704128240802372
0.873112556911899
0.8706000557504316
0.8703309117782801
0.8713651472939398
0.8546081252305947
0.8573513681507722
0.8599930094813134
0.8619116318794589
0.864377495595897
0.863832861170238
0.8661805704604064
0.8681753229567035
0.8648168453518695
0.851973291200734
0.8543229214991349
0.856599125850711
0.8455405664814976
0.8478459311608781
0.8500834909967476
0.8486330056199831
0.8507953912539834
0.8410510748302616
0.8432284573668334
0.845346991726741
0.8474090318370512
0.8494168077339321
0.8501917960632435
0.8521124140624327
0.8497649995384358
0.8516429370442052
0.8534745057226719
0.8449570477534508
0.8388662892484494
0.8407619799631735
0.8426135848473226
0.834826912464429
0.8366827898524691
0.838497425520775
0.8311387858355408
0.8329544978158038
0.8347315776262739
0.8364712452302079
0.8370172623516524
0.8386974967603983
0.8396040144657418
0.8412241759357848
0.8419230452875381
0.8434881636510279
0.8433886064910504
0.8449091054571567
0.8464003640585301
0.8478632177341632
0.8492984703970484
0.8507068959073564
0.8520892394637698
0.8530473357909869
0.8452923600110689
0.8466861225334916
0.8480549964394426
0.8482934477983857
0.8496242070282244
0.8509318226192832
0.8522168931139447
0.8534799965916032
0.8547216915357422
0.8559425176572906
0.8500591702579965
0.8512881934526031
0.8524972325302241
0.8536867709775611
0.8548572768097406
0.8560092031842664
0.8504465593845123
0.8516058883815316
0.8527473815478275
0.8474027242516483
0.8485500721896059
0.8496802955314744
0.8507937748238339
0.8517989676560116
0.8528807270161867
0.8539468087044751
0.8549975510878962
0.8560332828658398
0.8570543234128906
0.858060983107166
0.8460551236865579
0.8457396776339102
0.8467890675819789
0.8478242765848034
0.8488455901647711
0.8498532862303393
0.8486401298093879
0.8496359184290629
0.8504319488408244
0.8514031699522476
0.8523618591783622
0.8533082575169624
0.8542425998257716
0.8551651150167476
0.8465588844123717
0.8475119348197483
0.8478920519448789
0.8487087427809707
0.8496312504469404
0.8496767753360066
0.850582336930368
0.8512167046082127
0.8521023194617353
0.8529774536661038
0.8535353868031063
0.854391905008936
0.8552384637007445
0.8502948887660581
0.8495132268437573
0.8498536707423124
0.850706774885822
0.850743136932472
0.8515816586350986
0.8496175152907685
0.8504529735391531
0.8509108760794524
0.8511195464795043
0.8519331008703266
0.8527378122786401
0.8535338241041609
0.8543212766627407
0.8505519013790945
0.8513426320596285
0.8521250392593146
0.8528992537134543
0.8533062080313979
0.8540662794923751
0.8504348304719406
0.8499224078674918
0.8499590598942703
0.8507168424200569
0.8514670090410617
0.8522096739958563
0.8527347327265896
0.8529137136976901
0.8522308171488626
0.8527666389350861
0.8534848504524759
0.8541960890425125
0.8546704120538093
0.8553691119958583
0.8558961365383628
0.8565823454119897
0.8572620499361034
0.8579353421533861
0.858602312378018
0.8592630492360647
0.8599176397047341
0.8604753920989842
0.8608303442091271
0.8614687371255989
0.8621012999697742
0.862728112242639
0.8633492520062469
0.8639647959161287
0.8645748192528276
0.8651793959525919
0.865778598637247
0.8663724986432769
0.8669611660501347
0.8675446697078095
0.8659396711501335
0.8665225421451329
0.8671003666380112
0.8676732098852611
0.8682411360230926
0.8688042080913699
0.8693624880569386
0.8656787487007651
0.866245505035361
0.866807498711683
0.8673647895120526
0.867917436222419
0.8684654966530314
0.8690090276585974
0.8695480851579448
0.8700827241531991
0.8706129987484922
0.8711389621682137
0.8716606667748201
0.872178164086212
0.8726915047926931
0.8732007387735223
0.87370591511307
0.8742070821165896
0.8747042873256149
0.8751975775329944
0.8756869987975708
0.8761725964585179
0.8747088898575119
0.8751945143154286
0.8689361745445429
0.8694364181531514
0.8699328576278543
0.8704255361974458
0.8702855656206001
0.8707732138701467
0.8710730133392891
0.871554084185038
0.8720315782958743
0.872505535413297
0.8729759946922147
0.8733647719332555
0.8738286372375292
0.8742891166636697
0.874746247148529
0.8720404980716443
0.8725007840498039
0.8729577704869014
0.8734114927351625
0.8707631842760478
0.8712198514694187
0.871673302696639
0.8721235718099841
0.8725706921882709
0.8730146967451062
0.8734556179369635
0.8738934877710917
0.8743283378132602
0.8747601991953453
0.8751891026227585
0.8756150783817253
0.8760381563464132
0.8764583659859169
0.8768757363710996
0.877290296181298
0.8777020737108909
0.8776333137892586
0.8780412027432944
0.8783952697927033
0.878797934462264
0.8791979412792201
0.8795953164723805
0.8768629187277144
0.8772640167123147
0.8776625101645474
0.8780584243711347
0.8784517842925181
0.8788426145681049
0.8792309395214122
0.8796167831651137
0.8800001692059892
0.8803811210497797
0.8807596618059513
0.8811358142923679
0.8813246213876379
0.8816966445180842
0.8820663425039651
0.8796932596312697
0.8800657263197178
0.8799214905388956
0.880290962875699
0.8806581685110495
0.8810231282403735
0.8813858626054943
0.8817463918984868
0.882104736165461
0.8824609152102784
0.8820619365500065
0.8824161049087151
0.8827681524988088
0.8831180983122452
0.8834659611148874
0.883811759449858
0.8841165829581814
0.8818570736466628
0.8822035338412473
0.8825479679528226
0.8825988485127269
0.882940130929841
0.882865356223212
0.8832038956560929
0.8835404838530494
0.8838751376350809
0.8842078736303958
0.8845387082771661
0.884867657826234
0.8851947383437732
0.8855199657139041
0.8858433556412659
0.886164923653544
0.8864846851039555
0.8868026551736923
0.8846477657298277
0.8849681886028004
0.885286836279801
0.8856037234723981
0.88591886473005
0.8862322744423301
0.8865439668411182
0.8868539560027545
0.8871622558501584
0.8874688801549134
0.8877738425393175
0.8880771564784004
0.8879641556419461
0.8882653272665645
0.888564884029925
0.8888628388854599
0.889159204648432
0.8847478882094233
0.8837327222774723
0.8840386887977948
0.8843430491946509
0.8846458160815759
0.8849470019403708
0.8852466191228178
0.8855446798523688
0.8858411962258083
0.8861361802148889
0.8864296436679433
0.8867215983114705
0.8847434827190844
0.8850375044468418
0.8853300298808193
0.8856210704141168
0.8859106373244607
0.8861987417756616
0.8864853948190479
0.8867706073948795
0.8870543903337393
0.887336754357905
0.8854097058287612
0.8835017369880248
0.8837893870201531
0.8797419160371618
0.8800359455823032
0.8803285408369805
0.8784822857843738
0.8787765175379225
0.8790693278820338
0.8781559078148482
0.8763422104152566
0.8764205565843372
0.8734376015529832
0.8737382248272041
0.8719711410218746
0.8722730958779551
0.8705253348644435
0.8696575940333793
0.869962132365077
0.8662268971049952
0.8665365570654003
0.8668447867257574
0.8651581440281677
0.8654674143400297
0.8657752692271234
0.8660817183841392
0.8644177105733022
0.8624575797103241
0.8627687616566808
0.8630785387184039
0.8633869203879571
0.8636939160724785
0.8601423943130646
0.8585417614494509
0.8569552934784357
0.857271065457512
0.8575854463706012
0.8578984453895669
0.8582100716058179
0.8566458354852684
0.856958153926477
0.8572691144614194
0.857578725926796
0.8571654963612979
0.8574739942093297
0.8577811623252578
0.8580870092879992
0.856553446079057
0.8568599558096573
0.8571651584625152
0.8520305693846081
0.8505483354082518
0.8490785310669174
0.8493942663575724
0.8497086833380368
0.8500217902477493
0.8485694176741071
0.8488829385484878
0.8491951638820654
0.849506101688494
0.8487869533311103
0.8490974524002457
0.8494066789322123
0.849714640733987
0.8500213455488156
0.8503268010568628
0.8471871646131977
0.8474958774119589
0.8460975036597981
0.8464065448171076
0.8467143473325043
0.8470209186378392
0.847326266105628
0.8476303970496407
0.8479333187254864
0.8482350383311897
0.8485355630077617
0.8471606692680861
0.8474615340923615
0.8477612167365808
0.8480597241547444
0.848357063246418
0.8486532408572649
0.8489482637795704
0.8482693761068475
0.8452813526478136
0.8455800372952117
0.8458775709420416
0.8445498259480223
0.8448476232163211
0.8446662702082594
0.8449627086238924
0.8404554153767417
0.8391117156960748
0.8389438970224475
0.8383067844340595
0.8386101488159843
0.8373443164839619
0.8360879130706138
0.8363925823771741
0.8366961211853796
0.8369985357757771
0.8372998323824762
0.8376000171935787
0.8378990963516015
0.8381970759538964
0.8384939620530636
0.838789760657362
0.8381704009486648
0.8369384504898354
0.8372349260343993
0.83299496266953
0.8328454221962516
0.8331460599261145
0.8334456181668216
0.8322526105884072
0.831068109302887
0.8313686998557289
0.8316682225913314
0.8319666831895738
0.8322640872901232
0.8325604404927909
0.8328557483578829
0.8316857808768359
0.8305240093150956
0.8308202960120973
0.8311155485495979
0.8314097723326126
0.8317029727285559
0.8305532223898087
0.8308463829047052
0.8302749729169596
0.8303212968552801
0.8306133428159422
0.8309043851822379
0.8311944291184605
0.8314834797535317
0.8312017416115028
0.830636550926159
0.8309250746894875
0.8312126170794714
0.8314991830946166
0.8303773584479343
0.8306638831802857
0.8309494415560357
0.8312340384557729
0.8301225148367939
0.8302782173631592
0.8305620330531874
0.8308449011115293
0.8311268262763434
0.831407813254253
0.831687866720608
0.8319669913197447
0.8322451916652418
0.8305986178753676
0.8308776975823274
0.8309208968579204
0.8311985308532276
0.8312230477635565
0.8310901131518321
0.8300098843976663
0.8302867412634681
0.830562697781739
0.830837758337288
0.8289580244915362
0.8292343443227292
0.8291065469931764
0.8293817377387591
0.8296560436266389
0.8283323597261262
0.8286070279505644
0.8288808186407393
0.8291537359953792
0.8294257841864694
0.8296969673594639
0.8299672896334964
0.8299197978908125
0.8301889121346562
0.8304571760965288
0.8299359502667235
0.8299787957893632
0.8302461247268013
0.8305126143269161
0.8307179839933919
0.8309829010763443
0.8308563652934126
0.8311202399185399
0.8313832925043365
0.8316455268861338
0.8318330042549146
0.8320937282793256
0.831067163431476
0.8313278622533411
0.8315535169767994
0.8318126654122197
0.8300279639845748
0.8290187041558758
0.8292797443022027
0.829539988594425
0.8285383472917064
0.8275427765423375
0.8278036800574021
0.8279264704335856
0.8281860081855711
0.8284447641973398
0.8274584435841346
0.8269675013898555
0.8272265320763977
0.8262497364582592
0.8265086787288132
0.8267668503378477
0.8257972157671123
0.8248333186790439
0.823137645172616
0.8232999363186553
0.8223504504557517
0.8211446580064031
0.8202056385385481
0.8204681120589298
0.8207298203503891
0.8186076295506052
0.81887051704401
0.8191326436474196
0.8193940126594897
0.8161216332763893
0.8152158406308981
0.8154801956514548
0.8157437953719527
0.8160066430247745
0.8151076198582744
0.8146600238073394
0.8149229173905914
0.8151850662328144
0.8154464734941541
0.8157071423169024
0.8159670758256233
0.8136718097895456
0.8127919449654515
0.8130541411209621
0.812179688212803
0.8124416412278479
0.8127028645687562
0.8129633612800653
0.8132231343893985
0.8134821869075824
0.8137405218287631
0.8128738353043742
0.8131319403591268
0.8133893343806707
0.8122705044846863
0.8125283746708337
0.8127855373941933
0.8105617739539903
0.8108205693447635
0.811078658608959
0.8113360446326525
0.8103047460923958
0.8102907640759881
0.810547822661251
0.8107051723847035
0.8109609762058053
0.8112160895982401
0.8114705153534986
0.8112756245746467
0.811193264864197
0.8113124685355202
0.8115654008833277
0.8118176560360943
0.8120692367098429
0.8120976266919838
0.8123481631897278
0.8123761061592932
0.8125338965537072
0.8127479075948396
0.8119194363164427
0.8121226080162612
0.8123707947956321
0.8125240937847823
0.8124417168496244
0.812688504064296
0.8129346426923324
0.8131801352872243
0.8129881123925708
0.8132328923501723
0.813477032360172
0.8136716665802237
0.8137283434909964
0.8139708847104092
0.8140270251166933
0.8139438731360223
0.814185191069698
0.8143179390950827
0.8145581487469649
0.8146685387356638
0.8149076761050371
0.8151461971409842
0.8151501039891708
0.8143409894731524
0.8145244584719183
0.8145291413908812
0.8147663164018902
0.8141514594631054
0.8141050644609559
0.8143418732960375
0.8145780795641087
0.8148136855621212
0.8150486935753672
0.8152831058775531
0.8155169247308727
0.8157501523860802
0.8147436366591712
0.8149769570160237
0.8152096904034248
0.8152848038576919
0.8155165669645205
0.815747749211432
0.8159783527793777
0.8162083798384034
0.8164378325477188
0.8160432716592553
0.8161435312513832
0.8163722084513192
0.814537801232789
0.8147673336570058
0.814819713784924
0.8150483314222267
0.8152763852675753
0.8148881138571472
0.815075253897954
0.8151269340002204
0.815316590485738
0.815542918193476
0.8156812639834123
0.815731950527617
0.8159569420410144
0.8151872539970655
0.8154120870214
0.8148263291189843
0.8150510544477235
0.8152752349877869
0.8152970970923215
0.8153514114292878
0.8155744169710398
0.8155958390655662
0.815750452793975
0.8159721730673878
0.8161933603593741
0.8164140165894349
0.8166341436678648
0.8158766457165063
0.8160966258291509
0.8163160809295934
0.8165350128951123
0.8165369733775966
0.8167551220418325
0.8169727525382199
0.8169921601073719
0.817208994040894
0.8174253147580053
0.8176411240786223
0.8178564238140666
0.8180712157671162
0.8173228129064877
0.8165779236743128
0.8167929554167813
0.817007483572031
0.8172215099070345
0.8173366593974284
0.8169663715801618
0.817179697487411
0.8173709684815834
0.8175833278205584
0.817601620509888
0.817316036926267
0.8172380345659817
0.8174495646185673
0.8175622167022698
0.8177728838885258
0.8179830651066474
0.817271103050073
0.8173169853908012
0.8175269658673635
0.8175598325496671
0.8177429895390285
0.8175699353318436
0.8177786653829513
0.8178990062488873
0.8181068840956351
0.8183142878765979
0.8185212192115904
0.8187276797130562
0.8189336709861095
0.8180041208487814
0.8182104653829664
0.8184163425456131
0.818621753922824
0.8188267010935326
0.8190311856295445
0.8190473098095938
0.8192510853616101
0.8194544024759389
0.8195449031473143
0.8197474341202129
0.8199495109877911
0.8200267107390802
0.8198332343551767
0.8200345380039419
0.8198633685046816
0.8199527070013318
0.8201532051004394
0.8203532571526081
0.8205528646446607
0.8198421044126326
0.8189341951054204
0.8191344891373834
0.8192554139323383
0.8194549112679538
0.8193783347395437
0.8195772572783767
0.8197757421438571
0.8190737097791065
0.8189979710622435
0.8191962208201162
0.8193940367710789
0.8195914203374493
0.8196519100532381
0.8187788534276731
0.8189760472759564
0.8182833739919695
0.8184804636080303
0.8185358100368312
0.8187321998528087
0.8188849217989137
0.8190805104362799
0.8190218538795557
0.8192168734335648
0.8194114731392337
0.8196056543509119
0.8197994184171301
0.819992766680631
0.820185700478401
0.8203782211417003
0.8205703299960942
0.8204059030053577
0.8205975722657575
0.8207888328496958
0.8209796860628485
0.8211701332053348
0.8213601755717479
0.8215498144511834
0.8216574784051873
0.8218464005678937
0.8220349228953351
0.822223046655488
0.8224107731109732
0.822598103519084
0.8226345047347045
0.8228212052560363
0.8230075131369449
0.8231934296147422
0.8233789559215473
0.8235640932843129
0.823748842924853
0.8239332060598688
0.8240368045102523
0.8242204821673397
0.8240561924744297
0.8242394672739355
0.8240754997394846
0.8242583734403791
0.8244408673412718
0.8246229826241127
0.8247296284782681
0.8249110677862616
0.8248336002911362
0.8250145573156288
0.8243444242077616
0.8245253259336032
0.8243629199055508
0.8245434307792346
0.8246631772266773
0.8248430098654191
0.8248361848739401
0.824942362196046
0.8242785371455944
0.824457844760752
0.8244911628161874
0.8246698887196332
0.8248482509895013
0.8250262507344307
0.8252038890585582
0.8253811670615414
0.8255580858385814
0.8257346464804451
0.8259108500734882
0.826066083393348
0.8262415969318008
0.8264167566123131
0.8265915635039421
0.8267660186714432
0.826940123175291
0.8271138780717013
0.8272872844126525
0.8274603432459063
0.8276330556150295
0.8278054225594145
0.8279774451143003
0.8264994248599746
0.8266720622481737
0.8268443564208892
0.8270163084006102
0.8271879192057684
0.8273591898507577
0.8275301213459549
0.8277007146977394
0.8278709709085124
0.8280408909767172
0.8282104758968585
0.8283797266595218
0.8285039055255512
0.8286725349203147
0.8288408330196071
0.8290088007987831
0.8290538902097647
0.8292213202879138
0.8293884227142466
0.8285776813430694
0.8287450859511328
0.8289121639160586
0.8290789161929435
0.8292453437331646
0.8294114474843969
0.8295772283906317
0.8297426873921941
0.8299078254257615
0.8300726434243799
0.8299951287647241
0.8301595435338105
0.8303236405931981
0.8302461081215831
0.8303026585369806
0.8304661434516849
0.8305874674128771
0.8307503640788263
0.8305927428517252
0.8305633832136717
0.8307258344282319
0.8308879744335689
0.8310498041231061
0.8310747496804864
0.8302809820112595
0.8299658284024702
0.8301279200817815
0.8300516077769416
0.8293290762032213
0.8294911568526009
0.8296529299485662
0.8298143963656766
0.828406605071634
0.8283325667287902
0.8277136551986699
0.8278758833952813
0.8278930780921379
0.8278919254498207
0.8280535292756894
0.8282148299048867
0.8283758281898869
0.8283024425829675
0.8269159744898312
0.827077433468852
0.8272385914991699
0.827399449421424
0.8274566488999984
0.825920053451716
0.8260815376321876
0.8262427224907305
0.8259406458958317
0.8259166489986107
0.8260775393414955
0.8250146656526736
0.8251759424585237
0.8253369222536815
0.825497605857864
0.8256579940877741
0.825818087757115
0.8259778876766039
0.8259082470829497
0.8251519208493573
0.8241918624931428
0.8243524178698614
0.8245126802623158
0.8246726504717394
0.8248323292964465
0.824241725061362
0.8244013601884633
0.8245607055966409
0.8247197620738878
0.8248785304053425
0.8250370113733015
0.8251952057572316
0.8253531143337833
0.8255107378768034
0.8256680771573474
0.8258251329436921
0.8259819060013485
0.8261383970930739
0.8253961343822984
0.8239156031995499
0.8233356289771694
0.8227577279423576
0.8221818889986603
0.8223403721635456
0.8224985730788051
0.8226564924977742
0.8228141311711095
0.822241257823867
0.8223988453612573
0.8215332426851016
0.821691038226494
0.8218485549771773
0.8220057936753441
0.8221627550565828
0.8223194398538897
0.8220357079526098
0.8221922288778934
0.8223484747224646
0.8225044462108558
0.8226601440650568
0.8219491222132208
0.8206689061724874
0.8200225785244099
0.8201793532817928
0.820335855150129
0.8204920848413028
0.8199356749717865
0.8200918452450114
0.8183961051621956
0.8178461982448171
0.8175719564861934
0.8170248902390165
0.8157392122182505
0.8158973759845868
0.8160552684580135
0.8162128903359415
0.8149747376256783
0.8151327438275351
0.8150060662872954
0.814311261456701
0.8130842769461822
0.8123934661756247
0.8118635366316457
0.8120229743124663
0.8113354019379426
0.8097019507505999
0.8078174323979043
0.8079790661805806
0.8081404283098406
0.8083015194699499
0.8081826982847121
0.8083434839525372
0.8076664793596121
0.8071519869192114
0.8073130963704068
0.8074739368575767
0.8076345090536922
0.8064507290810125
0.806611617918019
0.8067722394978214
0.8065176567264538
0.8066780898469128
0.8068382571295584
0.8069981592345835
0.8071577968199974
0.8059849639895849
0.806144910433122
0.8063045933734571
0.8056409681937259
0.8058008029238297
0.8059603749838758
0.8061196850208349
0.8061875842856979
0.8063464469215293
0.806505049340103
0.8066633921802503
0.8068214760787129
0.8063205430565435
0.8064785197750944
0.8066362389928817
0.8067937013389787
0.8061372377902896
0.806294849792086
0.8064522057223931
0.8066093062047612
0.8064958085246816
0.8066526190526195
0.8068091756363825
0.8063131219975201
0.8064695734337096
0.8066257723252078
0.8063784934765584
0.8065345140297603
0.8060412967907743
0.8061329034653798
0.8062886200087811
0.8064440866058847
0.8052276476468634
0.8051167988620792
0.8052725807974412
0.8054281138798715
0.8047853141082195
0.8049409877014346
0.8050964132092422
0.8048535020522285
0.8050087498628473
0.8043688382969786
0.8045242244460675
0.8040412359854077
0.8035597771794133
0.8037151887481004
0.8038703546067977
0.8040252753377559
0.8041799515213883
0.8043343837362769
0.8044885725591797
0.8046425185650385
0.8029010977846146
0.8024263311736669
0.8013260348534786
0.8008555804665098
0.8010109193273004
0.7991415229996882
0.7992975901923847
0.7994534150447198
0.7996089981207131
0.7985263146885442
0.7986821334706876
0.7982208483224703
0.798376542112345
0.7973025393207075
0.797458460444307
0.7970015350058365
0.7964364581554769
0.7965924455438635
0.7967481940541669
0.7965211487641484
0.7966767136351238
0.7950100163374558
0.7951661397065819
0.7952244568542899
0.7953801797007886
0.7949316145076211
0.7944844096334623
0.794640103262528
0.7935940561651829
0.7937499518931548
0.7936037255143674
0.7925639580621512
0.7927200423675973
0.7920297542999275
0.7915916001299351
0.791697853303251
0.7912611798701624
0.7906693614858167
0.7908258118882937
0.7909820286083173
0.7911380121690574
0.791293763092123
0.7914492818975685
0.7914184186943686
0.7915736133233162
0.7917285771795813
0.7918833107775163
0.7919140828803788
0.7920684492877376
0.7922225868345961
0.7922530392394099
0.792406811971283
0.7917282111159425
0.7918820307532276
0.7920356233504577
0.7921889894099338
0.7923421294324762
0.7922495849090846
0.7923104755750824
0.7918809230760742
0.7920337270973106
0.7921863069013477
0.7922979331018924
0.7924500957882646
0.7924190195834416
0.7918393421733586
0.7919915063969162
0.7919973562826744
0.7921491830299133
0.7923007882939324
0.7923711877841619
0.7925224105170212
0.7926734131294543
0.7928241961017237
0.7929747599126963
0.7931251050398476
0.7932752319592672
0.7934251411456636
0.7935748330723696
0.7931499780317439
0.7932995442081491
0.7934488942484611
0.7932041986241268
0.7927814095850149
0.7929307025175906
0.7930797804855404
0.793228643952817
0.7931376576283842
0.7932862656329615
0.7931953685769915
0.7933437219711257
0.7934918626722216
0.7930716882088398
0.7930766440827962
0.7925097558454246
0.7926579631626779
0.7928059589063162
0.7928645851838438
0.7930122226854948
0.7931596498773141
0.7933068672083623
0.7934538751264218
0.7936006740780022
0.7937472645083445
0.7938936468614259
0.7940398215799639
0.794185789105421
0.793769390253184
0.7939152393406995
0.7940608822810947
0.7942063195111222
0.7937913599631516
0.7939366796531001
0.7940465833998234
0.7941133267534398
0.7942581134434866
0.7944026966385369
0.794547076767302
0.7946912542572898
0.7942782321770414
0.7933112149067398
0.7934556515140727
0.792901562371954
0.7930460832635297
0.7931904025917978
0.7922303669566026
0.7914767458767464
0.7916215536921097
0.7917661605250784
0.791910566793785
0.7915062585295277
0.7911030686837054
0.7912474342202059
0.7913916003567942
0.7915355675063065
0.7911337266138098
0.7901891590898473
0.7903333589805073
0.7899348231411379
0.7895373799291556
0.7896815324086562
0.7892852512425704
0.7894292804625004
0.7890341551649407
0.7881028864554755
0.7882471322781743
0.7883911818480531
0.7885350355653555
0.7886786938292378
0.7888221570377719
0.7884305337739919
0.7885738735207575
0.7887170191717251
0.7888599711208647
0.7890027297610805
0.7891452954842149
0.7889500589578919
0.789092467824992
0.7892346846369778
0.7893767097821011
0.7895185436475677
0.7896601866195411
0.7891291441268581
0.7892708584117191
0.789412382348313
0.7895537163198914
0.7893595153029095
0.7895006952524384
0.7896416860794628
0.789782488163747
0.7893950784202126
0.7895357630705665
0.7896762598909466
0.7898165692572635
0.7897900248777587
0.7899300714967609
0.7900699316355779
0.7896842003435094
0.789823945060889
0.7899635041943148
0.7901028781132303
0.7902420671860995
0.7903810717804096
0.7900783911589214
0.7902173200860168
0.79035606524469
0.79049462699932
0.7906330057133232
0.7907712017491559
0.7903878514502118
0.7903063486934374
0.7904443958634878
0.7905822613925251
0.7907199456388153
0.7908574489596834
0.7909947717115154
0.7911319142497625
0.791268876928943
0.7914056601026461
0.791542264123535
0.7916786893433495
0.7914879249945311
0.7911071439037479
0.7912434969429752
0.7913796720917404
0.7911897244567393
0.7913257572095362
0.7909466735957307
0.7910825990355254
0.7912183478340729
0.7913539203354792
0.7914893168829579
0.7916245378188315
0.7914355394145418
0.7915706200237294
0.7917055257712867
0.7918402569965317
0.7904419595591213
0.7895589422515377
0.7896943612076178
0.7888150528687463
0.7889506016153004
0.7880749758594734
0.7873864602153794
0.7868830161871088
0.7869393209690978
0.787075375042553
0.7872112554669036
0.7873469625743865
0.7874824966963914
0.7876178581634637
0.7877530473053075
0.7878880644507875
0.7880229099279327
0.7881287056996084
0.7877630601339997
0.7878976428479287
0.7880320549880757
0.7876674574501161
0.787801760133576
0.7874381445174881
0.7875723376080704
0.7877063613698319
0.7878402161230665
0.7879739021872613
0.7880680621984782
0.7882014366086744
0.7883346432523167
0.7879724138009947
0.7876110933319846
0.7872506784280598
0.7870708094998018
0.7865782745752087
0.7867117465735982
0.7863535807440247
0.7864869430531732
0.7866201389714184
0.785773401476453
0.7854179619223778
0.7855513255259065
0.7856845234603624
0.7858175560342542
0.7859504235553247
0.786083126330554
0.7857288438211663
0.7858614373584056
0.7853754377063596
0.7855080857671097
0.7856405699636712
0.7852881448310818
0.784936588275529
0.7850690164847189
0.7852012817053438
0.7850258811630895
0.784675726517926
0.7847581348619413
0.7848901850859524
0.7850220733844896
0.7851538000552098
0.7852853653950413
0.7854167697001851
0.7850678494438279
0.78519914580947
0.7853302818620894
0.7854612578951206
0.785592074201282
0.7857227310725792
0.7857771021255192
0.7859074873342072
0.7860087485659875
0.7861388344331206
0.7862687622372317
0.7863985322662316
0.7865281448073322
0.7866576001470488
0.7867868985712021
0.7869160403649204
0.7870450258126414
0.7860933389615983
0.7862225876993858
0.786351680339664
0.7864403838115974
0.7865691893702152
0.7866978396478703
0.7868263349251908
0.7864580351608637
0.7862857813814524
0.7863140551506542
0.7864423950574707
0.7865705808947712
0.7866986129398252
0.7868264914692378
0.7869542167589507
0.7870817890842448
0.7872092087197419
0.7873364759394071
0.7874635910165503
0.7865233359825007
0.7866507086937283
0.7867779294995162
0.7869049986714474
0.7870319164804578
0.7866904150926167
0.7863497253539445
0.7864765960633543
0.7863065802793404
0.7864333260798865
0.7865599216186655
0.7866863671627302
0.7868126629785013
0.7867908803376856
0.7869169649737958
0.7870429005736931
0.78716868740147
0.7872943257205954
0.7873577136358666
0.7874830923424492
0.78714447857055
0.7872697613965827
0.7873556811447807
0.7874806925021325
0.7876055569601218
0.7877302747775263
0.787854846212516
0.7879792715226553
0.787751851082138
0.7878761909467648
0.7875392966331933
0.787663542658554
0.787787643451857
0.7873543440043553
0.7874784079810155
0.7875716383093372
0.787236668433613
0.7873605120491929
0.7869682323840195
0.786634935946872
0.7866426928035481
0.7867664499422932
0.7868900635945005
0.7864854427912643
0.7866090044563157
0.7867324231928938
0.7862776645667707
0.7864011321204584
0.786524457101913
0.7861459206269782
0.7862691794623516
0.7859395661296373
0.7860627309362371
0.7861857540926855
0.786308635843207
0.7864313764314648
0.7865539761005627
0.7866764350930465
0.786798753650906
0.786920932015576
0.7870429704279382
0.787164869128323
0.7868364930629961
0.7869583007812458
0.7866307228123174
0.7867524394564633
0.7863989466479658
0.7860729376022653
0.7857476699074362
0.7858694041858978
0.785423141037581
0.7855449213207606
0.785512942730486
0.7850676406087568
0.7850635103748582
0.7851852184663787
0.7848626107531814
0.7849842260099631
0.7849644609105224
0.7850858813165583
0.7852071646792464
0.7848480434864477
0.7845272686627016
0.7845078385734148
0.7837474321039091
0.7838688540959899
0.7835504369853943
0.7836717652157836
0.7833541036645902
0.7834753380777606
0.7833167948238021
0.7834379145583891
0.7835588989636637
0.7834005746203004
0.7835214448353561
0.7836421802258551
0.7837627810172565
0.7838832474345171
0.7840035797020924
0.7841237780439388
0.7838079094746849
0.7838425461061733
0.7839120898946157
0.7837545360156509
0.7834399522728397
0.7834906780610542
0.7836105614065354
0.7837303120643071
0.783849930254537
0.783969416196906
0.7832233299669994
0.7833428979041384
0.7834623340133423
0.783150150826103
0.7832694958173929
0.7833887095160632
0.7835077921386492
0.7836267439012103
0.7837455650193317
0.7833154082877074
0.7831599966539785
0.7830047554277428
0.783123656931618
0.783242428203835
0.7820768709837175
0.7820866596942669
0.7822056080241282
0.7823244265685777
0.7824431155399143
0.7825616751499743
0.7826801056101322
0.7827984071313026
0.7829165799239406
0.7830346241980439
0.7831525401631537
0.7832703280283557
0.7833879880022817
0.7835055202931106
0.7836229251085699
0.7837402026559365
0.7838573531420384
0.7839743767732554
0.7838207109849582
0.7839376278530031
0.784054418324434
0.7837476640929821
0.7838643679979508
0.7839809460087394
0.783674932058299
0.7833695769107658
0.7834861075310398
0.7836025128495714
0.7837187930683519
0.7838349483889382
0.7839509790124546
0.7840462512670286
0.7841620441617917
0.7842777129484145
0.7843932578263211
0.7845086789945083
0.784623976651547
0.7847391509955837
0.7848542022243407
0.7845500332951102
0.7846650012602676
0.7847798465929288
0.7848945694892012
0.7850091701447743
0.7851236487549209
0.7848203257243306
0.7848587747043511
0.7849730899143912
0.7850872837062582
0.7852013562732931
0.7853153078084267
0.7853407680552585
0.7850385002924881
0.7847368722498506
0.7845862974892742
0.7846296803482474
0.7847434523079155
0.7848571041282387
0.7849706359994112
0.7850840481112258
0.7851973406530754
0.7853105138139537
0.7854235677824561
0.7855365027467811
0.7856493188947312
0.7853491094161241
0.7854618462284055
0.7855744646818289
0.7856869649626884
0.7857993472568873
0.7859116117499393
0.7860237586269692
0.7861357880727142
0.7862477002715249
0.7859484345106555
0.7852397469827161
0.7853517763270131
0.78546368885239
0.7855754847414717
0.7856871641765022
0.7857987273393462
0.7846853793344852
0.7847971730108433
0.7849088506584765
0.7844406541656562
0.7845523429458813
0.7846639160463754
0.7842577753030802
0.7843693853520698
0.7836704658499746
0.7833777202711821
0.783489438826999
0.7836010422090468
0.7826484929930781
0.7816988807222769
0.7814096621589071
0.7815218172835048
0.7816338573772056
0.7817457826168892
0.7810573295217763
0.7811693206575708
0.7804831572449187
0.7805952128052838
0.7803090371675425
0.780421010135347
0.7805328690196387
0.7806446139946797
0.7803591159133015
0.7804707787928575
0.7800741981125766
0.7799319562648811
0.7800436659317517
0.7801552622453327
0.7802667453780684
0.7802091680447124
0.7803205109180433
0.7804317410390975
0.7802898221418105
0.7804009552616175
0.7805119760122435
0.7806228845640312
0.7799458569890099
0.7800568273082288
0.7801676857622064
0.7798855430776523
0.7799963203584387
0.7795471871387051
0.7796579674466756
0.7797686364735733
0.7796281903709259
0.779487885207669
0.7795984730285278
0.779318314237918
0.7794288208407032
0.7795392168262685
0.7796495023606225
0.7797596776094422
0.7798697427380732
0.7799796979115307
0.7800895432945004
0.7801992790513395
0.780308905346077
0.7800295741000919
0.7800679771294956
0.7801774505107154
0.7802868149631976
0.7803960706494417
0.7805052177316238
0.7805432890875162
0.7806522546837985
0.78026483421001
0.7803738298279613
0.7800959568548911
0.7802048741620456
0.780066158877807
0.7801300009115592
0.7802387397835119
0.7797147884596152
0.7798235712801289
0.7799322467138505
0.779656179409399
0.7797067938804523
0.7794313563680146
0.7795399039288572
0.7796483447041012
0.7793735060360873
0.77941170316335
0.7791375012956725
0.7792458203239728
0.7793540331571474
0.7789721840473203
0.779080424897444
0.778426517183658
0.7785348131185633
0.7782628064651272
0.7779913305563808
0.7773415624162594
0.7774499647714609
0.7775582616255866
0.7776664531325781
0.7777745394460771
0.7778825207194269
0.777990397105673
0.7780981687575634
0.7778284324154126
0.7775592188181107
0.7776669383247363
0.7746658116934784
0.7747744588430957
0.7741368452771211
0.7733921248872442
0.7727580344095007
0.77286712800796
0.7729761169100675
0.7701300657623414
0.7702398412801245
0.7699819788361548
0.767054290703698
0.7671649537484944
0.766911356260361
0.766547546319061
0.7659318937188918
0.7660427214207295
0.7653179884770959
0.7654289492390453
0.7655398051231477
0.7656505562780258
0.7653998242758757
0.7651495651299296
0.7649460702044835
0.765056788023511
0.7649319966920498
0.7646827662153876
0.7647933996116191
0.7649039290290949
0.7650143546143324
0.7647656316161022
0.7648759666857007
0.7645173750463731
0.7636776970851656
0.7637882830949526
0.7638987656566482
0.7640091449153408
0.7637625226407818
0.7631602429915643
0.7629149864743308
0.7630254126566902
0.7631357360213752
0.763245956711919
0.7633560748715879
0.7634660906433817
0.7635760041700344
0.7633312725041382
0.7634410955795424
0.7635508167782532
0.7632138836765124
0.7633235576535033
0.7634331300805156
0.763189436158147
0.7632989186194701
0.7632542641592331
0.7633636155383744
0.763472865946713
0.7635820155240335
0.7636910644098619
0.7630963738556336
0.763205445506713
0.7633144167697103
0.7634232877831557
0.7635320586853244
0.7636407296142373
0.7637493007076622
0.7638577721031132
0.7639661439378524
0.7640744163488902
0.7641825894729851
0.7642906634466455
0.7643986384061294
0.7640486390295699
0.7641566259224625
0.764264514016734
0.7643723034479106
0.7644799943512708
0.7637184973256872
0.7638262899820166
0.7637059861562154
0.7638136862536831
0.7639212882189433
0.7638011054829602
0.7639086152210198
0.7636685891953526
0.7637760125639003
0.7638833383192097
0.7639905665942691
0.764097697521825
0.7642047312343831
0.7643116678642089
0.7637260994749007
0.7638330591401451
0.7639399220093125
0.764005571483343
0.7641122597421661
0.7642188515814151
0.7643253471317396
0.7640867863491297
0.7641931973611509
0.764299512420952
0.7640614047521043
0.7638237257199242
0.7639299678586017
0.7640361144557876
0.76379888524244
0.7639049477097761
0.7640109149684343
0.7637741338787765
0.7638800172790997
0.7639858058018242
0.7640914995744162
0.7641970987241143
0.7642528892342553
0.7643583217524867
0.764463660008297
0.7645689041280431
0.7646740542378564
0.7647791104636431
0.7648840729310845
0.764988941765638
0.7650937170925369
0.7651983990367917
0.7653029877231895
0.7654074832762958
0.7655118858204542
0.7656161954797867
0.7653800921949158
0.7654843213854111
0.7645403728478465
0.7645560907676834
0.7646604079627354
0.7647646327599176
0.7648687652819361
0.7649728056512805
0.7650767539902228
0.7648424837701696
0.7649463519310485
0.7643751834018059
0.7644790744144152
0.7645828738527518
0.7646865818378387
0.7641172638679691
0.7638850728667665
0.763988814047405
0.764092464107112
0.7630870792859183
0.7631909429074502
0.7629603770354331
0.7627302147798223
0.7628340073367864
0.76293770912632
0.7630413202674361
0.7631448408789401
0.7629151203718436
0.7626858005982965
0.7627892505544437
0.7628926103581236
0.762663709521939
0.7627669890217118
0.76287017867416
0.7629732785964756
0.763076288905647
0.762847824911808
0.7629507555433567
0.7626197573847695
0.7623920852934086
0.7624950349964877
0.762597895527022
0.7627006670008198
0.7628033495334893
0.7629059432404385
0.7630084482368759
0.7624518742538402
0.7625543982614993
0.7626568338101354
0.7627591810141845
0.7628614399878852
0.7629636108452795
0.7627372108359423
0.7628393032581299
0.762941307858879
0.763043224751459
0.7631450540489445
0.7632467958642155
0.7632625765443941
0.7633641805887956
0.7634656974568399
0.7635671272606749
0.7636684701122562
0.7634096863790024
0.7631842608878779
0.7629592209042201
0.7626331699551157
0.7627345654399704
0.7625102935104442
0.7622864041343158
0.7623877313277795
0.7624889721751047
0.7625901267866144
0.7623666458276471
0.762325939753993
0.7614557470750053
0.7615569967579107
0.7616581605267871
0.7613351502805926
0.7614363223237124
0.7608925844037415
0.7609937724763595
0.761094874941471
0.7608741692145551
0.7609751940691328
0.7610761335986644
0.7611769879112019
0.761277757114615
0.761378441316591
0.7614790406246363
0.7612587549964774
0.7610388402195444
0.7604994890128782
0.7606001194796795
0.7606656661185653
0.7604468951021
0.7605473787870404
0.7606477782089326
0.7607480934737234
0.7608483246871823
0.7606299502002111
0.7605906350188163
0.7606907644060941
0.7607908100731484
0.7608907721249356
0.7609906506662368
0.761090445801658
0.7608725981205552
0.7606551136702672
0.7607548407062379
0.7608544846709583
0.760954045668181
0.7606373773179238
0.7604206310581999
0.7598885455543899
0.7599882182212415
0.7597725498527461
0.759872146639706
0.7596568424585629
0.7597563634347706
0.7598558020260641
0.7599551583347004
0.7600544324627672
0.759740230547735
0.7598395114442028
0.7599387103242341
0.7600378272894182
0.7598232746266381
0.7599223165752458
0.7600212768734422
0.7601201556221553
0.7601159875185218
0.7602147458604244
0.7603134229197411
0.7604120187967794
0.7601979521968644
0.7602451181984268
0.7603435801622057
0.7601299210894423
0.7602283091447789
0.7600150072520373
0.7601133214645518
0.7602115551576457
0.7603097084301969
0.760407781380921
0.7605057741083725
0.7606036867109448
0.76070151928687
0.7607992719342201
0.7608969447509069
0.7607904562020289
0.7608540531871226
0.7607476689892486
0.760845203571805
0.7609426586640741
0.7607301646423607
0.7608275475627341
0.7609248512455808
0.7610220757875712
0.7607127172201779
0.7608099489482477
0.7605009278479438
0.7605981666104903
0.7604924043675477
0.7604881478140518
0.7601797584597071
0.7602190625126796
0.7599407697659432
0.7600379597376978
0.7594230422945444
0.759520323716989
0.7596175264964081
0.7597146507281268
0.7598116965073157
0.7599086639289923
0.7600055530880201
0.76010236407911
0.7601990969968201
0.7600942202950882
0.7601908785463795
0.7602874589416487
0.760383961574925
0.760480386540086
0.7602709129682805
0.7603672671029397
0.7604635438136255
0.7603589399807685
0.7604551427346904
0.7598611710313207
0.7593487226880712
0.7593116201836592
0.7591041708875121
0.7592004906912357
0.758960085451637
0.7588566668871595
0.7589529316907973
0.7590491196669782
0.7591452309076375
0.7591914249941975
0.7592874029037254
0.7590808816748097
0.7591767889671366
0.7592726199305401
0.7593683746561047
0.7594640532347703
0.759559655757332
0.7596551823144407
0.7597506329966034
0.7598460078941831
0.7598619420180346
0.7596558659339601
0.7597511271840853
0.7598198998489621
0.7599150206807052
0.7600100661990422
0.7601050364933837
0.7598004852585135
0.7598954257781741
0.7599902912756936
0.7600850818399607
0.7601797975597239
0.7602401226113028
0.7603347024445922
0.7604292076881077
0.7605236384300518
0.7606179947584876
0.7606560116400883
0.7607502415567654
0.760647624381812
0.7607417834595532
0.7608358684837532
0.7609298795417391
0.7610238167207011
0.7607403272690162
0.7608342282394758
0.7609280555332225
0.761021809236935
0.7611154894371557
0.7611111338378465
0.7612047056616468
0.7611676899846714
0.7612611664269475
0.7611589515731029
0.7612523583186745
0.7613456920331708
0.7614389528022083
0.7612347833740144
0.7612499142157888
0.761343066804858
0.7612411389316891
0.7613342223083239
0.7614272331336129
0.7615201714923455
0.7616130374691786
0.7615112028886146
0.7616040000859342
0.7616967250956246
0.7617893780018861
0.7618819588887877
0.7619744678402685
0.7620669049401363
0.7621592702720694
0.7618265891728152
0.7619189402433182
0.762011219723844
0.7618082675784345
0.7619004827284234
0.7619926265044573
0.7620846989893685
0.7621767002658614
0.7622686304165124
0.7623604895237703
0.7624522776699566
0.7625439949372654
0.7626356414077644
0.7627272171633941
0.762818722285969
0.7626161645038604
0.7627076066592903
0.7627989783933452
0.7628902797873431
0.7629334155011611
0.7630245949567376
0.7631157043012371
0.7632067436154949
0.7632977129802219
0.7633886124760052
0.7634794421833081
0.7635702021824703
0.7636608925537083
0.7637035839292629
0.763794153655622
0.7635920899607498
0.763682598348973
0.7637730374617365
0.7636721296432738
0.7637625035898729
0.7638528084432407
0.7639430442825822
0.7637414841113087
0.7629580430375591
0.7630483791492064
0.7628480376570898
0.762648001098751
0.7623579105696149
0.7621947833539356
0.762285169221152
0.7617966135994119
0.7614083005390178
0.7613091695945585
0.7613996513346667
0.7614900645020276
0.7610038910752652
0.7610943171475032
0.7608968923330249
0.7609872563192936
0.7610775520290332
0.7608804379844661
0.7609706717814532
0.7604871014778933
0.760577347483365
0.7606675255069119
0.7607576356253204
0.7607724050511294
0.7608624079085218
0.7605409574765104
0.7606309458427349
0.7604352034876145
0.7601497548376568
0.7599545937312518
0.759759725220209
0.7598497365633262
0.7599396804822163
0.7599359591492016
0.7597414690937215
0.7598313189556909
0.7595437021253802
0.7593498681432105
0.7591563234654917
0.7589630674450103
0.7590529060333647
0.7588599429748669
0.758949719615606
0.7590394294333895
0.7591290725027967
0.758654383830367
0.7587440367338475
0.7579892236229665
0.7580789569475408
0.758168623753713
0.7582582241154197
0.758347758106488
0.7584372258006358
0.758526627271472
0.7583354093518925
0.7581444740899916
0.7582338185768442
0.7583230970781083
0.7584123096668577
0.757942089560294
0.7580313110532685
0.7578412327394171
0.75765143426114
0.7577405985605288
0.7575510834145285
0.757640186287217
0.7574509536861981
0.7575399951863133
0.7572872464578279
0.7573762500344844
0.7571352791136612
0.7572242405498834
0.7573131368367563
0.7574019680458205
0.7573077851083723
0.7572136710684644
0.7573024412070134
0.7573911464551102
0.757203132469387
0.7572917768167877
0.7573803564602852
0.7574688714706974
0.7575573219187387
0.7576457078750206
0.7577340294100515
0.7578222865942373
0.7572705412090213
0.757358870706398
0.7568964655402332
0.7569646152418699
0.7570528954397479
0.7571411115270973
0.7569545069468889
0.757042662729643
0.7571307545850711
0.7572187825826843
0.7573067467918935
0.7573946472820087
0.7572083319383373
0.757022286128617
0.7571101305660253
0.7571979115090806
0.7571049931884487
0.7571927125841914
0.7572803686446303
0.7573679614383348
0.7574554910337755
0.7575429574993241
0.7576303609032538
0.7577177013137391
0.7578049787988566
0.7578921934265848
0.7577393644632683
0.757826539934854
0.7579136526902731
0.7580007027971807
0.7580876903231342
0.7581746153355945
0.7582614779019251
0.758348278089393
0.7584350159651685
0.7585216915963255
0.758608305049842
0.7586948563925993
0.7585094784947901
0.7585959722345843
0.7586824040382955
0.7587687739724264
0.7588550821033844
0.7589413284974819
0.7590275132209365
0.7588424274665807
0.758928555171057
0.7589551188190977
0.7590411448295121
0.7591271094585419
0.7586718773386646
0.7587578510196982
0.7588437634659162
0.7589296147427173
0.7590154049154068
0.7588311834325365
0.7589169171035524
0.7590025898409001
0.758818639137888
0.7589042555244206
0.7589898111470166
0.7590753060703416
0.7591607403589691
0.7592461140773814
0.7590624469756616
0.758879039933555
0.7589643622831893
0.7587812191698348
0.7588664856176363
0.7589516918064639
0.7590368378001741
0.7591219236625327
0.759206949457216
0.7590240874117435
0.7591090577617393
0.758926458002922
0.7588939607181964
0.7589788572109012
0.7590636939383877
0.7591484709637436
0.7581664750540777
0.7582513885108706
0.7583362423583571
0.758421036659284
0.7583888534358562
0.7582077185929288
0.7582924390839614
0.7583771002261387
0.7584617020818017
0.7582808331510238
0.758333582390597
0.7584180811380129
0.7585025208160492
0.7585869014866237
0.7584063240414514
0.7584906499318383
0.7585749169765237
0.758659125237083
0.7587115770445634
0.7587956789696089
0.758879722287041
0.758963707058101
0.7590476333439442
0.7588994557247273
0.7589833459628188
0.7590671778424839
0.7591509514245971
0.7592346667699483
0.759318323939243
0.7594019229931023
0.759485463992063
0.7594821715713784
0.7595656267512635
0.7596490240364694
0.7597323634872196
0.7598156451636539
0.7598988691258286
0.7599820354337171
0.7600651441472096
0.7600616601928492
0.7596189959533683
0.7597020865181962
0.7597851196603805
0.759868095439427
0.7599510139147587
0.7600338751457167
0.7597716136291033
0.7595924607921177
0.7596753313675082
0.7597581448301659
0.7598409012391117
0.7596620090523722
0.7597447131098215
0.7598273602673344
0.7599099505836112
0.759992484117271
0.7597313183151688
0.7592095248273151
0.7592921854779064
0.7593747893950382
0.7594573366370982
0.7592794433654924
0.7593619384157441
0.7594443769431797
0.7595267590058703
0.7596090846618081
0.7596913539689053
0.7597735669849953
0.7598557237678322
0.759937824375091
0.7600198688643682
0.7601018572931811
0.7600699463674208
0.7601518617151956
0.7602337211480573
0.760315524723237
0.7603759559903847
0.7604576552893992
0.7605392988970033
0.760620886870122
0.7607024192656021
0.7607838961402138
0.7608653175506493
0.7609466835535242
0.7610279942053768
0.7611092495626685
0.7611904496817837
0.7612715946190308
0.7613526844306413
0.76143371917277
0.7612562955425205
0.7612524772604504
0.7613334360677544
0.7612448484623078
0.7613257549860413
0.7614066066950569
0.761453539777788
0.7615342934880867
0.7616149925427438
0.7616956369972286
0.7612613392915877
0.7608279213247157
0.7609086408922741
0.760732648554404
0.7605568934829147
0.7606375683840323
0.7607181889403193
0.7600310470783074
0.7601117360335602
0.7601923707441371
0.7602729512647204
0.7603534776499187
0.7604339499542673
0.7605143682322283
0.7603395850264367
0.7604199540455425
0.7605002691799557
0.7605805304838499
0.7606607380113259
0.7607408918164126
0.760820991953066
0.76090103847517
0.7609810314365366
0.7610609708909056
0.7611408568919451
0.7606008582600116
0.7606807911954839
0.7607606707711864
0.760840497040532
0.7609202700568627
0.7609999898734493
0.7609963232101582
0.7610759645553064
0.7611555528415971
0.7612350881220361
0.7613145704495587
0.7613939998770297
0.7614431339120311
0.7612693020410789
0.7613486409237505
0.7614279270895566
0.7611215340436804
0.7612008166410771
0.7612800466289201
0.7613592240595574
0.7614383489852671
0.7615174214582583
0.7615964415306711
0.7616754092545761
0.7617543246819752
0.7618331878648015
0.761911998854919
0.7619907577041235
0.762069464464142
0.7621481191866332
0.7622267219231875
0.7621951526944936
0.762273687980922
0.7620220294507203
0.7620345634344
0.7620030992652256
0.7619166866335417
0.7617440322587009
0.7613208409196242
0.7613994054881167
0.7613682331489191
0.7614467304406464
0.7615251761064009
0.7616035701970957
0.7616819127635771
0.7617602038566246
0.7618384435269507
0.761916631825202
0.7619947688019577
0.7620728545077313
0.7619010034555951
0.7619790431135907
0.7620570316315745
0.7621349690597986
0.7619633586054223
0.7619867126547443
0.7620524556218062
0.7621302671144087
0.7619589401424385
0.762036705924816
0.7621144209130835
0.7621920851569904
0.7622696987062212
0.7623472616103953
0.7621761841655891
0.7622537017066042
0.7623311687311377
0.7624085852885543
0.7624859514281542
0.7625632671991737
0.7626405326507848
0.7627177478320956
0.7625469300506702
0.7626241003691459
0.7627012205444644
0.7624765227822062
0.762553615764101
0.7626306587181035
0.762663420866958
0.762740378253188
0.7628172857480815
0.7626781140201442
0.7624310527587188
0.762507985707955
0.7624769590588643
0.7625538273569035
0.7625767259353494
0.7626535122464958
0.76273024890597
0.7628069359619151
0.762883573462412
0.7629601614554796
0.763036699989075
0.762866944132354
0.7629434386665048
0.763019883865258
0.7629350934449275
0.7630114920612843
0.7628420804721948
0.762918435243453
0.7629947408645527
0.763070997382936
0.7631472048459843
0.7632233633010177
0.7632994727952958
0.763375533376017
0.7634515450903196
0.763527507985281
0.7635919568476568
0.7634228250177898
0.7634780081627385
0.7635538407987876
0.7636296248241726
0.7637053602856195
0.7637810472297946
0.7638566857033041
0.7639322757526948
0.764007817424454
0.7640833107650091
0.7641587558207287
0.7642341526379216
0.7643095012628376
0.7643588972429193
0.7641900856865701
0.764265352176935
0.764340570635079
0.7644157411069656
0.7644908636385005
0.7645355786659546
0.7646106151290948
0.7646856037830836
0.7645170679003819
0.7645707968199977
0.7644024947863972
0.7644774065527608
0.7645522706956239
0.7645211662774386
0.7645430252885745
0.7646177972716521
0.7642073107894773
0.7640397728625341
0.7636304857803081
0.7636915659745293
0.7635246725783428
0.7635994828685743
0.7636742458404691
0.763402222507658
0.763476976939725
0.7635516841485248
0.7635210921000619
0.7633547802716618
0.7634294317605351
0.7635040361655302
0.7635785935311779
0.7636531039019528
0.7637275673222735
0.7638019838365028
0.7635309931846279
0.7636054013050858
0.7634396117445166
0.7630342335367775
0.7628690629034733
0.7629434919483875
0.7630178742853978
0.7626137822406153
0.7625314839697783
0.762605878868284
0.7626802271680434
0.7627545289128249
0.7625901017983613
0.7626643620104983
0.7625001454665716
0.7625743641711134
0.7621723276139752
0.7622465559761432
0.7623207380179603
0.7623948737827707
0.7622312859562228
0.7623053802890504
0.7623794284571846
0.7622160539687306
0.7618158523631611
0.7618899145981227
0.7619639307887979
0.7620379009781115
0.7621118252089353
0.7621857035240878
0.7622595359663343
0.7623333225783869
0.762407063402905
0.7622443303403296
0.7623180301759339
