0.08289004308750635
0.25734109791594156
0.3568853361690104
0.2939354999426021
0.25925504534944965
0.3183914931058272
0.318056877667073
0.34702873933306133
0.40026182216916845
0.3757370645092148
0.3831084120151956
0.36273450706346977
0.36508945465233916
0.34280305726522786
0.3487684299162775
0.34157740038904727
0.3514073360582225
0.3588095677495755
0.34963905434801357
0.37270346070533517
0.3680298523307972
0.3653605226521193
0.37647560130346513
0.3993827489338275
0.3926084685695903
0.4029507588626534
0.4010198448805663
0.38842355554680075
0.3754761036952407
0.3660783764628966
0.37816692502205446
0.37316323380289745
0.3696175414369836
0.3653318781325815
0.3598259002468517
0.36032757561411816
0.35409498099121844
0.34501562250426415
0.3396690125377894
0.3381780593619622
0.3311331807722733
0.33839426195334305
0.34806802456279345
0.34945678756143905
0.3491062928695697
0.346370061988831
0.3433352557045285
0.3414799391003103
0.33562355814252526
0.32916925894747673
0.33770923124607005
0.34373388677367317
0.3425031029010914
0.3420185409872086
0.3507631932608426
0.3577501672946747
0.3577497892123607
0.36307423095058766
0.35870125854404283
0.35320205083776934
0.3541721822098418
0.3457329373792838
0.35390633757824325
0.35467630987624266
0.3520996836849065
0.3483795709662635
0.3415201105213277
0.3444023606322411
0.35155918253120017
0.3484364334411097
0.3441866290959059
0.34749893147275235
0.3484118028308296
0.3450420170006307
0.3419289311603245
0.34065111313845076
0.33955551510941934
0.335880107253059
0.33819589132273004
0.3442726849790129
0.3373544128284316
0.33909961580139086
0.3354101749574336
0.3365583845802252
0.3402803835937359
0.3389771913068455
0.34051472602045285
0.33909385824691696
0.3424958060793685
0.3404987235322719
0.34013683042078163
0.34018986380927013
0.3422665054757269
0.34192300923743013
0.34198740420838636
0.33931264710405373
0.33795022581085465
0.3353101980330078
0.33473834950989007
0.3380979550493188
0.33950337238776923
0.336416978093335
0.3362951341520469
0.3357141103566147
0.334419683291769
0.3381416353742909
0.3358423866634596
0.33425136481704315
0.3348474639811188
0.33982242942571433
0.3425262739049485
0.34283210911757894
0.342537199227699
0.3469220604275288
0.35130487393202176
0.35272671398956307
0.3567158185397111
0.3574583359635429
0.3549071906137577
0.35580394415088396
0.3569512047609791
0.35789970071152416
0.36198868676419915
0.36384770308910525
0.3635193910801093
0.3670035887365696
0.37068671917127843
0.372406789426739
0.37383271954950215
0.3768446595889383
0.37935629506701496
0.37297693773457863
0.37081782539183167
0.37150758221041863
0.37232817160049375
0.372225180768697
0.37038990447294834
0.36818535825098253
0.369932120046609
0.36988966549583835
0.3735597649338694
0.3743469941730865
0.37470540489139803
0.3738234117379413
0.37487417714356147
0.37028166520538136
0.37137156362283463
0.37293098820307535
0.37377430497127984
0.3768978492020429
0.37771640090250164
0.37572017714897427
0.3741309925254444
0.3750419541940599
0.3776329836466783
0.37696381914135646
0.37548109303021104
0.37564686178568907
0.3734754926424192
0.37158905346413046
0.37002387296424816
0.37141160300145004
0.36994020729321536
0.3719996952544441
0.37462377110831035
0.37732139069317916
0.3773780431723219
0.37600914811836705
0.37831158096377676
0.3765452582039516
0.3779290293286304
0.378569446275274
0.37822833919387333
0.379369458938317
0.3819892666365727
0.3844399630062786
0.3852052077541259
0.38554113102222565
0.3858052723404253
0.3860327492356725
0.38554931629568134
0.38528982161028386
0.38532916913101684
0.38796850683075923
0.38725695355935447
0.3873703921589125
0.3866247586584697
0.38520983640599243
0.38746746709360924
0.38963277960347686
0.38912042211298775
0.3874988285881242
0.38645242478724134
0.38563280045548143
0.3860857108326506
0.3862649433690925
0.38806177232090094
0.3894417129833247
0.38857199478791044
0.3896519178857539
0.3892961084095896
0.38885670471853767
0.389636337112951
0.3891361401319302
0.3902853067684419
0.39094184856045694
0.3911848946156748
0.39330961735540837
0.3941409994677302
0.39427548833403414
0.39451304245846436
0.39624164029753084
0.3971074237304876
0.3974995352389017
0.39937436960506584
0.401348782832185
0.4017158230551584
0.40211029706850276
0.40364793893520073
0.4030262369782365
0.4047673890774614
0.40501694702384866
0.4044036726851922
0.40601257107120625
0.4078391265497452
0.408547777556171
0.4081418691788863
0.4090842841718894
0.40763445825649985
0.4093259217509008
0.4109640811065351
0.41220338188528116
0.41389955285939306
0.4127310164092547
0.4114818180475423
0.41331863446473077
0.41503660049971963
0.41468364712574
0.4163998458073205
0.41615728832747695
0.41765802245965883
0.4183523007329548
0.4158454311357365
0.41755228120456855
0.4176838008267307
0.41805201905840933
0.4174911882702249
0.41834380317371606
0.41951509212929106
0.4208038784339427
0.4224343825325919
0.42372728357547984
0.4246659525683702
0.425870190062058
0.42732853287874595
0.4282879518578185
0.42781251356845346
0.42767824134503785
0.4291555558402416
0.4303058802006678
0.43170844523983476
0.4296406419817414
0.4300511386266624
0.43139999866426565
0.43247921556700103
0.43377207425399616
0.4354134024350096
0.4353330530314017
0.43669013584948674
0.4359446424664019
0.43678586186450735
0.4382984074795896
0.4377079651397253
0.4375488970291978
0.43821686281986666
0.4379621679954167
0.43941089704079467
0.4401000111903017
0.4413596350847648
0.44265255617807225
0.4437196612147255
0.44370585843800353
0.4444702888929629
0.4445261854188908
0.4443370955939894
0.44571795962222066
0.44546729275101116
0.44669395680296986
0.4458994653702162
0.44717547172395883
0.44840299435678105
0.44742776207846235
0.4481942708243877
0.4478929285485667
0.44660787705809935
0.44783493669249874
0.4486884577790897
0.4498173751073552
0.4500250359357323
0.44733794014871453
0.4484351336418705
0.449812486316738
0.45078227133824855
0.4504816266938689
0.45150833878936947
0.4523635146137925
0.4538760523323378
0.4527462526081172
0.4537206949983268
0.4529700243343037
0.45400013047301735
0.4551484944068324
0.4563370792986311
0.45671562124416343
0.45637148785926374
0.4565958503096063
0.4563287826338859
0.45712843937866726
0.4559331715256853
0.4556850461186924
0.45521288116595604
0.45619561049220764
0.4571987354797811
0.4586394251047094
0.4597944957542719
0.46098116852640336
0.46224521359262255
0.4628314506369772
0.4621074525261255
0.4631400168156274
0.46398209663763207
0.4649742581253308
0.46596410752574074
0.4655510643849577
0.4651591006428761
0.46463613252563957
0.46569822434330976
0.46619461453274696
0.4673018660930252
0.46750492386619374
0.4670761656325941
0.46707938828988427
0.46798654223034875
0.4685235896017221
0.4691634264425939
0.4690524117333787
0.4685403748821135
0.4690285398862055
0.46857568923983134
0.4694797210479829
0.46905285733992486
0.46773247273052293
0.4667191172333708
0.4675093320916571
0.46876158484954156
0.4687629939065238
0.469228800649891
0.47015680731820164
0.4711988920910387
0.47220937442654054
0.47326414441204767
0.4742802351497848
0.4741141155735381
0.4741671314522533
0.4744338305034781
0.47428030096016055
0.47515520666887695
0.47601031586028986
0.4769658681906083
0.47758710922922526
0.4785120968745431
0.47887427167444363
0.47969031884952607
0.4790928088945716
0.4787683285993785
0.4782365252377732
0.47615698079820595
0.4768336907442426
0.4777160871164305
0.4767193700812889
0.4772368541237511
0.47785938233055514
0.4788824984552495
0.47865733389061477
0.47917883068265127
0.4786662373380586
0.4796167357235107
0.4793831146384051
0.48037169167081545
0.4799487879536625
0.48043172512811927
0.4810381072231592
0.47978799411131656
0.48067349139927773
0.481119760926997
0.4807297813442062
0.4800735901618034
0.48050920949331016
0.48145662259113187
0.4793799451717912
0.4783301553482869
0.4791021653203589
0.47987179610354685
0.48072003383187306
0.48073350613642857
0.4794384946161196
0.4783288228297746
0.47805809576235764
0.47891680814031506
0.4797306954308543
0.48049410741950677
0.48132520693387076
0.4810846104959075
0.4807995892832919
0.48179113992755096
0.48240379823791674
0.482531803876384
0.4831466744682733
0.48415606632167796
0.48501851382962674
0.4846763846881642
0.4853680891008233
0.48588213263566093
0.48357325029962106
0.48325359862248624
0.48295083607900463
0.4837557148540578
0.48443426430848235
0.4840263003048262
0.48363906848949934
0.4837237221992105
0.4845417009331754
0.4840225254641482
0.48390409569964066
0.48426688235173404
0.48479892165631355
0.48556487521045993
0.48649646323863116
0.48596119104467234
0.48471455533216873
0.4838855261469251
0.48361189301966756
0.48434501535296476
0.48504958676515947
0.4857729799740731
0.48513339676532075
0.4850106960901884
0.48470795130050903
0.4854135909762843
0.4863211277355929
0.48522924460413175
0.48439109122377627
0.48514459080573086
0.4850354981885587
0.48576393231721665
0.4863579281754392
0.4869691520341457
0.486278846989742
0.4847967592750758
0.48454406070498446
0.48507944629608857
0.4847820941692957
0.4843181683993894
0.4835603823827857
0.4832477706054829
0.4812075062888546
0.47998749237648547
0.4797661483929667
0.4800294416576281
0.480662189582604
0.4797883373797488
0.4789863651104128
0.47940216913661493
0.4800905206227279
0.4793609677611191
0.4796031659660028
0.48012564514010014
0.48087502377405905
0.48144779582887515
0.48160147593319413
0.4824161638537572
0.48319646183721016
0.4828428458090775
0.4834420683640886
0.48134461427393727
0.48107309194091785
0.48173137490087764
0.4825379384417808
0.4822083955251203
0.4818551478821898
0.4825680961386997
0.48238112606539857
0.48298594478775314
0.4835838982410285
0.48410133822973916
0.4848468486087039
0.4846870257831799
0.48432253378499845
0.4843909602533426
0.4850936308941644
0.48494401026298317
0.48569514655611673
0.4854460787071307
0.48605319250536033
0.48677956665670635
0.48737775198589633
0.48784555330190355
0.4884274660253719
0.48852211770058207
0.4890859762630554
0.4892457216896613
0.48976049209498773
0.49051147455051375
0.49060594678137137
0.49028862738150214
0.4901451104623425
0.4907752119089284
0.4914286432241931
0.4921606544746507
0.4919004543443043
0.49196969245382
0.4926740787606222
0.4932577411269831
0.4938599026912369
0.494296822417957
0.49491038092276707
0.4955802511827333
0.4952852981295882
0.4950672663887638
0.49471011595163145
0.49446389272922203
0.4949684471607089
0.4948815403774567
0.4950576931989244
0.49451364374374285
0.49461967221570813
0.49486215195422806
0.4954362208956924
0.4941502689244378
0.4946044867739512
0.49403563791867394
0.49455095087451895
0.4939217708839297
0.49373949740228723
0.4940107311335004
0.49460336785954895
0.4951216057595972
0.4953437956571097
0.49591426617897927
0.496436163742334
0.4963306060462482
0.49604134256443577
0.4963292087508028
0.49674587088901195
0.49675107347696124
0.49723806458523007
0.49731177427686896
0.4970164346492067
0.4966289734822458
0.49709256860399853
0.49766223670082155
0.4975207942623962
0.4974462992999383
0.49748046024471054
0.4975273276335494
0.4971349191132745
0.4974417659623206
0.4975469430550158
0.4979209398439799
0.49664058710990233
0.4954186532163113
0.49595744837851313
0.4963001092581648
0.4949349348292862
0.49466866848964514
0.4952384706694054
0.4947867595330031
0.4952305924237761
0.49494147780794373
0.4947280107904723
0.49528386889745146
0.49565901270624263
0.4952069955231046
0.49570181256242346
0.49624286439084947
0.49565616988299294
0.4944494511780702
0.49429306761034
0.49447838839163877
0.4931701964037203
0.49244707294858286
0.4913800552692568
0.49179597418374804
0.4923774412061734
0.49128306106506253
0.49065210846904483
0.49096469156259265
0.4915608171283505
0.4897426270567755
0.4889118182303036
0.48944586451804734
0.4899856543031078
0.48985368003872154
0.48935753394733106
0.4894350730099163
0.48995970407821904
0.49032644204018555
0.4901723155718051
0.4907533753585459
0.49127101464866124
0.4898890989956411
0.4890473855503815
0.48961120769620703
0.48945161887295663
0.4899481212944187
0.49045616350618815
0.4909905142290172
0.4914519053747182
0.4912009171820644
0.4916624544262842
0.4915207231846119
0.49191728381902394
0.491762907608958
0.4910864799506239
0.49097000142229663
0.4915089502313441
0.490614905126652
0.4904962292557756
0.49019422274355007
0.4902029388034032
0.4893313327572738
0.48914629016656686
0.4887769466459858
0.4885179522209014
0.4890330426492289
0.4893741721534184
0.48938454685732735
0.4890242543581952
0.489146017129101
0.4890264363450146
0.48862696998879984
0.48844385939670454
0.4884917276142004
0.4886318367532044
0.4890142687205982
0.48875617377531594
0.48850477537173714
0.4883626273652122
0.48755429932917005
0.4872863279172606
0.4876948306896152
0.4877133174044089
0.487242113791869
0.487129157157785
0.48710329056149787
0.4874482863785116
0.48712293298304954
0.4866116808009101
0.4861338723026718
0.485861014040201
0.48594234984083334
0.48600605007650727
0.48539412406865207
0.4852016325563633
0.4853885740171764
0.4853492395759281
0.4854439504348313
0.4855016971712393
0.4857906810339417
0.48630647369493346
0.4858916905798001
0.4852235471665991
0.4850921014711631
0.4846037551767046
0.48437331303803566
0.483797067061079
0.48402069334099285
0.4835340259296505
0.48293816937729345
0.48270727263337165
0.4825022237444748
0.48194099838942667
0.48154291071981997
0.48130858653989955
0.4805450422982013
0.48037047200770105
0.48079427714197126
0.4804134588481492
0.48019249375471634
0.4798919897479362
0.47941573370426205
0.4794340688199069
0.4793439184821473
0.4788576028528032
0.4785304751913617
0.47888126492509026
0.4776112619687622
0.4778999200235772
0.477554590756759
0.4774009627806514
0.47714440566008887
0.47657802702061114
0.47628301150266256
0.4761757522630994
0.47589147322316466
0.47556035386681283
0.47554290383762093
0.4755398261234419
0.4756715878210918
0.475129410293739
0.4755910010128496
0.47519783112232417
0.47519484985619564
0.47486102271815556
0.47464262988246936
0.4743102629865803
0.4742170001980018
0.4743036425986688
0.47386315360843984
0.4741830295493255
0.47455774337059603
0.47406144259835375
0.47374422668374827
0.4729616180973329
0.4728002021283234
0.4725497522194996
0.47227397334190235
0.4722205016820861
0.47184604913483436
0.4716215291175386
0.4713922230869208
0.4718149283503186
0.47188722728124
0.47231683452088885
0.4718905609940545
0.4718311843076852
0.47123609554538554
0.47069264507372693
0.47019460352817505
0.47009289461455134
0.47007699994163676
0.47001875005059834
0.4697175919342622
0.46966354527533744
0.4695895108042205
0.46948510390341736
0.469311940668733
0.46883919206682495
0.46897590931959926
0.46854785239393776
0.46853667005381316
0.4689801044456771
0.46865498582365694
0.4682301551775815
0.4681792235557377
0.46783712580665426
0.4677119113739853
0.4673231663656812
0.46739784720970345
0.46720843961469394
0.46705408756407907
0.4665765094933301
0.46665936218985526
0.4671462247295407
0.46737333420115573
0.4672483828619091
0.46671802147387065
0.4665716734957624
0.4667104020167617
0.46628422654270685
0.46609747270744345
0.46590950460411956
0.46591994347200255
0.4661556758134888
0.4660534193727631
0.4659482149014057
0.46585445053330776
0.46583295127239505
0.46586480296699206
0.4653798010365105
0.4656624391448178
0.4660990779438999
0.4660659346816243
0.46568914777028647
0.465351909617902
0.4650136812721731
0.4649094503813163
0.464394600491636
0.46444798573917845
0.46456901302487535
0.46463372544163073
0.46455415934401034
0.46412462628962037
0.464501085723789
0.46357125598285476
0.46313463951683626
0.46290495528929176
0.46247160614191496
0.46204725464863333
0.46193744362790196
0.46118448128955225
0.46095273317634594
0.46005524275612225
0.4597718706983195
0.45957528327781144
0.45997873034146897
0.45970477652609626
0.45953112269831137
0.4592897240393506
0.45893433304640374
0.4588934229064481
0.459092088380255
0.45898819951165715
0.45869248560180303
0.4587724672766403
0.45879602566482225
0.4592550254642816
0.45946067460226797
0.4595038831525462
0.45914556132014667
0.45880303671114536
0.4587900044646894
0.4587871042385512
0.4589473785684097
0.45871829438945133
0.45879816549617997
0.4590363207573622
0.4594970701097676
0.45912722751274326
0.4594990737679252
0.45960748983462174
0.45950978494644423
0.4596903278209564
0.4595827213397447
0.45948322581600687
0.45915551370146146
0.45875593613323096
0.45862545013592704
0.45836465202891596
0.45824607901195596
0.45789451870934506
0.4578030043418671
0.45759941568135504
0.4572230208912125
0.45730892567850123
0.4570476400264168
0.4569194938570631
0.456724106604685
0.4565171442971618
0.45657107234236927
0.45580340079850284
0.455937070461751
0.4559010349217868
0.4560320783797803
0.45580408066207173
0.4557725934187686
0.45576280523226564
0.4553648893414824
0.4548734509361767
0.4548550128674302
0.4549262744981133
0.4551611079390244
0.45562008095176343
0.4558908135425948
0.4563237713987596
0.4567160930079755
0.45705743902098345
0.4573388531310888
0.45754238571228933
0.4576339635161488
0.45753839894515963
0.4576467806357591
0.45804049297733246
0.4584558426564022
0.458833154057816
0.45925348852393644
0.4594949864078349
0.4596314328169839
0.4600069972449411
0.4603746682835193
0.4607536163780945
0.459720476492823
0.4594263624150907
0.4594546751418953
0.4594098116222184
0.45974057185244305
0.4600756505323095
0.4603324129514143
0.4606354364667274
0.46082665514143556
0.4611953583771591
0.4616200276761906
0.4617164220587996
0.4619851308503235
0.46233480271105354
0.462702845506479
0.46255537239637634
0.4629191738509427
0.4632567956475885
0.4636731405495549
0.4632198921228202
0.4635998348277428
0.46401752464788554
0.4642882602902096
0.46457866158545463
0.4648233435923114
0.46457161522469637
0.4643693082979285
0.4646971405727307
0.4646991839974088
0.4649663361261998
0.46520612381478227
0.46548383991775316
0.4655083668534175
0.4658461206228808
0.4659327313561552
0.4662425220512951
0.46664028596998025
0.4662536373055471
0.4659351100962439
0.4655359682057353
0.46597417067437596
0.4660219102207829
0.4661392652061398
0.4656940510082352
0.465417479983782
0.46539390600587316
0.46522660355240697
0.46470632804889384
0.4644946343401418
0.4642884935002216
0.46394032454431805
0.4626575382757218
0.46233362067406236
0.4615231503869899
0.46196127937969145
0.4618825473942085
0.4615687764843295
0.461323397869444
0.46134780616469206
0.46109816556477773
0.4610326133434509
0.46008981649285413
0.46009421153475805
0.4601342918972986
0.45973263179433344
0.45951625509613575
0.45866292871712716
0.4587617669470916
0.4588785745615276
0.45931805351427446
0.4594207748472557
0.45955417094198797
0.45879415641372695
0.45843488193785137
0.45813589889266526
0.45805710678540956
0.4584324857250173
0.4587051413593314
0.4587858349188093
0.4586054372070464
0.4582001811041032
0.4575318164956853
0.4573597139688228
0.4571849042357933
0.4574973132533059
0.45785656179424
0.45771862515198297
0.4580014475497922
0.4583280383592506
0.4586132121899255
0.45899199467330065
0.4586391939022264
0.4588706368871595
0.45912327139466547
0.4589362351355454
0.4592537496635189
0.45955885689255765
0.45930462052922766
0.459649897626317
0.459460477058854
0.45863633270538523
0.45846807526305444
0.45823770076839637
0.4576537425421052
0.45733832432196164
0.45706073989948987
0.45697398082514273
0.45727413545532103
0.45669251274782363
0.4569717044457811
0.45646684806777443
0.45641019828506313
0.45664805171283446
0.456981208848903
0.45727489258590415
0.4569419098360538
0.45658953935183566
0.45625714963787567
0.4562204387086171
0.4565475705306339
0.4568934490468922
0.4564385266497102
0.45531710227866107
0.4549555694145705
0.45517561449480376
0.455251818139988
0.45520635660897
0.4549575655206853
0.4547121367885682
0.45410524580316586
0.4534704308610188
0.45359193317951674
0.45327405285230155
0.45269322350075497
0.4524762495311865
0.45256996884254713
0.4523080368656096
0.4512317955412352
0.4512460168077626
0.4510081441259603
0.45062365295449747
0.45012050109484536
0.4501588212246557
0.44980184149539176
0.4500854364257851
0.45005659512717594
0.44926377025613723
0.4484130114188974
0.448721376831746
0.448970519831771
0.4489639238597562
0.44867537802074275
0.4487709559085034
0.4483951008365532
0.44828403654034343
0.4486643833782053
0.44898347052961
0.44925224885686743
0.44850070343291
0.4488244594436029
0.4487517996951593
0.44855774441202634
0.44891980592470726
0.44870659696867177
0.448857373049259
0.44916138407216316
0.4487433505984186
0.4485539044143683
0.44882959338385586
0.44881377436883935
0.44907914010294137
0.4494123136933222
0.4492186610085367
0.44930635574720523
0.4493899642630967
0.4491966263973299
0.4489975982764422
0.44900773340325173
0.4490019589242128
0.4489753332799492
0.4491291378186402
0.4492877901654548
0.4493090752136339
0.4493896732754105
0.44976430074237217
0.4495141203304245
0.44979724903047624
0.4495336096497082
0.4492965573064214
0.44884157664491164
0.44889946819458965
0.4489348499606209
0.44912622242343175
0.44882261317758637
0.44883883792331997
0.44887481445236416
0.44920944809363067
0.449568503722374
0.44900542032049184
0.4491572033432654
0.4492877124410372
0.4493917485724255
0.44909691484402553
0.4494227116769118
0.44943240626115827
0.44921522132768765
0.4492568663059326
0.4488997463804112
0.44874166514487174
0.44865080499666293
0.4480137450900467
0.4480223521608442
0.4482708400596459
0.44856134455825963
0.4483281448879816
0.4484567199181862
0.44841169725147667
0.4486365521891144
0.44787985342179726
0.44780800222931044
0.4474339324016982
0.447396744734251
0.4472814075053777
0.44656249941803366
0.44684940014746416
0.4470763589684038
0.44699293996102596
0.4463764915650525
0.4462195002372071
0.4460890971814892
0.4460001123924625
0.4456112965711311
0.44568080653607206
0.4456469002891079
0.4452632041595178
0.4453518731506367
0.4451475886863926
0.44549368802234024
0.4458203058673659
0.44467239342908044
0.4449361565148455
0.44465648275566316
0.44494312183857426
0.4448933382093416
0.44457527764274185
0.44483921054523845
0.4444849319532026
0.44462748988772727
0.4448860134605434
0.4441891763681325
0.4445462269721177
0.44451829242914026
0.4444549925853566
0.444435421818881
0.4444127106052727
0.4440803151597938
0.44394533523759944
0.4442502188239539
0.4441586788995583
0.44400531189011505
0.44404348259398224
0.444099092906548
0.4442758321879743
0.44457749502220156
0.44449860177526096
0.44459103875478606
0.44481154118089206
0.4450642997040727
0.44502779194202413
0.44516651843623284
0.4447802209186914
0.44509612539846843
0.44539564451746655
0.4452748412965877
0.4455073465182024
0.4455632713316978
0.4455624976517977
0.445398186325966
0.44524176232637186
0.44547187780104625
0.4455371112901211
0.44554247694935906
0.44581284065392934
0.44548671567905446
0.4457850272895165
0.4459698701046368
0.4459590002833674
0.44623103886385107
0.44623900594053983
0.4465017834805695
0.4467920781307654
0.447048592822038
0.44692945912355786
0.4471050733564611
0.4473509265364996
0.4474055639222996
0.4473851312880782
0.4469189510107433
0.4469517444816115
0.44689818412770793
0.44695974549797607
0.4469435988831572
0.4471095716574065
0.44732996270786074
0.44719171664581175
0.44694931435997504
0.44704917678511474
0.44681712158026715
0.4471112597600897
0.4470161965330852
0.4469383706667273
0.4469278243790546
0.44660836203139265
0.4468878566367067
0.44689470630102657
0.4466222454384743
0.4468856224376669
0.4467692464534661
0.44704999212368796
0.4469525212434304
0.4472207981845946
0.4471332430795918
0.44695468804324556
0.44696632606775893
0.447017067021926
0.44698007690779584
0.4470506309593738
0.4470443137164045
0.44705290599630204
0.4469706896300062
0.44700240413742787
0.4468985482831871
0.44696380871377267
0.4468768800868796
0.4468317008616625
0.4467984463789732
0.4470759285279617
0.44700759423645015
0.44669727411465904
0.44696672044332675
0.44668009915588924
0.4466624021120661
0.4468444737239666
0.4462196951387355
0.4457454178629183
0.4460038521260995
0.4463057727879185
0.44659332726616635
0.4460408017291706
0.44563123931220655
0.44597275587694507
0.44619127918045914
0.4464537539484313
0.4462335068573401
0.4458861917940264
0.4461738995572701
0.44611431818591035
0.44606603917238136
0.44615248418219094
0.4461275011577729
0.4463515239721563
0.4460921003610781
0.4457333201935522
0.44598481385268807
0.44629607604582
0.44655759381475674
0.44685342586529553
0.4471502428796946
0.4470880513166158
0.4474067966265645
0.4476792207826935
0.4479301355677214
0.44818789601866543
0.4482502940789391
0.4480418142585654
0.44834262508117795
0.4485989740080719
0.44889436865619486
0.44916913155356947
0.44943518941006294
0.4491329465120064
0.4493755048712974
0.4496245454166951
0.44979832023564886
0.4500538345375166
0.45024124081874983
0.4505495877554906
0.450830851503567
0.4507069095096534
0.4506808272294478
0.4509867639405208
0.45128110627533213
0.45157189728431674
0.45186624238533923
0.45212812788292817
0.45210342680476673
0.45236793854294216
0.4526793963698772
0.45298321078949205
0.45294744099979106
0.4532306737709148
0.45354162500863865
0.4535413591386868
0.45383941817156986
0.4541075849428049
0.45423941309692367
0.4545148954004074
0.45450454752810304
0.45442080083982356
0.4546802915488321
0.4549382137613712
0.45516587463424735
0.45503364078522046
0.4550572985075335
0.4553144924697733
0.45515285626623636
0.4554182971593876
0.4553967854103312
0.4554172167258617
0.4556510958184692
0.4555906346952245
0.45553546860311295
0.45553064257271564
0.4558044923059404
0.4560451106481832
0.45600081749885985
0.456306667455621
0.4564176858609467
0.4564611050534045
0.4567037018051993
0.4567736751855486
0.45699395987824076
0.457167204161795
0.457412428907022
0.4575425121111874
0.45683801844528577
0.45617725952975385
0.45646656264866076
0.4561315414082722
0.4563180423104189
0.4560034451905344
0.4558882173120083
0.4558705298631401
0.4559703750103144
0.45623221377254497
0.45645095913932215
0.4566640076093139
0.45674397195292116
0.45694916993090456
0.456892993250064
0.4570714419559122
0.45730076933553526
0.4573183176819586
0.4571935091446202
0.45748565380828715
0.4577511061967086
0.4575050691594852
0.4577683753325518
0.45777112751484905
0.4580340970937274
0.4582140158732571
0.4584665014554515
0.4585661579979014
0.4585319283812394
0.45870191836332885
0.4589258156738334
0.4588514149298532
0.4583133064522798
0.45830956646699283
0.45856355306703384
0.45827659214521466
0.4582493320967429
0.4577777877784072
0.45790025345677676
0.4579665951707156
0.4576674572905939
0.45759349315152487
0.4579079056445395
0.4581502654057344
0.4583138490211745
0.45821714569912164
0.4583672865682619
0.45832560890840773
0.4584414150055997
0.4584658397712982
0.45865788356376935
0.45886632899803725
0.45867727996341
0.45859416856455143
0.4588119377573808
0.4587592065746709
0.4587901261861059
0.4584816680676755
0.4582824874527567
0.45820827383990903
0.4581213527563136
0.45832691914717616
0.45831987427648924
0.4580862557382029
0.45797212337411763
0.45773178900776
0.45779781531872854
0.45800636703006514
0.4582459245062671
0.4583577362144015
0.45814401799152094
0.458300522059432
0.45809899451292363
0.45824853955627715
0.4584890550297272
0.4584632605149281
0.45868539149235554
0.4585897545895637
0.45835736480959083
0.4581457147271787
0.4582143196244234
0.4576740693927547
0.4578928088659869
0.4580972932207062
0.4581583116970252
0.458066282330815
0.4582802487913774
0.45843762901427065
0.45813023475632225
0.45820379823424895
0.45813835120166774
0.4583232284207569
0.45852332224961806
0.45873860990610216
0.45853016900013066
0.4587957819879233
0.4585501401931724
0.4585934374346025
0.45855304093572
0.45877410915247957
0.458226319171402
0.4583577908339331
0.4583192522696133
0.4584123036770639
0.4583826379458504
0.45828872127375764
0.4579114669739245
0.4580828315472479
0.45819758641566655
0.4583696253832893
0.45859841460601125
0.45881961486836265
0.45903780050705445
0.4588951670153763
0.4590902508780544
0.4592529672121958
0.45935837406616076
0.45943362529628246
0.45933099745867384
0.45939944730164806
0.45891307366230855
0.45909231780788456
0.45931515174294374
0.45920889094626866
0.4593638866717964
0.45953803664270887
0.45933891219637735
0.4593626455761922
0.4591511233890881
0.4593867010290903
0.45885053732311054
0.4585828813306924
0.458741838793147
0.45849226359346223
0.4587114730417602
0.4585017003175961
0.4584324350194217
0.4585381578793664
0.4580341317408922
0.4577556192862709
0.45793438931607633
0.4579274969945141
0.4581585982307128
0.4577043187346323
0.4575040761564768
0.457293109384163
0.45702877810706233
0.4572937783322122
0.45720099803203257
0.45680838533516765
0.45658244116287755
0.4562196303273274
0.45603807041350675
0.4562313442437603
0.456483585267464
0.4562739275211724
0.45648801934684025
0.45663298141248254
0.456838949588283
0.4569748699474071
0.45683448255331716
0.45708837448218415
0.45693689066076265
0.4571656214508781
0.45681284387791204
0.4567733688202856
0.45644205989763675
0.4560005483979182
0.4558317904504146
0.45604451707351507
0.45578554801214455
0.45573733508942865
0.45552309131523466
0.45526485827027136
0.4551691534060749
0.45512221669503133
0.45502239568791564
0.4552574808485523
0.4553320938935025
0.4554069447358683
0.4553726187456051
0.4553118025983975
0.4553098321260397
0.4552802984537356
0.45498313604512397
0.4551655833643572
0.4549562608258151
0.45488349636084
0.4548680005179748
0.4548554709893644
0.4548331381971124
0.45495024661751604
0.45516259562824785
0.45501009552522154
0.45526967610227803
0.45540951703829236
0.45561581148291913
0.45582280644674517
0.45602149456690594
0.45621182454369913
0.4562124662382422
0.45597764344979674
0.45610372079239575
0.4559856811677007
0.4559382899298871
0.45615472024850146
0.45603121997686824
0.4562646431253935
0.4564427405717496
0.45665082625810743
0.45635075830677696
0.45652702513266624
0.4566398818515546
0.4566217026913706
0.45665365373206906
0.45687250948974617
0.4571380698367765
0.4573324802772812
0.45739734038386504
0.4571462990334897
0.45732436915226743
0.4573472666691509
0.45752067949860303
0.4575047416323066
0.45693514502876426
0.4570942381132612
0.45696563693907905
0.45695491831744744
0.457131807153813
0.45717258292468166
0.457019177742071
0.45698934052351126
0.45692417901211746
0.4571334795799604
0.4572382743283849
0.4574770481219635
0.45743969200715723
0.45749913960312605
0.4575964300169771
0.4577878352157876
0.45801676937547514
0.4582536191072204
0.45844583825388247
0.4585587046649926
0.45879285846315565
0.45874162430202003
0.4589769538990659
0.4591350985313526
0.45908783748252086
0.4590400583029117
0.45916002803593947
0.459399274424575
0.45949851074371256
0.4597244295848987
0.45990826471717855
0.4600991656558026
0.4598977540419088
0.46007450079772483
0.46032185658690744
0.46053811155772795
0.46073467930008627
0.46089260958673645
0.46111362069051315
0.46106311004771305
0.4612409035852121
0.4612568942566845
0.4614503854321655
0.461634919656437
0.4614530020464031
0.46139656443458227
0.46143050848692785
0.4616712902192992
0.46152380607507865
0.4616080187016474
0.4617805361720877
0.4616003465327589
0.46146846617942094
0.4614190674199301
0.4616017838016225
0.4616603352117499
0.46183869737617655
0.46180481156944864
0.4616338616734516
0.4618256643532699
0.46180023825412675
0.4615758448830025
0.4616745202238269
0.4616451250413671
0.4614344234061322
0.46130842785488274
0.46111600961787047
0.4612645454541531
0.4614956046475793
0.4616163379175281
0.46155067688838897
0.4614204199336205
0.46153634739854277
0.4617130587074397
0.4613748539529566
0.4610498192183832
0.46122131618363776
0.46140284718580216
0.46137231125231
0.461534320213697
0.46170956433817256
0.461155294379736
0.46135369562762035
0.46155659711809394
0.4612545611390318
0.4614477944496946
0.46169217600381246
0.46145320489822045
0.4614236846040906
0.4611590757899814
0.46084730169486066
0.4610494826075641
0.46125494972839154
0.46094455955663566
0.46048140661258513
0.46044742547687517
0.460327783697989
0.4603002987859499
0.46050721807699174
0.4602309629187391
0.46025806766049576
0.4596508237072969
0.4597388332415937
0.45961963808294576
0.4594424361737011
0.4596337875213588
0.459520391693779
0.4591761503546665
0.45924273602471066
0.45900938097591765
0.4592319473358874
0.4592742395726079
0.45946938169892815
0.4596115990321224
0.45983032908159777
0.4600023839290923
0.46018223083330173
0.45999757487406756
0.46022568266506086
0.4604272117823379
0.46056951878907626
0.4602234077145572
0.46031563429859496
0.4603339785268563
0.46027435893716606
0.46049889529397303
0.4604659260806011
0.46060605585522385
0.46082298981432024
0.4607952845180165
0.4610214391938285
0.4610335257819762
0.46100147204176267
0.46091005917355365
0.46092432009512513
0.4611372474613116
0.4612596864566758
0.4614530202064796
0.46163688223801475
0.46185793772979833
0.4619855601680164
0.4621416206320353
0.4621461898352961
0.4622505176961111
0.46244835204325807
0.4626357739360815
0.4628136744272769
0.46303666325708903
0.463134193852689
0.4633169045674118
0.4630869706197357
0.46304108293934293
0.4628037870400209
0.4629447230481287
0.4630669606910289
0.46298175518159745
0.4630978121518073
0.4630426130511512
0.46317847505798027
0.4630175082002357
0.46294817713072767
0.4629333372346859
0.4628113063776115
0.4629730564290841
0.46310555852279417
0.4630634935626328
0.46324115977258973
0.46317156079037247
0.46329339906158085
0.46348369603428874
0.46325660946102354
0.463395122203452
0.46314800522848887
0.4632713332308065
0.4632278104748219
0.4631746274571694
0.4626396159030993
0.4626155058723873
0.46260699787536513
0.46280169549802025
0.46300221437526184
0.46279511139506607
0.46288225621631646
0.4630901076257121
0.4630667854218696
0.4629700078401398
0.4631209839391167
0.4613384125784433
0.46152361637856576
0.461179542066665
0.4607358869035417
0.46050471184594627
0.4606857893956297
0.46083287594325756
0.4589585753036781
0.4588485369192214
0.458797105529674
0.45707051749222455
0.45721152353805394
0.45719543402042095
0.457203332796413
0.4569602960290138
0.4571156437653348
0.45668317863405256
0.4568441597106042
0.45682175032430766
0.4570140955325803
0.4567467017140173
0.4567174790450698
0.4568610895461339
0.45673344488826056
0.45662286976488814
0.4565419548742605
0.4567051793134791
0.45684346395455105
0.4570340971386076
0.456882736798376
0.4569207168450094
0.45670992942174526
0.4564637819853075
0.4566547203409027
0.45681634900058915
0.45703167865503536
0.4567180518451927
0.45643671017639975
0.45639001112254324
0.45660285297810194
0.45656895262771935
0.45670869120535296
0.45682817110130103
0.4569728448184677
0.4571499116324011
0.45686890088151766
0.4570238625540542
0.4569238960990213
0.4567619426713346
0.4569124513686261
0.4571146172209442
0.45676410443729487
0.4566503451245278
0.4566667081014774
0.456545465731064
0.4567292629158255
0.4569040264324703
0.4570411105812622
0.4566793877161471
0.45682007845211525
0.45700546664349506
0.45710221208643864
0.45716444118578947
0.45732616876730026
0.45732373676276106
0.45719368073586364
0.45733058811986355
0.4572305690995812
0.4573517684852914
0.45752472787656395
0.45749428769897504
0.457468956834113
0.4576066828985357
0.4577269149918907
0.45790059058955346
0.4580691010702349
0.4574755478591044
0.45764574103678046
0.4577185968472084
0.45761575208212435
0.4577513138137257
0.45783529269305745
0.4579964034112278
0.4579511814696089
0.45787008686045455
0.45799228859903174
0.45817734661319187
0.45834882130233445
0.4585102504997422
0.4586697725349399
0.45821836223719326
0.45832829431421557
0.4584872109040528
0.4586008055193603
0.458783249296281
0.4589108240930047
0.45892452732011624
0.4588331353621888
0.4587420261187343
0.45881965502532956
0.4586788162373291
0.4586215321170547
0.45879686247893825
0.458722543687361
0.45850549046425343
0.4586638831357115
0.458879443020046
0.45884329019813747
0.45897052731079035
0.4591363996070858
0.4589998671861788
0.45919181484078075
0.45911139708145227
0.4592504974604452
0.4591691119065405
0.4593404592637208
0.4592104120482713
0.45936922233986477
0.45951469187909944
0.459365968421645
0.4595334735378833
0.4596848444283439
0.4598566038356234
0.4599664916523889
0.46005571379080684
0.4601725741426037
0.4600712581854032
0.4602958055010321
0.45975187025971087
0.45967256934543915
0.4598580529406883
0.46001085929932434
0.45998778807835894
0.46015497177256437
0.4602965331591115
0.4602792373295129
0.46030232440781355
0.4597712676273612
0.45994232008056213
0.4600657884368945
0.46024177107510555
0.45978574070710765
0.4596484117615298
0.4596241117758629
0.45976713410701797
0.459162177351614
0.45921818211790816
0.45921833671259776
0.45909477151318884
0.45922213873621465
0.4593841198955552
0.4595644021830258
0.4595139532812874
0.4594581272457678
0.45937855733502553
0.45940457523646616
0.4595460638890476
0.4592310588548699
0.45940642137729476
0.4596002544621247
0.4597229139989352
0.4596121455769728
0.45958835089255134
0.4596995440014083
0.4595001081905617
0.45938611039434973
0.4595617719135216
0.4594663718010438
0.4594893441249669
0.4596672894313439
0.4598031834585579
0.45996704539936256
0.459716019957958
0.4598223321771187
0.45997121044768774
0.4601103925138027
0.4602750419376309
0.46045525677803956
0.460403597359842
0.4605488279054878
0.4605239589640683
0.4606957011679447
0.46082819890101306
0.46093314246862277
0.4610150541076803
0.461208638124262
0.46136411231197094
0.4615196378974614
0.46164586553790177
0.46138950233380555
0.4613530819017616
0.46124739557629063
0.4612576847991232
0.46116250241553497
0.4610985364480354
0.4608775506943133
0.4609815464491897
0.4611008818693107
0.4612581340585907
0.4610980848974406
0.4609734329624202
0.46025246394854985
0.46041938321923775
0.4605072622140088
0.46031196651332434
0.4601940383118664
0.4599331613534334
0.4597999653606046
0.45987986806934944
0.45966741990421556
0.45949354357898153
0.4594036882357615
0.4595638151113488
0.4596275079301206
0.45976149753387024
0.45993643766959674
0.45988031248538425
0.4598108532073704
0.4595962729662524
0.4597473172978919
0.459562607644208
0.4593099050771262
0.45918943978436105
0.45936779599426014
0.45952757210920986
0.4593751495805592
0.4593643176252041
0.45951473195142317
0.45937431183577104
0.45941400329379434
0.4595318056079816
0.4593644916579387
0.4593265139190187
0.4592698971473894
0.4592274725653013
0.4591790886600768
0.4593285706671646
0.4592925697686322
0.4591440914985819
0.45891783126627606
0.4585968462305896
0.4586874929278813
0.4586423620570768
0.4588429009610912
0.4587922208390851
0.458770325900939
0.45876594697568723
0.45876545185310863
0.45874425078135883
0.45860338046377264
0.4587360948318234
0.45889392522546724
0.45901158685377397
0.4589924121737185
0.4590015356169929
0.45904939549054674
0.45902650897276276
0.4589476426975365
0.45884054018530784
0.4587801675789118
0.458918345719232
0.4588816779676938
0.4589214074325122
0.4588959765604578
0.45883985824574014
0.45896869036521354
0.4587025658112458
0.4587820408387686
0.4588191394254909
0.4589247352501723
0.45896088016089787
0.4588189938482987
0.4590042668667004
0.4591377297400315
0.4593040207996287
0.45913947344362543
0.4590443836461442
0.4588837118864561
0.4587416727310696
0.45888716548932873
0.45872795681532214
0.45869528281451877
0.45872806679292605
0.4586286939609418
0.4585305623999442
0.45834416786238324
0.45823028932124116
0.4580441681639214
0.45797509711245393
0.4580004431214029
0.4579694015430144
0.4579605732713056
0.4578899579250319
0.457664028012853
0.45765324633130794
0.45728297671453505
0.4574328739669945
0.4572960469502521
0.4571484641054293
0.457058331801639
0.45690391544351333
0.4569175289830764
0.4570502310903978
0.45718696401700903
0.45712993186370643
0.45700928689211767
0.4571104765547233
0.45724418302572645
0.4571550593766989
0.45694022796152983
0.4568890188303809
0.45701973915099375
0.45694473408458514
0.4568231050221162
0.4564189278771859
0.45595302784044306
0.4559849917708237
0.45599292300212063
0.4560395513564718
0.45596006510020826
0.4559342641209883
0.45611157855621265
0.4561015661848672
0.4561709277704926
0.45607485221740135
0.45626431532136347
0.4561493102792322
0.45601240338785987
0.4560104727078858
0.45617120373432646
0.4562905746946112
0.45642917657794596
0.45642757375564347
0.4562689127380195
0.4564219821897418
0.45656896575512035
0.45645194558991536
0.45664124575718107
0.45676992145390916
0.45672901768470703
0.45664191460978665
0.4567886506728539
0.45677365219006366
0.4569472123635128
0.457097646062932
0.4572878500093991
0.45729283419050576
0.45724838828029196
0.45743493664596296
0.4574688248371179
0.4576369093006319
0.4578030143908657
0.4579260629030722
0.4581026527899485
0.45828760131540236
0.45846112506094483
0.458645213043367
0.45880311906268595
0.45880701108678174
0.4586630411202083
0.45880631544465117
0.4589861716130676
0.45915712894169797
0.45929766175261727
0.4594438298664415
0.4594332281038417
0.4595844520475966
0.45978036913480563
0.45993987320975876
0.46002159632485545
0.460194181363864
0.4602728381465168
0.46022660027335005
0.46036860871991037
0.46054385788779995
0.46070180291986795
0.460645298966695
0.46077215038790814
0.46082807500937095
0.46096100581804167
0.4610553546366009
0.46120461435336646
0.4613441701959128
0.46140955846796566
0.4615718274367142
0.4616953834189662
0.4618217731247471
0.4617720259003306
0.46149822746741254
0.4615220744406326
0.4616828537577193
0.46149243902423215
0.4616675680734514
0.4618190587496401
0.4619861364668214
0.4621645850575962
0.4623170238406698
0.4624127615464919
0.4625969540537737
0.4625896169165419
0.4627621268918737
0.4628977239011524
0.46301559164413403
0.4629999730620207
0.46314349007498684
0.46326463553099073
0.4634065552031217
0.46349550232379966
0.46367947305233964
0.4637501778565519
0.46388691181350855
0.46407074285917427
0.46422035643871523
0.4643845375502525
0.46455218207340937
0.46469482509223764
0.46472634010559444
0.4648512914718847
0.4648108776123864
0.46496925234772285
0.46507516772610785
0.46499845825329517
0.465102730629175
0.46510092109765094
0.4651039719056625
0.46489492319147985
0.46433297028014137
0.46440671371237086
0.46420017309212097
0.4640985216666309
0.46392199122856825
0.4638380843950854
0.4637643283208945
0.4634802504591982
0.4634681594718667
0.46356243805088276
0.46348605322286984
0.4633301077346006
0.4631337609687237
0.463243547199032
0.46318572130995034
0.46330757556468427
0.4634312228891111
0.4632228721719607
0.4633578221872168
0.46310607932987746
0.4632599373111185
0.46315544735212183
0.4631919057035769
0.46331591366354385
0.4634551604395484
0.46341083593518867
0.46346846930319746
0.4633778134606923
0.46336899228584805
0.4632048707750439
0.46314131208499787
0.4632670635229415
0.4633607798348022
0.4634692478649574
0.4634059974742761
0.46344187296787226
0.4633135200787835
0.46328713375058367
0.4631378511749127
0.4629486832413779
0.46309761400528987
0.46298924300690614
0.46312266704739696
0.4632440301818783
0.46312740136753305
0.4628244366253914
0.4627147335375689
0.46218866855247176
0.46228243609498043
0.46223543153379276
0.46213979561818136
0.46218743633935966
0.46207647124878626
0.4620720321109531
0.46178992264170715
0.4616646511051636
0.46176443486032503
0.4617479548921101
0.4616798163530346
0.46131958533638256
0.4613443315611144
0.46130067479320974
0.46128007143653255
0.46130215351238774
0.4612676124273163
0.46115058931254715
0.461130691845096
0.46100322662417315
0.460733857769878
0.46081260131169105
0.4607449632485605
0.46086057153564314
0.46080571393567477
0.4609531639454696
0.46087291836236394
0.46103595538971687
0.46114198498177966
0.4612096014336671
0.46095218783191116
0.4609318350543119
0.46090376821569196
0.4610222521077337
0.4611214100408658
0.4612693062437475
0.46140899950015335
0.46156259662637417
0.4612265481395694
0.4613206042240792
0.4608973551712019
0.46082834201528355
0.46075699768206213
0.460870615925958
0.46084280253355603
0.4608076516419438
0.4609467754762106
0.46109363071319776
0.4609989932029418
0.46098958277517266
0.46068488807417923
0.4606401689243677
0.46078607126788806
0.46092077757267796
0.4610750497424396
0.461119611336557
0.4612520691339907
0.4611697627403967
0.46130253748392136
0.4613917211273996
0.4615167158996937
0.4615848693419996
0.4617452702316446
0.4619158862827721
0.46183225214678186
0.4619954773262858
0.46198629674768893
0.46212803883709125
0.46227063307740485
0.46230650631220394
0.46245308219365955
0.4625848880379024
0.4627582363154738
0.46263686235239315
0.4627783889733436
0.4629354052729264
0.4628721234622341
0.46289349608450797
0.4629873903123462
0.46311084483008164
0.46321663666250695
0.4631203004790094
0.46309520906940366
0.46302528469829757
0.46306192292303666
0.46320960404126565
0.46336520586698365
0.4633558007403522
0.463157879878453
0.46332407933628184
0.46345310672328066
0.4635477619027356
0.46371131631771306
0.46369121917013456
0.4638307267230311
0.46381442960980296
0.46377489496713004
0.4636783074691615
0.46382050970111327
0.4639662743784586
0.4640818136259475
0.4640079778391829
0.46400758156490396
0.4638536435960368
0.4639725774269435
0.46394204173387726
0.46383429177635627
0.4639672147741463
0.4641251995713862
0.4642216535305839
0.4643159575211806
0.46429193954657694
0.464373697268006
0.46437146844267474
0.46449405099048097
0.46444138301190085
0.46438545305518886
0.46450866711524424
0.4640009566071773
0.4639875687958194
0.4639006528405182
0.46382794428536
0.46368753063393303
0.4636475807625973
0.46358898206045335
0.46361196370582475
0.46376902560351874
0.4636645065191612
0.46356753308932547
0.46362075888414667
0.46359937964996584
0.46361931258624817
0.4634448252092609
0.46341449748194463
0.46336881204920943
0.46340944155158753
0.46332074469570356
0.4632325488764529
0.4633575047500643
0.4633927036568343
0.46328895639835255
0.46342606203312486
0.46343596123650205
0.4635001840399532
0.46359639059958113
0.46374824808808096
0.4636843020043195
0.46381667242792984
0.46383721334924255
0.4637262908784963
0.46364451616317615
0.4635020749990299
0.46337572353046425
0.46350859763073965
0.4636247078364351
0.4636582583386166
0.46381248462073726
0.4637991423268288
0.46357660320880734
0.46369334352780234
0.4635948400528611
0.46370949143952217
0.46358212925802833
0.4636993305349737
0.46356324209769934
0.4635119566727826
0.4636459614014247
0.46376974097056217
0.4637690858452517
0.46356005132477146
0.4636744684010162
0.46378554560614904
0.46375505542377754
0.4637372774091244
0.4635779175199804
0.4632595260931123
0.4633954191945511
0.4634781827725736
0.4636165341492422
0.46334026009886936
0.4634494671684004
0.46355838804765476
0.46366960184095896
0.4638322630408585
0.4639714495062334
0.46411252078303794
0.46412685114621705
0.4641003937973504
0.46422271962732004
0.4641642039178869
0.4641984134652945
0.4641157967660361
0.46411296016945847
0.4641486888625842
0.4641399886665843
0.4641170786575285
0.46411095674270664
0.4642367207610708
0.46434528667402586
0.46424186053981525
0.46413028104743814
0.4640875932152427
0.464104624522307
0.46398679778849305
0.4639463626092956
0.46401902119272376
0.4639868020626462
0.4638421249343825
0.46359033055464577
0.4636333122499295
0.4637628079153274
0.4636458504357364
0.46363073808057964
0.4635371150092255
0.4634814785695949
0.46339803465522056
0.4635186037324575
0.4635950009787596
0.46336747877935375
0.4629474205523951
0.4628305071576704
0.46270244438742436
0.4626518822397124
0.4627925143853161
0.4629122064314681
0.46256204072791535
0.4626804947385426
0.4628270730567398
0.4629621957122318
0.46290153014406094
0.463031031832377
0.46317958872689224
0.4631505547229282
0.4633061906276829
0.4634230728320321
0.4635800205733391
0.46366729711511084
0.46360470954572347
0.4637075073174079
0.4636122571818734
0.46376917087861624
0.4638227756363397
0.46394027188476933
0.46355888054263594
0.46367749692870835
0.46381390468677713
0.4639539114003837
0.46394015977835695
0.4640851740837409
0.46399520229393554
0.4641351264795002
0.4641875795860972
0.46426568198778023
0.46426261433769167
0.4643828343165508
0.46439959458995783
0.46433771997076145
0.46434207514003345
0.4644583805945
0.4644299835035282
0.4644911874441585
0.46463171297251016
0.4646966306528985
0.4648141166991683
0.4649529703085138
0.46499115275624203
0.4649623151986449
0.4650831702796435
0.46494158796223634
0.4650007595880491
0.4649129028247478
0.4648670873787461
0.46494806419630225
0.46506256924090916
0.464972503841613
0.4650869055429381
0.4649333608398866
0.46500274217204685
0.46513071355366287
0.46525475219457013
0.4650059184291167
0.4648239508260207
0.4649533632888274
0.46506613963608856
0.46519072587459764
0.4653129079347258
0.4652418207915913
0.4652254267111896
0.465318213437858
0.4653163130459285
0.4654303522009568
0.4655558181389478
0.465541953897521
0.46527209529963814
0.4652549114092765
0.46537577955770204
0.4654852694737459
0.4654681169802032
0.4654356239241582
0.46545414730006596
0.4654421043564901
0.4654235452986542
0.4653821283711626
0.4653052699054747
0.46543300748008853
0.4653533514942481
0.46525460285495823
0.4651912577130529
0.4652665173106636
0.46519699907705625
0.46516523550155076
0.4651581812448732
0.46512731082838354
0.46523759301791523
0.46520965435983175
0.46508035486653193
0.4652013994745416
0.4652141025600902
0.46506570375188905
0.4650827703517598
0.46509914102470684
0.4649701809674565
0.4649056029958411
0.4648279682189717
0.4647085182388016
0.46455798097989687
0.46470114975868376
0.4648254657301508
0.46495194366516157
0.46506096731434143
0.46493877610036655
0.46495485997334757
0.4650213203709448
0.46500471189483344
0.46512052029792816
0.46524951581818963
0.4649659385302073
0.4650272852050835
0.4649902299062372
0.4651389517988501
0.4652621892524561
0.4651049354131568
0.46518110484359465
0.46515592271158274
0.46514315776607223
0.46503495164020897
0.46495449312224874
0.4650875506458363
0.4652139768454113
0.46534282076330735
0.4654694973576771
0.46544800745886916
0.4652355016987199
0.4651502915954461
0.4652413497092967
0.46535482540577966
0.4654805089137902
0.4654791161859951
0.4655911449190814
0.46573429678409567
0.4657919248664441
0.4659003096031333
0.46586088199956205
0.46577944031343416
0.465849671470733
0.46579312379764853
0.46579192336885783
0.4658175506791963
0.4658143792685892
0.465795763124541
0.46577359855476985
0.46571557965902316
0.4657170306287556
0.4656760950995511
0.4656648515247464
0.46572279769923636
0.4655781651218371
0.4656835221702026
0.46577179546636654
0.46568789078009043
0.4656635770762263
0.46566409920677176
0.46536565249468714
0.4653407206063191
0.4650037311362363
0.4650548200002888
0.46504335167667893
0.4651461224634758
0.4652189094522546
0.4649595041596764
0.46511254819507936
0.4652512881139625
0.4652670814726034
0.46523309201113855
0.4653579720823377
0.46548098443291913
0.4655189788344474
0.4656385737085836
0.46578505549370397
0.4658922339623729
0.4657472637067537
0.46586503518693234
0.4658278893876697
0.46548587163677907
0.4653392044153442
0.46543910750177137
0.4655682901792629
0.46540333535968115
0.46552778059645156
0.465656626838258
0.4657874515499773
0.46592744808275544
0.46590100636529974
0.46602424055280994
0.46594900063020217
0.46600193771959
0.46584764035273507
0.4659460675193682
0.46606669510535226
0.46620309802468507
0.46618676065428355
0.4663238169792839
0.46646628394743406
0.46640776147501006
0.4662272984836262
0.46636301268346164
0.4664174849324017
0.4665307629452099
0.4666531107508008
0.46677389055178886
0.4667528424035759
0.4669006912613794
0.46702331680697806
0.4670170589064677
0.4670681401104805
