0.5110069513320923
1.148860772450765
1.2031779289245605
1.1441569805145264
1.156503160794576
1.161130087716239
1.15336212515831
1.2194317711724176
1.2645978212356568
1.273612759330056
1.248218019803365
1.2343500210688665
1.2449856996536255
1.2127972920735677
1.2688609510660172
1.2565661037669462
1.2818022171656291
1.2721473794234426
1.281178641319275
1.2747602349235898
1.2698170380158857
1.2991183218748674
1.284164587656657
1.3026075458526611
1.3213817339677076
1.3251686890920003
1.318035559994834
1.3212571884023732
1.3829033851623536
1.3749127541818926
1.3657860457897186
1.3764128829493667
1.3621430397033691
1.3687565394810268
1.3645963205231562
1.3690903057923187
1.36421421327089
1.3563213592920549
1.3479109287261963
1.3489745826255986
1.3055699481520542
1.3064928217367693
1.3007785161336263
1.29963277215543
1.2961222567456834
1.3151941398779552
1.3229772703988212
1.330294303894043
1.3521429837918748
1.3502742648124695
1.3508309733192876
1.359801340986181
1.3690435149452902
1.3651137522288732
1.3794402699721486
1.3974100022480405
1.416858467005067
1.4170775930086772
1.398957114065847
1.396219117300851
1.3914925083518028
1.3893560351747456
1.3951184856357859
1.3937989788896896
1.4061311673426973
1.4024261883326938
1.38080652223693
1.403847537628592
1.4025862023637101
1.4071152687072754
1.4107609861775448
1.4121151342020406
1.4192074170479407
1.4217183952090107
1.4258539408445359
1.4302538294851044
1.409480155232441
1.4058625981921242
1.4055916169110467
1.3984096771062806
1.3731805953112515
1.3698018481222431
1.3675120486153496
1.3489116896753726
1.3444490125102382
1.3443574017666755
1.3473774608812834
1.3426386614640553
1.340004485907014
1.356685599502252
1.3561458370902322
1.3597690176963806
1.3572299527649831
1.3531117719762467
1.356189123635153
1.3568271513168628
1.36051922979809
1.3607295324217599
1.3667096868853703
1.361809238239571
1.3589132116475235
1.359643816947937
1.3644547419505075
1.36135975590774
1.3594649196726032
1.356727160905537
1.3554048766260562
1.350668831118222
1.3549115718939366
1.3540957075054363
1.351675123727622
1.340949789551664
1.3421199556256904
1.3431021333709965
1.34561627141891
1.3467241020202636
1.3423589865366619
1.3363977540284395
1.3349243966183921
1.3449345093507032
1.3335496801318545
1.3314000430860018
1.336824280112537
1.3354459109129728
1.3455282923053293
1.3500312645069874
1.3523109512052673
1.3483997008783355
1.3459831970078604
1.3437726751286934
1.3428336197221782
1.3251521538043844
1.3276946658957494
1.324525717975331
1.3231950627790916
1.3295535481216123
1.3312096309661865
1.3338168156857522
1.3346734486128156
1.335232574176165
1.3346436503645662
1.3323310590559436
1.3324312353745484
1.3296157964475595
1.3268907447404499
1.3202284529805184
1.3151561029209113
1.3120553905581251
1.320036165553368
1.3171208631701585
1.318117955236724
1.3152379515659378
1.3196371857991476
1.3170390455495744
1.313932125384991
1.3265024016885196
1.3222440502099824
1.3270073796427526
1.3244412937605312
1.3229468882769004
1.3261097376687185
1.3250091861594806
1.3236295449531685
1.320088432076272
1.3209236081086058
1.3181644135051303
1.317069617424222
1.3152264946109646
1.3124657719513106
1.3107225156348685
1.3084860763034305
1.3121396662086569
1.3016441324923902
1.3000535157622484
1.2993336213262459
1.299704136024595
1.3018041265507538
1.3010104839048238
1.2912636952522474
1.2923757592026068
1.293577621430915
1.2934605894666729
1.2925825262788553
1.2992370331287384
1.316676532451193
1.314165435215034
1.3138708023014913
1.3148939761460996
1.3166957797073737
1.3138728350111581
1.3138261175385997
1.314050936928162
1.3145570697966946
1.3122053668612526
1.3105655315363012
1.3074417575350348
1.3047532856184552
1.3036813212332325
1.3028160971264506
1.3038938884381894
1.302577714216874
1.2999954672034728
1.2991571328411364
1.2970471458001571
1.2951583290531625
1.2934776737883285
1.2928076913003965
1.291219419666699
1.290112966961331
1.2876026862490493
1.285487593008033
1.283262616709659
1.2823538280470403
1.2817990116451097
1.2792697293417794
1.2766071701871937
1.2751680607447808
1.2733657645364094
1.2710075632054756
1.2691680213152352
1.2678489000988409
1.266181541090252
1.2651277246834345
1.2673878878355027
1.2655022876391273
1.2663840094873728
1.2651009883409665
1.26477014627613
1.267767028419339
1.2658982083080261
1.2650942937565235
1.2660518490499066
1.2643752404484883
1.2622775306701661
1.2620902336926099
1.2649519509739346
1.2633005451307937
1.2616745402493814
1.2604467541563744
1.2582021737471223
1.2557765992235117
1.2537835549938587
1.2539730939828573
1.2522228865223077
1.250266210207921
1.2480767531828447
1.2466775426324808
1.2454647587654286
1.2462315755836972
1.2468820232063977
1.247247383053861
1.2456312983124345
1.2434600798406283
1.2433919100200428
1.2417277250534449
1.2405555535406962
1.2387676091627642
1.2328804468850367
1.231188493666889
1.2302117159716972
1.2280516403062003
1.2222477755648025
1.2208657458477223
1.2210224018970006
1.2194741516782526
1.2189336348246862
1.2172545489533853
1.215929202735424
1.215848040003265
1.2146171717808165
1.2134103291632794
1.2116050189488554
1.2139744441256994
1.212872035649358
1.2111649893097958
1.2095904011984129
1.210772460558599
1.2115873010366556
1.2123807473326207
1.213773663043976
1.2149313288273604
1.2146029843399857
1.213825788434976
1.21207988497458
1.206706318979949
1.2061422973968308
1.2044100026031592
1.2032486427949085
1.20302739989373
1.2020102229532321
1.2010018749114795
1.2003349221933384
1.2012449457387255
1.201872472157554
1.2011427856698822
1.1999548504405217
1.1994512501002859
1.197981442029947
1.197654939442873
1.1914995827289843
1.190194890226004
1.1889044134705156
1.1880606937408447
1.1867367321728197
1.1862559887247348
1.1847279798693773
1.1852991037455736
1.1889068300073797
1.1874889138962208
1.1874269943639457
1.1859769405903402
1.18652111613108
1.1859035136094733
1.1844766345762072
1.1860547723685244
1.1867021188228088
1.1832758587949417
1.1823102337174403
1.181942123418663
1.1810563312675098
1.179815563351609
1.1794041986050814
1.1792498227488788
1.1779108404769678
1.1773942332158143
1.1773382524364657
1.175921401977539
1.1760634010673587
1.1749953715638681
1.174034178088137
1.1748818610347598
1.1732726170983112
1.1721343498551444
1.1721863987065162
1.1695134101803921
1.168231694565879
1.1674537559625515
1.1676885515286777
1.1668579532423624
1.165614773938944
1.1645673882471372
1.1656504849918554
1.1648870696813598
1.1638535228760347
1.165004878186275
1.1633982929023536
1.1632816251718774
1.1638038799326906
1.1645435264219228
1.1631369903125865
1.1626234912872315
1.1556801095841422
1.1544276560831195
1.1538320804897109
1.1528113338890977
1.1525131183144934
1.1531904092345475
1.1517806531240542
1.152508527582342
1.152915184361947
1.1526740047050692
1.1540666714157026
1.1533512995604684
1.1497521101666228
1.1486043923971605
1.1475744411235547
1.145765960519084
1.1458725482602663
1.1443577438893944
1.1436061420728938
1.1445043458411441
1.1432549600911917
1.142639011144638
1.1389010391425138
1.1351192109655626
1.1336214142081178
1.1276061768625296
1.1267706811573803
1.125329897461868
1.1215431736510935
1.1209959065943018
1.1203122904911134
1.1207505019314319
1.1177632585703898
1.1170524484232853
1.1136898421105885
1.1131209438034022
1.1096049414740667
1.109082985036778
1.1070363946923627
1.1066858617706656
1.105381199689669
1.0999773223549474
1.09913779132896
1.1003705464114217
1.0971425588103547
1.097865905783592
1.0980743227070475
1.0973847184551362
1.0944537569176067
1.0964735586897316
1.0965745815863976
1.0958172074828136
1.0952905846071672
1.0955151724011711
1.0894222030682224
1.088140721321106
1.0843726744693993
1.0908903559838437
1.0898559482087122
1.090981490795429
1.0899400831314556
1.0869511995773649
1.087856653728776
1.0878052042878192
1.0885008100315186
1.0879983298190228
1.0874992328380149
1.0863901279095947
1.087338718291252
1.084941432103355
1.086386466637636
1.0863347688971807
1.0784681664964866
1.0773547318107204
1.0743858609309487
1.0739411110658525
1.0733519571061423
1.0728294218579928
1.0697557006139478
1.0693844919619353
1.0691998083729388
1.0698846236946657
1.069375911367283
1.0688407053937656
1.0678775794193394
1.0671395782556514
1.0678221274395379
1.0687302295156507
1.064184152162992
1.0636816713545056
1.0605640512117198
1.062411924442613
1.0639327561449192
1.0630731348991393
1.063924099394899
1.0648902706890941
1.064188691304171
1.0639410785266332
1.0636308358447386
1.0608361773707222
1.0607174686559542
1.0603444332692384
1.0592701982049382
1.0594180395458543
1.0594699368812144
1.0600606800287555
1.0616200234639506
1.0566090582878953
1.0564328450493832
1.0582198609736153
1.0557934990771214
1.0557896414935817
1.057526117984925
1.058254151398899
1.0533395915320425
1.0523950909668545
1.0520419499743905
1.0517802453578864
1.0515915681005195
1.0517576721227058
1.0497319067878652
1.049662333881988
1.049100248623425
1.0487586149462946
1.0488317801639466
1.0490443622933983
1.0491034984588623
1.0490422612603973
1.049139939754381
1.0489663689127773
1.048925313042984
1.0467153507503655
1.0466428453272039
1.0407431310695001
1.0407259129189157
1.040206512530073
1.0405804610123968
1.038762474742473
1.0370795952020058
1.0373820257356583
1.0369446404662057
1.037197855770165
1.038521645554399
1.0399967718461378
1.0414815070978127
1.0406718673102675
1.0400869754483946
1.040476617696402
1.0408172311999202
1.0419381163261494
1.042704319331957
1.0440415955912097
1.0457920859016763
1.047371674078116
1.047495199894083
1.0471068470900728
1.0475355808677542
1.04847541599699
1.0557795101649141
1.0556918576232388
1.0569493380016028
1.0576926642422781
1.0579927746130495
1.0580401849665746
1.058056223816073
1.0595188732888248
1.0593619414967992
1.0603437182879207
1.0588622157205672
1.0588492340777986
1.0596166474364672
1.0591303983793434
1.0597847207387288
1.0606938308963363
1.061334529588389
1.0621014119776129
1.062444840440687
1.064146607229025
1.0637737286738942
1.063910429022814
1.0638976911410127
1.0647215436716548
1.0644732754671438
1.0624819295830283
1.0620835188545699
1.062405223768901
1.0640442851301912
1.062827239530372
1.0625651294849994
1.0630744184217145
1.0649260752826881
1.0655468916969668
1.0635339476359196
1.0644483043670654
1.0658322359426333
1.067011470049382
1.0669683749508705
1.067197071539389
1.0678301073255994
1.0695507541511402
1.0693112083628207
1.0702521898923516
1.0699701798075005
1.070134965641292
1.0713137901803982
1.0727828814058888
1.0736389862706295
1.0732142585730515
1.0749235909432173
1.0747370020647689
1.0747855641760187
1.0745143578916463
1.07551076730586
1.0753087967865227
1.0737601093015126
1.0731122089021
1.0749074564141743
1.074594574708205
1.0727949325292387
1.0708723567676837
1.0722556449074783
1.0734816720572913
1.0715756977945112
1.0708322640621302
1.0723877851252477
1.0732305665750879
1.0731468714919745
1.0729727920997574
1.0723385051922039
1.0730669505592587
1.0730499307552497
1.0723790770146384
1.0738127011300556
1.0749502969639642
1.0738309897725589
1.0720545106385586
1.0700581956402038
1.0697246833823741
1.069322294775785
1.0705019539751965
1.0687436792585585
1.0691776661977281
1.0688730968330762
1.0657392465151274
1.065936037422954
1.065915873012736
1.066140810533755
1.0627167139245175
1.0623475080916396
1.0629795811889169
1.0624751387323652
1.0619415134914252
1.0609596962609975
1.0613785447044806
1.061142865647661
1.0617342971201997
1.0617606970343259
1.062427619419529
1.0626486141355485
1.0624295273578284
1.061683923633035
1.0624598448349982
1.0618797227657042
1.061561820231056
1.061199401414494
1.0607859222879
1.0613383581240972
1.0619178258099602
1.0620514081785883
1.060174302501573
1.0597230276568184
1.0612694376427936
1.062639195784578
1.062502811570744
1.0622080546511217
1.0604217512336866
1.0602595750751391
1.0600590035827553
1.0599398044539408
1.0587365727709688
1.0594585922065227
1.0601366092842124
1.061283450971921
1.0611854028057408
1.061458004952764
1.0611853503152688
1.060773760601778
1.0610023826681159
1.062363157336344
1.0625950602999321
1.0624931934208595
1.0631819396095479
1.0632483284368375
1.0629488334655761
1.0628948494216575
1.0649538766196434
1.0657681579767153
1.0643920487915444
1.065051330775811
1.0651533279267769
1.065138138693052
1.0661717123979009
1.066038915044383
1.066303025094031
1.0667541180382876
1.0681790221253042
1.0685015795118522
1.0683590128530864
1.0723967131995658
1.0724700979956436
1.0733388590936859
1.0748307866144862
1.0746689093577397
1.0749097362102702
1.0749668525290612
1.0762311076747801
1.076160652692928
1.0761536628969255
1.0759864553962786
1.0765710177722279
1.0752441947359175
1.0763728499412537
1.0779325049298978
1.0783700397252427
1.078639612344033
1.0789707154035568
1.0789726172283196
1.0788892364987284
1.078786039594774
1.078688228190853
1.0804146656669742
1.080521979211252
1.0807667809400787
1.080330102470754
1.0804717844019007
1.0811049968191662
1.0810894828345907
1.0813591477263678
1.0813049212434238
1.0818090781998426
1.0816386726498604
1.0819363534524944
1.082228848761751
1.0831116412674653
1.0833287218316872
1.0812328245855471
1.081356155990374
1.081461212396327
1.081357244209007
1.0813898940268634
1.0812551179542917
1.0838041572406576
1.0845936293684002
1.0860544257368778
1.0863936096429825
1.0870653331060889
1.0869670753665541
1.0867246451977555
1.0853155074543552
1.0849368969599407
1.0854931749666012
1.085576643353527
1.0855593539729262
1.085452142696981
1.0872877661809957
1.087471944698389
1.0874203597392047
1.088787875405277
1.0886015527658657
1.0886285359469743
1.0884831950587242
1.0881776661038114
1.0865824057154678
1.086504117847201
1.0864102003966993
1.0866366910422942
1.08630264770417
1.0864793006928724
1.0873145728666256
1.0871349040016727
1.0868235829317174
1.086842817103369
1.086726589687609
1.086755527656222
1.0864712385074147
1.0853138651567347
1.083835653296099
1.0837884706740921
1.0838004049149275
1.0845050415797541
1.085636666166448
1.0855582369667507
1.0856283683599015
1.0870207041606081
1.0868832956912906
1.0873874288818146
1.0880849903531529
1.0877635144690097
1.0877949537502394
1.0881775916656318
1.0888142704137753
1.0893324801941093
1.093057114957115
1.0932520857065813
1.093331862592149
1.0934321198753594
1.09709574760647
1.0977664742136601
1.0977217567321638
1.0984444255828858
1.0982590891999198
1.0985985919578318
1.100062661127512
1.099835081990126
1.0997831431302156
1.1001775778923077
1.100573700571817
1.1005711412375807
1.1002649214472706
1.1006256779708432
1.100893618559999
1.1016633618106433
1.102145624053371
1.1023652258552235
1.102749782733703
1.103572851345863
1.1035160037434155
1.103460245410112
1.1048855952235144
1.1047936522094897
1.1046415830829315
1.1045395892067764
1.104557039477512
1.1046597180562767
1.1044810363981459
1.1032290506257185
1.1034878208523704
1.1033666492563434
1.103448668632718
1.1041460060915411
1.103700322905081
1.1039062481094561
1.1039974595060442
1.1038170078059844
1.1044282372060574
1.1051888745298521
1.1053889778562918
1.1064903624070799
1.1067579373001533
1.1068030959380737
1.1065404716072456
1.1051725694074435
1.1049899173144921
1.1055788490134226
1.1056520815019484
1.1064315687643516
1.10607525802843
1.1062584666629696
1.1066202860454033
1.1067740588706585
1.1074921731025942
1.107456439547841
1.1077772330316862
1.1083139049534119
1.1082154052926334
1.1079469775133592
1.107741269800398
1.1075348716662559
1.1074901270205533
1.1073987227532303
1.1075719980483358
1.107549207750213
1.1076506728073088
1.1079335437726114
1.1079712068125354
1.1077869937533424
1.1075421022310317
1.107810010124537
1.1075075039883706
1.1076081153339028
1.1073911275361714
1.107569318965908
1.1078855112320234
1.1082474587471514
1.1080349778729164
1.1080120518569547
1.1077995799076608
1.109062891893377
1.1096761241586324
1.10944016559032
1.1118268412848313
1.1116511841594368
1.111886682728472
1.112660794986
1.1125059924185028
1.1142563921182267
1.1141097237111126
1.1139370448340304
1.1138549584987736
1.1134134683412376
1.1136482763732376
1.113456611280088
1.1130743085541681
1.1134708162695475
1.1130514037303436
1.1128954657765686
1.1133179196071723
1.1121351105200015
1.1121346069841969
1.1124795081054035
1.1122131235973411
1.1120699279063353
1.11259171294003
1.112139221617413
1.111844154932436
1.1117994538918816
1.1120758044574908
1.1117009752560916
1.113126571973165
1.1130911442634437
1.1130171456644613
1.1128246421660302
1.1132061836465263
1.1139546003772984
1.1136638179840332
1.114002638140557
1.1147435683764533
1.1144897271920968
1.1144641227722167
1.116460005362908
1.1147708612609195
1.1144615360753454
1.1149238103900705
1.1147919631643588
1.114812325154032
1.115551227856911
1.1155831516379178
1.1163855752180876
1.1170686617670322
1.1174088456435358
1.1173616673584286
1.1173841946230734
1.1174176891488352
1.1176839085806787
1.1189457011831767
1.1195598874639598
1.1215299847079259
1.121299674531972
1.121242064319245
1.122488780688214
1.1229041481856257
1.1232804212337586
1.1238068081946866
1.1240011640509704
1.1244024645957502
1.1243012572400655
1.1242368376370773
1.1239372442117834
1.1238718945388646
1.1238658889796358
1.1237987983157602
1.1239795956634668
1.123762854738125
1.1241195657099226
1.1243258062355321
1.1247151242183653
1.125327695103792
1.125584146131356
1.127138922402131
1.1271180731681028
1.1276752843710653
1.1276973404952784
1.1276997710733068
1.128212361759306
1.1302611902924895
1.130896793761858
1.131499502318246
1.1312610461684687
1.1316810571230376
1.131456874579587
1.1316992271567974
1.1295502789755174
1.129365843799004
1.1298610764107089
1.130583280223911
1.1313778403112604
1.1351466060132909
1.1355186578813292
1.1362322738872908
1.1361144900657132
1.1366535237665927
1.135356721423921
1.1360631578448992
1.1363957059350063
1.1364905114946418
1.1370315061613572
1.1370648715710794
1.136992461163834
1.137048019536454
1.1383745038950885
1.1384982643692059
1.1386178423428492
1.1378984105982903
1.1396196675190728
1.139525822293473
1.139882351788448
1.1399234384298325
1.13970397020065
1.1396360248600672
1.1399122781430113
1.1406324383540032
1.1397654415266605
1.1395455443151465
1.1397504554177722
1.1398951392230274
1.1399806937667625
1.1387889393893156
1.1389066529858665
1.1394260855638396
1.139282124537505
1.139823541045189
1.1399975733519678
1.1397505961964833
1.1397136138598987
1.139949911122718
1.1407025346248616
1.1405950340064797
1.1409073895317923
1.1415521249496678
1.141314367721023
1.140750370111166
1.1406210785800042
1.1396832348940307
1.138436612436327
1.1378673718787344
1.1376454741001554
1.137816611770209
1.1384265323215061
1.1370849804002412
1.1371343063969983
1.1360772075906265
1.1360844625612996
1.1361895304686611
1.1361988468288007
1.1359185539645913
1.1360704365280756
1.1361270912096535
1.1358726399974437
1.135514185382528
1.1362344488122151
1.1366921261737222
1.1364006618275952
1.1355918915511218
1.1344313604891976
1.1358890122237522
1.1357317780078857
1.135752440535504
1.1346832097818453
1.1349108926338003
1.1358676400151633
1.134682180762085
1.1345121177544977
1.133214630411166
1.1314380068549585
1.131212574013313
1.1318127174524664
1.1317052696133232
1.1299345517769839
1.1302477038894119
1.13006477327477
1.1304431581537844
1.129218389996055
1.1294093506763623
1.1287031060462285
1.128332880391913
1.128449708500926
1.1272882881599504
1.1247009167366155
1.1247154537422301
1.1248337391043912
1.1246226850825132
1.124890999505984
1.1255218561017404
1.1254095112658427
1.124420429751227
1.1242811867069382
1.1241358188237491
1.1238845132409383
1.1221180521509613
1.1224236524015887
1.122344596441402
1.12220384589864
1.1220247332334123
1.1224036412290432
1.1221943475947476
1.1221088905586893
1.120157770001062
1.1199818927201965
1.121066164538338
1.1207693082314951
1.1212908872648288
1.12138716079411
1.1214077047918034
1.1217014419924929
1.1215881701375618
1.1218421937597276
1.1216925532845154
1.1218300271209691
1.1213975557989004
1.1217680523873932
1.1219561834498548
1.1221208787896346
1.1225228082658412
1.1226965285898225
1.1224111551971188
1.1223321206770933
1.1221584604701083
1.1224670730881405
1.1222458327830078
1.1219640504764565
1.1220210016447816
1.1219038947923612
1.1216908481813246
1.1215579442493768
1.1206041790263268
1.120813053520546
1.1207891630839153
1.1218059868529366
1.1196867131156096
1.1195977561950683
1.1196521325267668
1.1199619905255473
1.1198886685245815
1.1194691300582278
1.119381332017511
1.1194835417209916
1.1192693274079948
1.119927792935758
1.1202629642698667
1.1197801581646694
1.1184283412833678
1.1183961829807185
1.118359642820396
1.1182205580987072
1.1183350573587154
1.1180203243008924
1.1183409037037662
1.1183147503635076
1.1155686101509226
1.1147308839152226
1.1127956327374229
1.1115291868681836
1.1112922855918754
1.1089162978562375
1.1085478644456248
1.1088964868776547
1.108521875806147
1.106639471770071
1.106599381425449
1.105493840471658
1.1057133544006466
1.1037269666435354
1.1036991141392634
1.102647460001405
1.1018891473489305
1.102520210806894
1.103076225035406
1.1035121081891457
1.1033709422893117
1.1006258926013621
1.1006266714867434
1.1023851021602638
1.1030764869863996
1.1020705189411624
1.1015567980181367
1.1018042279012275
1.1004547899812798
1.10012124186196
1.1000842905944248
1.0981034832187446
1.0980380092732793
1.0973479428925432
1.0968318770724137
1.0973029621001305
1.096396689643403
1.0968884956328477
1.0968594251726775
1.0972949612754952
1.0971919230560758
1.09706808807777
1.0975273160039045
1.0978668955663027
1.0978494660840148
1.0977391320976626
1.0976945583391686
1.0981678923767588
1.0980219089312795
1.0980822578724267
1.098094119142603
1.0979543755797436
1.0970698243498538
1.0969521587321114
1.0968581611379926
1.0967510200179784
1.096834311172553
1.0967078851494767
1.096684350083206
1.0956681209132568
1.0955311199992064
1.0953852776998294
1.0953008670611115
1.0954185372307188
1.0953152020888657
1.0948895187210497
1.0948492734752902
1.0946403432710925
1.0947280354743456
1.0949571654363586
1.0950193544170947
1.0948613717967546
1.094671925603042
1.094468812422319
1.0943058131392611
1.0940303445814654
1.0940180094736927
1.0941335235150333
1.09405432075694
1.0930610772669747
1.0935351288327253
1.0936362684806646
1.0935652517669898
1.0926218148006668
1.092825652714765
1.092741834422167
1.0926079986764372
1.0925592644278048
1.0923530372052357
1.0926728919522846
1.092397829552463
1.0921918086253615
1.0911332238292217
1.0910707174964218
1.0914104446672899
1.0913484723227365
1.091332385235391
1.0914882273544768
1.091679766274994
1.0914829629778522
1.0913618922657813
1.0913270116700218
1.091188173050057
1.091404619034041
1.0912675742480331
1.0912649492845468
1.0912613365178747
1.0905373864197512
1.0905971788449538
1.0910783137533775
1.0908390130363614
1.0901856235792002
1.090025802159326
1.090034812940678
1.0903886730279997
1.0906251782941752
1.0905874815945549
1.0913445964623034
1.0920006614818907
1.0914025159674086
1.090274082697355
1.0897617989865989
1.089552207199555
1.0894275463633993
1.0892361198010305
1.0874941106794938
1.086753241961163
1.0872665180100336
1.0871749137690463
1.0867792434070709
1.0859009587203368
1.0849467783053386
1.085455794621107
1.0851005903594402
1.084887074963482
1.0839855143483303
1.082168505313144
1.0822764417969484
1.081680332706166
1.0806314298108148
1.080405330657959
1.0799729975727774
1.0799873372258508
1.0791068044538792
1.0772139857185634
1.0774874468089934
1.0772259629502587
1.0774309738893075
1.0773570442005345
1.0774167729977921
1.0766671030400163
1.0766867525209256
1.0764838683903823
1.0767002063771869
1.0768061930299853
1.0765411475220241
1.076472760534705
1.0769694459583112
1.0769832436490203
1.0771683327592607
1.0774058109180695
1.0773512150686169
1.077060992395469
1.0772627670598287
1.077195859419731
1.0774369299011743
1.0774715474433822
1.077543776732028
1.0775817060183137
1.0776309970232696
1.0766628030787178
1.077104179558152
1.077421152703116
1.0773865664458577
1.077331226348877
1.0775864229132381
1.0775028186219033
1.0771308541297913
1.0771718489371265
1.0773207360846428
1.0772480863407896
1.0775314186865201
1.0775615072471563
1.0774803100042785
1.0777551196885378
1.0774850369130493
1.0774736951221635
1.0774781760640315
1.0777491146188365
1.0767101042350815
1.076737945887097
1.0767476925966064
1.0769334316253663
1.07732780460932
1.0779481560735915
1.0779095270566383
1.0781732692806114
1.0778171040581874
1.0781829807111507
1.0781837006214794
1.077968060502207
1.0781726960343734
1.077720459733112
1.0778689196153346
1.0779402906103066
1.0782263125092608
1.0784362514943175
1.077490212472135
1.0781823886541457
1.0781307392417803
1.0781021468051069
1.07799442877327
1.0778542528201942
1.0782375331057872
1.0788582348761782
1.0793852642516102
1.0791341863659345
1.077205375548332
1.0755748850103355
1.0758725975471113
1.0749288706268036
1.0747095332678231
1.0735916688150506
1.0740396140556798
1.073917817276762
1.0739483351905506
1.0737457235806442
1.0742875881535883
1.0741214276272424
1.074354331306472
1.0740705771051395
1.0741334450161435
1.074137034610331
1.0745383272940994
1.0747663146204385
1.0743866379793525
1.0745490629913388
1.0744027471965407
1.0740208932116062
1.0738503595155526
1.0731443744329283
1.0730217516121239
1.0729291449585923
1.0727797361821274
1.0725762370854108
1.0728964383716246
1.072645401339474
1.0725796305158604
1.0716003792070263
1.0714983171321817
1.0711923265516907
1.0712272607317253
1.0712100495683385
1.0711211101050075
1.0702666384514088
1.0704235954677568
1.070361459247782
1.0688764554625876
1.0696952815969192
1.0701831858524111
1.0699875182987
1.0703546750774893
1.0702957556797907
1.0700760962278741
1.069718472507347
1.0695562797902833
1.0694221940096618
1.0694740555342401
1.06944284371346
1.0688257127687713
1.0680386689586252
1.068362595265722
1.0687562260260948
1.0685737203407992
1.068000441687113
1.0684525662217863
1.0687992549381373
1.068597751333259
1.0686682635078244
1.0688504458787758
1.0694288520217672
1.0685541744920035
1.0687437529380392
1.0685925080517127
1.0685724282570188
1.068910153464573
1.068752703181423
1.0691473684415458
1.0690021210157936
1.0697258951600161
1.0697705457275761
1.070071913057515
1.070102707863433
1.0703473596028912
1.0701672452518332
1.0705046252048376
1.0705969556037906
1.0706406621032418
1.0699035430905897
1.070256158448418
1.070184015709421
1.0706340912673296
1.0704855352316605
1.0707982517711507
1.070764206547335
1.0702884129812285
1.0703873330401286
1.070444249906219
1.0703903441672569
1.0701985074406197
1.0706386204315075
1.0714103852530463
1.0716954421825649
1.0717197396798048
1.0719983452169715
1.072157675141923
1.072160714697282
1.071463545898893
1.07174823719448
1.0718002315070847
1.071642677462854
1.0719949872526404
1.0717882392379516
1.0711368110586474
1.0712674623996798
1.0715836614105043
1.0714271911381261
1.0717492938818984
1.071995731496133
1.0718450244183086
1.0724218162559194
1.072278545989855
1.0726896468065592
1.072660842310798
1.0726874902087935
1.0731020598284966
1.072919951857261
1.0723776494375528
1.072187774527978
1.0725750701567707
1.0732206650722174
1.0742200345466335
1.0744969963817406
1.0744578519337613
1.0742496923966842
1.0746050347756388
1.0750508244161936
1.0745905659364776
1.0749197450994747
1.0752857744449904
1.0749877172816378
1.0752973738740457
1.0761548948705022
1.0757036432667255
1.0759864743014014
1.0758468802585157
1.075191705345969
1.0751487768741106
1.0748881078098325
1.0750760038348213
1.0744842230824976
1.0751751675098031
1.075187729713612
1.0754270028516737
1.0759990151943601
1.0760361616936347
1.0753717053995275
1.075270053770082
1.0749655023826288
1.074951697411005
1.0755755134942273
1.0758907535980489
1.075878379674974
1.0758265908358429
1.0760527599562328
1.076179259140557
1.0766186846703034
1.0765498477841844
1.0769568558208726
1.0762569341337838
1.0765309990474157
1.0758099742403857
1.0756995245448808
1.075571030565137
1.0748795929725834
1.0742055319330108
1.0740173587744886
1.073859863156693
1.0737910876885717
1.0750240984790649
1.0750337013311668
1.0750122062207619
1.0749834941980658
1.0746948756783257
1.074695652389742
1.0746175376708897
1.0744713725914463
1.074384072698804
1.0737594102657366
1.0729654166881029
1.0729695693387968
1.0724011000622524
1.0723913354461345
1.0717224705707338
1.0718480523658975
1.0716756588934784
1.071842872302627
1.0722766211902268
1.072132654200725
1.0720246509466758
1.0719388654816424
1.0717926409893803
1.0718112958587884
1.071715235710144
1.0718570470145818
1.0718828831324334
1.0717847525045217
1.0711542833772483
1.07168397837215
1.071649594150736
1.0716543753324417
1.0710142616950753
1.071239308703309
1.0711051377479157
1.071645633515958
1.0720496334597074
1.0728073864763386
1.0716211216865523
1.0715451110349594
1.0715461342442523
1.0709420803622527
1.0708614063577857
1.0707875786572532
1.0707854564010344
1.071088729454921
1.07105882661412
1.0713957660677143
1.0718003509467078
1.0716492982025732
1.0717124259635193
1.0717055852415789
1.0697420240099964
1.069677456944839
1.069589517392446
1.0695868246033746
1.0698032567649267
1.0697762641335054
1.0699443028902955
1.0697656656388816
1.0699343633340415
1.0699782278176038
1.0702090896989989
1.0701805756572536
1.070558026093225
1.0704467259084667
1.0706323723989557
1.070502954059177
1.0703148676540586
1.0705982022628826
1.0706592020276304
1.0709742978819645
1.0708655057082306
1.0700925109710857
1.0700101287572112
1.0700422601278032
1.0693479757113704
1.0686551255481749
1.0690731922742691
1.0690494248943945
1.069129548490464
1.0689147654460658
1.0687909195388572
1.069001818291619
1.0691091482505082
1.0689791876659005
1.0689178298486384
1.0688603018795397
1.0689255697577953
1.0688682512803511
1.0687086978486233
1.067975790947437
1.0678836094531585
1.067865752029419
1.0679294366572203
1.0677316997936577
1.0677508852098443
1.0671377800880595
1.0671114737780913
1.0671360898093893
1.0674787919950561
1.0674698355344703
1.067328773189919
1.0675262406168156
1.0673738927659342
1.0670944379120277
1.0674579456204274
1.068089343528667
1.068788489398664
1.0686982213003204
1.069227085264503
1.069147405870856
1.069082605002991
1.0695660801406153
1.0697238496757295
1.0696756416872928
1.0695276769570838
1.0688553174670847
1.0688944579172535
1.0692986547164716
1.069772264264438
1.0698558666597315
1.0697127594388005
1.0698555104079328
1.069897311769855
1.0699385655980531
1.0693303182744507
1.0682438588341492
1.0682374179891827
1.0681599163536732
1.0685027842101733
1.0683924694856008
1.0687024983064015
1.0672475425918382
1.067627517357546
1.0676196248777554
1.0694587015623624
1.0698012511347241
1.0699180568949909
1.0701836601794383
1.0700618733535823
1.0691990740289372
1.0686400811369574
1.0690565524856228
1.0689703366191117
1.0679984047311026
1.0667529081636686
1.0666256919044244
1.0665801088891926
1.0669430364706578
1.067090779802605
1.0659558516807908
1.065902515567477
1.064769918877209
1.0650473281155441
1.0643227921037999
1.0642815876930618
1.0641316763916249
1.06420396046823
1.0637012392676617
1.0640844766658517
1.0640010784069698
1.0647320834557499
1.064907293392317
1.064738722273325
1.0650219003278876
1.0652362368642165
1.0651757049222363
1.065329107694988
1.0652548393257233
1.0655840828856495
1.0655875075815662
1.0655539596002472
1.0644599294325658
1.0643519090391804
1.0642790599696097
1.0641285256676805
1.0642577515934721
1.0636552474557484
1.063879052358656
1.0638032070899477
1.0637090529303952
1.0643899380951387
1.0644577975976193
1.0641449833202936
1.0640387874158193
1.0642198704861783
1.06434156955511
1.0645907423496246
1.064523052180308
1.0647968344397836
1.0647189431469022
1.064674144852423
1.0650006884054055
1.0643342195842536
1.0644233295642047
1.0646837084016851
1.065135917260279
1.0652404848702923
1.0651193889187534
1.0651499795131996
1.065115139879797
1.0654505985250544
1.0654179929267793
1.064977925998132
1.0648375290818235
1.0651222068484467
1.0653328048539952
1.0652096562758162
1.0651251175422443
1.0659322849320776
1.0658307733328651
1.0652351321788465
1.0653212290200298
1.0651053774245323
1.0650774809553867
1.0653710801555674
1.0648391258511556
1.0652520766661069
1.0646150989551189
1.0649375691023335
1.0647910215106664
1.06470665237823
1.06467783019078
1.0639026106715495
1.0637362412343627
1.0631269320147112
1.0626741018527892
1.061570658779005
1.0618172266467056
1.0617272272597265
1.061696097196772
1.0616962311623683
1.0617349524307993
1.062015299081455
1.0619279993390573
1.0612536535808812
1.061709574835245
1.0616760454801324
1.0579375109693248
1.0583619388572965
1.0572302810951788
1.056732249409032
1.0562620159528442
1.0560877595563605
1.0559440628123147
1.0520802801781959
1.0520450011137676
1.0514598114572409
1.0479058751361905
1.0478362278247388
1.0476686387589378
1.047634031107575
1.0465042132554265
1.0464608112745213
1.0458905749875866
1.0457875084933377
1.0457184401486908
1.0456264095594705
1.0452298771496817
1.0446801658847995
1.0452272389768769
1.0453795470328922
1.0451590892509777
1.045084612726156
1.044981217126528
1.0448674247004932
1.044763530683719
1.044231630389761
1.044224642454795
1.0442764086171152
1.0435535735851817
1.043892773501941
1.0438113973116183
1.044069896294949
1.043562213041581
1.0426968220454544
1.0423101622260629
1.042454623820674
1.0425038747281337
1.0426033571632922
1.042615503155908
1.0428611253483913
1.0428348141531962
1.0423885168803435
1.0425021282204896
1.0425907117979867
1.0422393115611956
1.0421767561675332
1.0423004694558955
1.0417937634721275
1.0418468032013306
1.041829193145202
1.0419022650421355
1.0419661643212301
1.0418397388977558
1.0416392569612314
1.0408777419678465
1.04077729335806
1.0407766491599857
1.0406024527308473
1.0404425896173235
1.040464426993447
1.0404121663299897
1.0402583601936712
1.0400538348232513
1.0401635626040466
1.0399497791694317
1.0399642583976416
1.0399812769573105
1.04016251878424
1.040518625813709
1.0404886173089491
1.040410416170948
1.040360281628708
1.0394061915355424
1.039403088662746
1.0394266305098074
1.039468702448425
1.0395731278595457
1.0395776868300795
1.039491416977165
1.0389216397230383
1.0388329801776193
1.0387381276776713
1.0389088201696064
1.0394204194254621
1.0393140424184921
1.0392619628214241
1.0382604795521584
1.038478808254071
1.0383932778198794
1.038424819047394
1.0383098473600625
1.0381172462873636
1.0380996395686561
1.0375799658281277
1.037628730245684
1.037664780969336
1.0371832117304072
1.036657606557508
1.0365852542787966
1.0365791611319823
1.0359992070553652
1.0362718331208933
1.0364227455437076
1.0359187424450178
1.036184260899686
1.0361195846484126
1.0360448040131545
1.0359696950246526
1.0359437602211699
1.0362805262447896
1.0366856858940279
1.0366139772004375
1.0365692171043133
1.0367751995367662
1.0367861805830296
1.0367276568587183
1.0366675770819533
1.0366282884874871
1.0365424914455625
1.0365653225914877
1.0368945244210637
1.0370000757780788
1.036545583936903
1.036762720635074
1.0354209807918235
1.0353226048726563
1.0351834815848862
1.0355023579643932
1.0357767543522538
1.0357651258991882
1.035585429909903
1.0352227281165027
1.0351627385869042
1.0343157583572395
1.0348920114666906
1.0350682956103765
1.0355500155083408
1.0349184579383524
1.0343797422765375
1.034379048590501
1.034471607438608
1.0334501013421176
1.0333625604478167
1.033126739154403
1.0327502749420099
1.0327574570556535
1.0329736010914659
1.0329292965727253
1.0329728897298043
1.0325065009826033
1.0334756494972106
1.0335954689626186
1.0335467573344577
1.033222345045768
1.0332958573772142
1.033144471333202
1.0333071223549222
1.0332601175055407
1.033003625898738
1.0328476715625987
1.0329179584850716
1.0324657491445024
1.0324517290141801
1.0324768942638411
1.0325093504670377
1.0324395864570053
1.0326295195978819
1.0326357585652999
1.0316422995508026
1.03181310434716
1.0322247569781116
1.0321663628882918
1.0322368730758797
1.032076795878774
1.0316556363181724
1.0318036216877002
1.0319464203619189
1.0320799159060647
1.032070812463863
1.032149442487566
1.0322587416375744
1.0322005764097615
1.032185361192033
1.032593206823588
1.0325160415909396
1.0323818952164252
1.0319058677810453
1.0314223874374657
1.031429193671952
1.031401657640603
1.031282212761697
1.0307891315997029
1.0311660720869098
1.0310988917876975
1.0310124494960402
1.0306068915509163
1.0305158252261741
1.0297007276247514
1.0300261213338233
1.0299402972526048
1.0298602281737064
1.0305050462421192
1.0295985708995758
1.0295121753513434
1.0294461938128656
1.0289759291296579
1.029123796306686
1.0291650853044279
1.0291398390781632
1.029056507223266
1.0290423518542446
1.0290503981342605
1.0285433425356987
1.0284093259159564
1.02749106311758
1.0274282739943816
1.0277506248733668
1.0272787551743816
1.0271880824693898
1.0274727140582582
1.0283085286667242
1.0288142402850289
1.028748148702188
1.0286833409983742
1.028909969110461
1.0291387815539255
1.0290082531198517
1.0290169067550123
1.029269049013333
1.0287702782829453
1.0286678650718075
1.0287842026352882
1.0291390260126827
1.0293439866898955
1.0297736267323203
1.0296055682731517
1.0286284408894093
1.0286099514856335
1.0282081859530081
1.0281091827658277
1.027520675252268
1.0273809746925875
1.027333141458745
1.0275906252870888
1.02770589362303
1.0278750812282933
1.0277665254498316
1.0278528186714586
1.0281014224894278
1.0276313509681436
1.027753322935596
1.0277171713796807
1.0276236807214512
1.028035719371117
1.0280788785000798
1.0280414003403588
1.027985894204363
1.027803344193477
1.0282709792488995
1.0281664043481344
1.0276120073931305
1.0285124709314748
1.028257828560032
1.0284557188206742
1.028521474514898
1.0286547692642805
1.028665845893604
1.0286671862768006
1.0286089274499228
1.028577409084836
1.0284203814914803
1.028525925013619
1.028682818023526
1.0291845135083737
1.029662591792631
1.0298967710379139
1.029905861727863
1.029491953915804
1.0296759709236725
1.0298358330016606
1.0299166871939989
1.0300385343350047
1.0300911476533618
1.0302492355932364
1.0302044123689478
1.0302356548317066
1.0303730565200713
1.0308211807883665
1.0310445673609727
1.0306640171531531
1.0307290197866648
1.0311769267309059
1.031131230719505
1.031145664502655
1.0311727537290014
1.0313914722502713
1.0316491905700598
1.0317460339910278
1.0317067458486306
1.0316721071158685
1.0318569006914096
1.0319176637578837
1.032040433733875
1.0320804434889947
1.0319361947671748
1.0314275868503646
1.0313575464237925
1.0313034762623512
1.0312919294977763
1.031483344981968
1.0307815708727863
1.0298967421603862
1.0299677603525386
1.0298410071372985
1.0297677135620056
1.0294784365108
1.0296731615980592
1.030247277985076
1.0302326445187555
1.0308722284717964
1.031081211623963
1.0320331207448716
1.0316304214823915
1.0314990530727774
1.0314762264051336
1.0313921787478948
1.0313508348483926
1.03141407320344
1.031467039148439
1.0314500281695245
1.031469571396395
1.0317748427391051
1.031683172241834
1.0319337864693223
1.032101738377343
1.032679124114537
1.0326317372250349
1.0326617971728995
1.0324361583563404
1.032641762330127
1.032597728606412
1.0326961823172667
1.032631731391
1.0329567758512008
1.0335560939721102
1.033603242237109
1.0340176366378249
1.0342067830481803
1.0342422935520397
1.0348739991037865
1.0352280871786503
1.035387510956975
1.035317443554391
1.0352899523088768
1.0353266276638728
1.035212907315611
1.03542121341876
1.0359062635931326
1.0362584899453555
1.0364660886819108
1.0365569522388303
1.0368726393590944
1.0372198363627507
1.0375708481103707
1.03793156995833
1.0379356688058232
1.038466356152944
1.0388724883117915
1.0386896611935736
1.0388687166918265
1.0394884193031946
1.0396980976165735
1.0398266486489518
1.0409382334558275
1.0414338182464944
1.0418806776079432
1.0424051633740548
1.042541791492863
1.043299939742769
1.0434098785068162
1.0435656593135947
1.0438472362294526
1.0441771643370101
1.0444920632224646
1.0445843629822238
1.0446573550870317
1.045464434827021
1.0450990444740336
1.045479903330048
1.0454685042148035
1.0456556387519467
1.0459516376648774
1.045847852395039
1.0460687270488769
1.0463549069522107
1.046565453610365
1.0470346566196207
1.0476093054001714
1.0477584096119297
1.04768235044902
1.047848516693468
1.0482930032666207
1.0485802562168876
1.0490348392286957
1.049420268902412
1.0496562487892993
1.0497691440728882
1.0504802870741268
1.0506744648454376
1.0509893988464707
1.051360092891333
1.0517006759950838
1.0519653705914327
1.0524312688638169
1.0523304197807415
1.0526968101082315
1.0526978392004283
1.0531154801668607
1.05360081729196
1.054498988189464
1.055891313396158
1.0556209578956526
1.0544554750018569
1.0543722664801085
1.0543509461184266
1.0539541517581388
1.0539820357482665
1.0542413974442864
1.0542428472657386
1.0534916049889207
1.0530928931395453
1.0537874480744045
1.053955902015738
1.0539491236232454
1.053717212817779
1.053915087219625
1.0534563691043672
1.053487113453814
1.0538927841330636
1.0534849687088836
1.0535205171693045
1.0525565461037611
1.052689772309804
1.0527441482759465
1.0526800928525177
1.0527182669849562
1.052731977180039
1.0525760891742275
1.0526224567853433
1.052551139712647
1.052416447494123
1.0519897600626105
1.051982042403414
1.0519017328167284
1.052090178357528
1.0520222683338492
1.051710947327876
1.0516499692856953
1.051297357976882
1.050790014420097
1.0505016213922358
1.0499994660561696
1.0498873706722367
1.0494964990313937
1.0493896465557153
1.0493842417039434
1.049302745521778
1.0485223495840628
1.0484199344137626
1.047307390752815
1.047282929415167
1.047155935822636
1.047151400540307
1.0471101188659668
1.0470857776478015
1.0470756218223374
1.0467316689928607
1.0463041939386508
1.0461794001879092
1.046118741373544
1.046363559584197
1.0455686286487411
1.0455357330644257
1.045303353244648
1.0448406344614882
1.0448365208855264
1.0444301804198939
1.0443692032093075
1.0440841359423225
1.044110126869969
1.0437994037405673
1.0439479464701256
1.0438198760211927
1.0437249947816898
1.0436353733233155
1.0434936012740017
1.0435147424168174
1.0435225895572597
1.043512436240857
1.0437772823007483
1.0434696085702075
1.043448306470511
1.0436194036128748
1.0439844663801614
1.0439144167736618
1.0441174293320588
1.0440425343659459
1.044112342389772
1.0437190330458157
1.0440273703098992
1.0432865312861253
1.043507425850907
1.04352199637236
1.0435820849978932
1.0433322224111792
1.0435920257174023
1.0438075658633623
1.0435998343868331
1.0434735208317854
1.043833849439583
1.0435968395423683
1.0433965077667513
1.0433442398679489
1.043398756389804
1.0436882244024663
1.0436232479180874
1.043870031704541
1.0441416601375826
1.0441056544990595
1.044201003744247
1.0441566386838224
1.0441658685014055
1.0442989246130676
1.0441940691044402
1.044099790231198
1.0439724169776097
1.0439053556901945
1.0439315874428254
1.043904311274728
1.0439241044691814
1.0438166107425744
1.0441112389042304
1.0439928478246443
1.0437956159158466
1.0439269912123168
1.043856266537376
1.04347858297402
1.0434010892167132
1.0433188402392384
1.0435455650112504
1.0455249574828447
1.045469485383177
1.0453655203197698
1.0448934986745515
1.0448787768398013
1.0450415412939604
1.0449361961114245
1.0450143730729722
1.0440970728929266
1.0440005192690403
1.0439661885598446
1.0439443477068393
1.0439080105981793
1.0436846155191044
1.043624534074666
1.043883761363243
1.0437952936203643
1.0437390800905346
1.0435502379392376
1.0433710601660493
1.043310400188392
1.0432796322762734
1.0429335566137938
1.04255548975109
1.0424225839080326
1.0420676006117502
1.0420022336111006
1.041861274301374
1.0417229099266945
1.0416386034865837
1.0416553397503499
1.0415443647475469
1.0414919562333058
1.041404685980842
1.0413888681518566
1.0414600894484722
1.0413937041642842
1.0413235399942848
1.0398130057609245
1.0397833514581905
1.039824560174778
1.0397731929912901
1.0400228446845379
1.039601371700288
1.0395510393836402
1.0396214354894207
1.039936977775157
1.039505149452231
1.0395417491970216
1.039563507967062
1.0395220285193647
1.0393958413292694
1.0389876962540536
1.039069921600049
1.0392594797496437
1.039408536334881
1.0394861815364789
1.0395891909900132
1.0395150525229317
1.0394353658137359
1.03946666805525
1.0396115306856903
1.0396390129645499
1.0399582711924678
1.0399803336041362
1.0399577937525595
1.039968210429761
1.040357563304338
1.040236772265699
1.040192468925219
1.0401488421775664
1.040372942703861
1.0403509435144442
1.040325047197127
1.0402685980456452
1.0404096117967712
1.0403531010461315
1.040475330207537
1.0396851856019322
1.0396806596267443
1.0398982606761276
1.0401778941739201
1.0401803511940972
1.0402434214584408
1.0401880254080742
1.0398029779565745
1.0400764740816029
1.0400289426911378
1.0399820035874658
1.039569120439933
1.0395695760343622
1.0398465376520305
1.0398055394545218
1.0398598080363295
1.039834572277528
1.0399785530599919
1.0398019527267681
1.0397615012193102
1.0399453532838903
1.0397876600390392
1.0397354946143011
1.0395922593034754
1.039590183349505
1.0397425339426827
1.0397276480176691
1.0396912656660728
1.0396806105217105
1.0396974327217818
1.0396071188431932
1.0396597113347028
1.0395940810930533
1.0395552221521578
1.039561252219685
1.0395760335274744
1.0396168604391496
1.0399560155293008
1.0398841512065073
1.039932832035539
1.0403946689266599
1.0403437163905298
1.0402735742766327
1.0402139398912946
1.0403533903919921
1.0405523497326283
1.0406301784158807
1.0407155802004442
1.040641619378458
1.0406119330427237
1.0402940395608933
1.0402728667737995
1.0404269087310563
1.0404282870535124
1.0404287863892645
1.0404074866435715
1.0406800746271823
1.0407364731635609
1.0407498030493103
1.0407149225513732
1.0400871658454114
1.0394101022144655
1.0393109081003098
1.0389030440460771
1.0384435455205265
1.0384127818188578
1.038433863121719
1.037280516395094
1.037226339755799
1.0374231362543187
1.0374819819004304
1.0377039584210146
1.0376641902449628
1.0375906505533496
1.0371310107062544
1.0371010967103689
1.037137095016239
1.0370679741410724
1.037019557170133
1.0369831437802681
1.0369403046990144
1.0369912285402596
1.036956785434303
1.0368708220612644
1.0367937797449458
1.0360968894933014
1.0359951254123438
1.0359417505671726
1.0358653541083809
1.0358207360993552
1.0357191055446675
1.0356949632962544
1.0357649325529998
1.0360525463677341
1.0363708850823756
1.036440700649739
1.0366837868079568
1.0387703558641994
1.0387699050789183
1.0391909204554661
1.0394532086445247
1.0394008959115422
1.0393667690310018
1.039477755553531
1.0397440598774115
1.0397537470812506
1.0396860722164702
1.0397533989647827
1.0399546917798148
1.0400771167104608
1.0401606024672991
1.0404318173463418
1.0405001353239565
1.0405479434621396
1.0406609304286232
1.040712637847729
1.0407300669642066
1.0407379271174675
1.0406562754642692
1.040957203635288
1.0409973876698895
1.0412023208229397
1.0408367597514576
1.0403173683425255
1.0404993633913162
1.0408684669179562
1.0407976909687644
1.0410374873016117
1.0410695829178298
1.0414648287945816
1.0413910418396397
1.0413106070363463
1.041545574397377
1.0414254790569941
1.041282662178275
1.0409119634159276
1.0408084346442408
1.041186305517294
1.0410556166905323
1.0406716648763603
1.0406706088968596
1.0408315352064588
1.0411336539694498
1.0408376145986171
1.0407660190516226
1.0407776609111814
1.0406776298855474
1.0406095557517856
1.040693609088319
1.0404304574202123
1.0403705386947621
1.0404500938774748
1.0404514776378968
1.0405649377250858
1.040561357125019
1.0405362359949093
1.0405759826137715
1.040297287183248
1.0405458024774699
1.0404947525189248
1.0401401857277015
1.0401446396017646
1.0401952307693065
1.040563871131251
1.040518783177847
1.0404916605647998
1.0408876794387363
1.041223037269921
1.0411440612738614
1.0415970523521791
1.0417468787011206
1.041866751559457
1.0418299852182455
1.0418526431021087
1.0420417553698855
1.0421100199704023
1.0421773113637625
1.0422204028878783
1.0418889674112541
1.0417988056521261
1.0418929984514962
1.042109962127656
1.0421415348034537
1.0417121587744083
1.0418498331857204
1.0418041666335986
1.0419950958537934
1.0420920575075343
1.042266566730389
1.0422214170392783
1.04224397682592
1.0422387091706813
1.0424067553757244
1.043182746020787
1.0428865417135347
1.0434071366950592
1.0433524705997528
1.0432589552341363
1.043491805375138
1.0435317435530345
1.043623336339432
1.0435354496697
1.0435182753753662
1.0435563217579213
1.0437227051823064
1.0437187994532573
1.043695343687497
1.0440768402605392
1.0436714991908116
1.0437095573905022
1.0437254078767066
1.0437568796878796
1.0438049976162764
1.04399323212633
1.043981292279683
1.0440322624417997
1.0436429336776174
1.0436911361373813
1.043411372272113
1.0433362578739234
1.043292189356785
1.043252731301423
1.0432388785530682
1.0431643546895777
1.042703440800536
1.0424269316842
1.0418045028388065
1.0418567600848179
1.0417180955410004
1.041690037847131
1.0416080737551279
1.0412782509016478
1.0414253671022389
1.0417551409196644
1.0416917910062442
1.0412642069515952
1.0411761926927776
1.041369170956114
1.0414370420150467
1.0416579417839735
1.0416005369846222
1.041516335554949
1.0414418824483735
1.041434679562525
1.041008132358767
1.0404733069992425
1.0401737973678804
1.0400931982595967
1.0403961757525853
1.03993059961026
1.0402139394270593
1.040458127520138
1.040447623162967
1.0473725666608673
1.0470202791974303
1.0472730885530435
1.046960646005376
1.0469382248073815
1.0466164597265057
1.0465763003638622
1.0466263028649199
1.0466106897283924
1.0464152006288419
1.0463498071110038
1.046280622927942
1.0461808238943962
1.0455293297211452
1.0456839481841271
1.0457218507079555
1.045662942549099
1.045609773557058
1.045590969642497
1.0457389256259144
1.0457872975175977
1.0460563054411744
1.0457241755492928
1.0456843139662628
