0.1206896551724138
0.3557122953674678
0.46678422152560084
0.38111968491278836
0.33611825594584216
0.4023870765250076
0.4032250555957453
0.4438923571107479
0.4995031213996731
0.4720641484183075
0.4815760440960923
0.4566774819996317
0.4597719475710866
0.43245381773301417
0.4416245491473252
0.4337461820029124
0.4466862089286765
0.4562241440768612
0.44470325945366335
0.47114596138444126
0.46563932677605757
0.45988689227854784
0.4754471606558306
0.4964292742295974
0.4891701601320093
0.5046604285496167
0.5027082703871304
0.4871883844754144
0.4709487716595673
0.4607196549559088
0.4775721657385366
0.47202885335684935
0.4679495733561577
0.4635081569745532
0.45670931928081565
0.4591078389071327
0.45206524740173787
0.4404738308016933
0.4337723298592372
0.43206169653672805
0.4216557261551748
0.43155316095034946
0.4441853129292306
0.4466064051602377
0.44586509240964434
0.4424523046938451
0.43852470663886867
0.4362406989925778
0.42902385819236677
0.4207733993809751
0.4317022031662397
0.4388592330739356
0.4374067808175796
0.43673880258869424
0.44662057798187504
0.45616160249942894
0.45571102389416285
0.4592269512737046
0.45344543671648835
0.4464813168059558
0.4473175462308628
0.4369212655173673
0.445325425733526
0.44612946359038597
0.4427694092526371
0.4377428332763007
0.4295515640979908
0.43394126869938815
0.4415907110142613
0.4376781435093797
0.43244553635794053
0.4368193705510941
0.43854512953670277
0.4344003951262523
0.4303375776871741
0.4294339391619356
0.4291262940415677
0.4243483355146178
0.4284057759112784
0.4350522203774263
0.4264272961769293
0.4286584501524694
0.42398894916571467
0.4256413633142861
0.4299197294266561
0.4280056897519045
0.4307025827683664
0.42930251728428237
0.43325300679681555
0.4308921877935776
0.43159024650273337
0.43159013351139025
0.4350177339496713
0.4348378215253281
0.43511526630805636
0.43167111064089314
0.4302054598517206
0.4268726071825825
0.4263263309718255
0.42978627235171596
0.43144980298253616
0.42752753204633126
0.42748743647003024
0.42724201293011926
0.42593898626702087
0.43097460919450314
0.42814233570494
0.42617559143162154
0.42680656928263333
0.4316641407293907
0.4364400723199
0.43749064963692647
0.43800302136121394
0.44257210248835854
0.44706748875861374
0.4494909488485448
0.4538600683021278
0.45458100473490703
0.4513671984966519
0.4530233482518059
0.4537351157025361
0.45510826247442404
0.4591746187246149
0.4631807326599881
0.46273867745285435
0.4666602929458992
0.4705250734317985
0.47253568441430355
0.4745175723827728
0.4782443981105546
0.48191873333512814
0.47397639848722084
0.4712023513554
0.4717761826764895
0.47264255982056724
0.47234678041621064
0.4699821156055928
0.4672182047667966
0.47072334815648875
0.4707331447190099
0.4741699424805748
0.4754118568301625
0.47610366116672126
0.4750615996306275
0.4768017160886615
0.47101061355647217
0.4722258685447343
0.4737200651233823
0.47482612876568403
0.4780284084683323
0.47940934146513736
0.4769229398097249
0.4749632806728138
0.47638781896812865
0.4794861158973113
0.4787206621235564
0.4767565479757996
0.47718238199919605
0.47442410233446086
0.47200987086177404
0.4701655500645255
0.4717555185300679
0.46986064913929715
0.47283896009918874
0.4757839938416514
0.4786963049869755
0.4786298428968081
0.47693524357296546
0.4797935209304902
0.4776040076478413
0.4793466886875826
0.4803537853433842
0.4794989578397312
0.48111914475970236
0.48385009662938816
0.4865524521444175
0.48753394978949866
0.48799710588863643
0.4881202124949068
0.4881808236556471
0.48773320526145597
0.48743440840948615
0.4872183784398126
0.4897822865476135
0.4889489163733298
0.48885802191254163
0.4878182177542423
0.4861154296191835
0.48862218362104115
0.49110460020540503
0.4905213430564435
0.4884458727985364
0.4872346203815437
0.4861842967924252
0.48651307053063914
0.48657668812247573
0.4889871262064078
0.4905504079146241
0.489479354727127
0.49083014475153847
0.49043648235823833
0.4900216361088886
0.4911719276511812
0.49064387343458493
0.4918174305683651
0.49260503973997904
0.4930623920039011
0.49532550632531225
0.4963563828628564
0.49637250506257824
0.49682901385084877
0.49903590414097665
0.4990401141665619
0.4997689252643885
0.5019344277524214
0.5040812621155575
0.504492930518495
0.5050842305712243
0.507190255121985
0.5050411438714681
0.506946125286063
0.5072989108559076
0.5065710214102065
0.5086269754876639
0.5106658677055574
0.511654851723303
0.511419833627921
0.5129099162769869
0.5111079516041361
0.5130953176545259
0.5150665916721189
0.5170219683186023
0.5189616391285677
0.5176857925720534
0.5161924513381294
0.5181123225629781
0.5200170169401995
0.5194839396475822
0.5213683163548466
0.5208942213690855
0.522758446188661
0.5233162299889633
0.5204381515850183
0.5222685403194266
0.5224554605898036
0.5231279777845391
0.5224117715790629
0.5235806496307708
0.5250138681714794
0.5266369507529293
0.5283966646906507
0.5301433437103149
0.5318771321099078
0.5334449857908764
0.5351539785169172
0.5363291204097125
0.535590953911253
0.5353339795147819
0.5370054400201244
0.5386649187297297
0.5403125440199806
0.5378103273957254
0.5383191890721299
0.5399448257303266
0.5415590544119746
0.5431619947811636
0.5447537648341908
0.5445983698174054
0.5461741540048884
0.5454402201405039
0.5468386419007804
0.5483905643600242
0.547742441498856
0.5473370979174702
0.5481935823313093
0.5481843288283472
0.549705593714447
0.5512166487690966
0.5527175964320762
0.5542085377773026
0.5556384608564988
0.55573016573225
0.5569901321819786
0.5571316120103272
0.5567582027815016
0.5582019871372622
0.5580130196465568
0.5594433982237524
0.5584451937133532
0.5598649840872653
0.5612756732408317
0.5601214378630655
0.5610673659499438
0.5607292011518343
0.5591305503746309
0.560521305736225
0.5615539081989693
0.5629283473582202
0.5630441962727257
0.5596764269376984
0.5610396578140523
0.5623944736849966
0.5635486445351966
0.5630469615764997
0.5643832094004247
0.5652757693020786
0.5665971195473609
0.5652505289494061
0.5665639714601329
0.5656789211627448
0.5669831886667606
0.5682796461857224
0.5695683636597948
0.5699990700604672
0.5695794034685117
0.5700075286484442
0.5695957196563946
0.5706949827789402
0.5692212157727639
0.5688736320533098
0.5683827203322246
0.5696337849109717
0.5708776179025585
0.5721142818279114
0.5733438384893255
0.57456634898076
0.5757818736979579
0.5764206717785905
0.5756708971428558
0.5768729625900432
0.5780682367070205
0.5792567768853106
0.5804386398715878
0.5800748046073801
0.5796287054173669
0.5789990178369592
0.580165225543782
0.5808023680445197
0.5819571824576201
0.5821899008208318
0.5816222572569391
0.5813992456250895
0.5825398471356479
0.5831307714640837
0.583895687030264
0.583748433186144
0.5831633071308354
0.5838358072012723
0.5833429498093118
0.5844570060932441
0.5839848738300819
0.5819955758896315
0.5806998331851974
0.5818032546768153
0.582900883929632
0.5828708516979539
0.5839599617457399
0.5850433993453604
0.5861212086977101
0.5871934335456435
0.5882601171798925
0.5893213024448928
0.5890916847008185
0.5886359727586148
0.589047615685251
0.5888210314214208
0.5898646328645136
0.5909029502496668
0.5919360236076222
0.5929638925657894
0.5939865963533125
0.5950041738060611
0.596016663371546
0.5955389685289014
0.5950660033381643
0.5948312724657244
0.5922957484034764
0.5932925803144704
0.5942845496307766
0.5931648982424541
0.5937774622809805
0.5947586761402052
0.5957351612579397
0.5952759998130575
0.5960267531845356
0.5955694829312759
0.5965301254896339
0.5960737182769169
0.5970263746017355
0.5965708517162813
0.5975156506583977
0.5984560346521866
0.5966106330188766
0.5975444047017033
0.5981342355833866
0.597683043695647
0.5969675190213778
0.597681760188585
0.598600294982675
0.596021430005481
0.5946699074884618
0.595586943896859
0.5964998401860309
0.5974086243297559
0.5974144476458689
0.5956460473268118
0.5941098426720259
0.5936934274389639
0.5945903514402023
0.595483324234387
0.5963723718734323
0.5972575201807273
0.5968328148524272
0.5966218501141867
0.5974987591356775
0.5983718637796348
0.5985196880283081
0.5993868161319187
0.600250206614393
0.6011098835894159
0.6006768648160136
0.6015301193783725
0.6023797353285253
0.59939977985006
0.5989812544612176
0.5985662387192419
0.5994060583035112
0.6002423713341928
0.5996863108383577
0.5992726746938002
0.5995847395495065
0.6004120438066357
0.5997364051033792
0.5995311861628373
0.6003535040557267
0.6011724517933175
0.6019880500514089
0.6028003193370182
0.6021545229345279
0.6005220055887717
0.5994771799882556
0.5990768694048019
0.5998819359321015
0.6006837757398528
0.6014824081883731
0.6007254018291591
0.6005247536183441
0.6001260960564786
0.6009194966595411
0.6017097550819974
0.6003223398745734
0.5993374533787573
0.6001246096589563
0.5999282868949191
0.6007112060986473
0.6014910670242358
0.6022678875563523
0.60142041436396
0.5998647833328344
0.5996076441114712
0.6003791130052833
0.5999937805177391
0.5994338160104107
0.5985370683366025
0.5982297456871051
0.5955916415531118
0.5941037436653593
0.5937920067254462
0.5936157059609246
0.5943781530416734
0.5932776739648822
0.5923095386180235
0.592881453973752
0.5936367759515373
0.5927323803625433
0.5931154998073445
0.5936817073722755
0.5944299915207611
0.5951755246245833
0.5954596062307768
0.5962005227028816
0.5969387301568069
0.5965855835988585
0.5973190643559515
0.5948113454797352
0.5944152890013934
0.5951447579060671
0.5958716075328067
0.5955285964146213
0.5951880310085086
0.5959083370031554
0.5957379847171818
0.5964547613400236
0.5971690007004837
0.5978807162469494
0.5985899213329335
0.5982433838238547
0.5978992738980269
0.5979029464961073
0.5986046865545783
0.5984329013863647
0.5991312789491711
0.5987876696633854
0.5994818086432065
0.6001735499063443
0.6008629058547816
0.6015498888051176
0.6022345109893013
0.602345029266621
0.6030259453123973
0.6031347328702679
0.6038119773534244
0.6044869143596366
0.6045926622377099
0.6041835683521388
0.6038310012849574
0.6045002056746787
0.6051671530512812
0.6058318548138212
0.6054767143614258
0.6055204366947708
0.6061801015163515
0.6068375637842708
0.607492834511297
0.6081459246369022
0.6087968450278708
0.6094456064789026
0.6091284952889725
0.6087683352385139
0.6083145708202187
0.6080731627457421
0.6087167207707901
0.6087795766769517
0.6087652074843545
0.6080025151271462
0.6082790220695738
0.6085546298024327
0.6091900930657405
0.6074882912543088
0.6081223974073713
0.6074261848119324
0.6080583487655364
0.607348715836117
0.6070046494392064
0.6074048705715323
0.6080320193405873
0.6086571676350999
0.6092803250114771
0.609901500965354
0.6104413398527105
0.6102663139575398
0.6099092713478211
0.6102095726569083
0.6108243840565032
0.6109123246590389
0.6115240977334744
0.6116509165632612
0.6113345923454093
0.6108995356020414
0.6115075050776632
0.6121135776126434
0.6120502053288676
0.6120013638917936
0.6121037936088792
0.6127051830761522
0.6121635905473233
0.6124534615495651
0.6126211934661449
0.6132171608608123
0.6116428750913007
0.610154670580318
0.6107498542893558
0.6113432234139147
0.6097021454443544
0.6093697147005837
0.6099606833621561
0.6094169361063221
0.6100060508331602
0.6096897766602186
0.6093603779315092
0.6099460445313121
0.6103802570394987
0.6100507637349032
0.6106319101376828
0.6112113269380731
0.6105104031192657
0.609073981808262
0.6087522296495356
0.6090011627101074
0.6073888244936313
0.6064982250442271
0.6051900165180478
0.6057663814574376
0.6063410660325725
0.605152353118062
0.6044070730279041
0.6049795664099187
0.6055504051867829
0.6032675484519929
0.6022553205194657
0.6028243400895381
0.6033917338894101
0.6032442421149602
0.6026660223649888
0.6025201899468567
0.6030839910958683
0.603646195074486
0.6034995950814528
0.6040596239019592
0.6046180729514627
0.6029173188784629
0.6019273684748767
0.6024848931688895
0.6021986225175798
0.6027534361542359
0.6033067043490071
0.6038584335501908
0.6044086301702599
0.6041097123598835
0.604658036858
0.6043689262589448
0.6049146242916911
0.6047701137899119
0.603938242931879
0.6037954706201594
0.6043389610582661
0.6026855028884761
0.6025452221468252
0.6022347921029687
0.6023225739484234
0.601223644852549
0.6010109186647496
0.6005836874547896
0.6003122616260281
0.6008523801913983
0.6013910409468755
0.6014790134882769
0.6010059596343222
0.6012062204412654
0.6011098520443051
0.6006134168951428
0.6004043553523708
0.6005288794589809
0.6006807577431288
0.6012131833994713
0.6009247708844458
0.600649818508192
0.6004902828667728
0.5996059818967063
0.5993066794515166
0.5998359969159136
0.5999021763395074
0.5993752960017741
0.5992445390333507
0.5993331357845115
0.5997396420486931
0.5993280753955681
0.5987306003529785
0.5981658108971795
0.597881716735271
0.5979713972436561
0.5981228481773047
0.5973735308327555
0.5970560862167008
0.5973193078947595
0.5973371729248325
0.5974268617912515
0.5975494468435982
0.5979253687043019
0.5984435061157655
0.5979558210308313
0.5971638258143479
0.5969991927043294
0.5964148467469615
0.5961884272993436
0.5954589401635845
0.5956914897013577
0.5951024984193601
0.5943708158513966
0.5940554194477149
0.5938091562250655
0.5931223867646384
0.5926247634902527
0.5923437844850442
0.591375283977726
0.5912602017560915
0.5917743398670902
0.5913341451063838
0.5911149889226451
0.5907658473325166
0.5901933410571734
0.5902889327141853
0.5901762124486245
0.5895650201637759
0.5891716443111763
0.5896826248530778
0.5881644238302322
0.5886741213254918
0.5882317172580551
0.5881077335059449
0.587793585047039
0.5870916928768545
0.5867533964988862
0.5866468198447107
0.5863297134746007
0.5859515861024233
0.5859262076510181
0.585943412776139
0.5862047761305028
0.5855009820285948
0.5860052387414554
0.585445086568015
0.5853413910746073
0.5849349166611835
0.5846923990679077
0.5843201187897077
0.5842182828974496
0.5842674767660896
0.5837383773272493
0.5842392938406943
0.584739006227905
0.584120793065399
0.5837474195398137
0.5828293635122065
0.5826360818730987
0.5823619829406375
0.5820184259252837
0.5819951897039441
0.581561653573913
0.5812932377805421
0.5810599307186617
0.5815563052083315
0.5816749583167455
0.5821694323612884
0.5816132832216777
0.5815170411424069
0.5808408072739749
0.5801815565526746
0.5795770249846552
0.5794388065262873
0.5794628547057888
0.5794056408625321
0.5790629438320207
0.5790237732045411
0.5789605935794456
0.5788687789357486
0.5786942175532117
0.5781088113542799
0.5783079900201499
0.5777964803515659
0.5778189378566186
0.5783064448567843
0.5779085519945888
0.5774073406937392
0.5773705710789646
0.5769623545860258
0.5767952021112079
0.576342393855788
0.576445858085812
0.5762153708339975
0.5760466348999832
0.5754603944491841
0.5755816690071875
0.5760650611837169
0.5763577440871863
0.576252645477703
0.5755985562092835
0.57544069348837
0.5756069239852374
0.5750971876458876
0.5749231260006141
0.5746725820395193
0.5747293209549201
0.575034979204018
0.5749209738399261
0.5748072246676637
0.5747126778809838
0.5747582742234766
0.5748037684465015
0.5742052308882121
0.5745568327407268
0.5750316577041857
0.5749480103711823
0.5744933540864333
0.5741015063313006
0.5737105293489572
0.5735470913681391
0.572911934013357
0.5730683209384371
0.5732331318790821
0.5732626758836306
0.5730440841792385
0.5725353474247581
0.5730056055684053
0.5718602190606416
0.5713220840409271
0.5710522898634453
0.5705226446029154
0.5700256684598348
0.569880989782477
0.568966216384258
0.5686735436787256
0.5676056816445114
0.5672612069355695
0.5670267713841576
0.5674953571294129
0.5671800778989653
0.5669995378580377
0.5666927516204909
0.5663089515818799
0.5662659018917742
0.5665172288789873
0.5664457818017811
0.5661062477011354
0.5662140295006696
0.5662891361461332
0.5667529980326079
0.5672158687612056
0.567277538058152
0.5668250642892809
0.5663989105111951
0.566376629271773
0.5664123608028339
0.5666228634796386
0.5663401244939762
0.5664735647141179
0.5669323228466955
0.5673901110889294
0.5669534226441113
0.5674102228311956
0.5676026251253672
0.5675793113572926
0.567858758278403
0.567756583359302
0.5676854851606038
0.5673072996957857
0.5668043145879778
0.5666597195189228
0.5663343897690977
0.5662133535369684
0.5657718976342784
0.5656455148705389
0.5654037748273161
0.5649577871573954
0.565126338497079
0.5647994439550696
0.5646947482783722
0.5644552437080357
0.5642162344935842
0.5642790276397684
0.5633573883057015
0.5635174218913804
0.5634520747495169
0.5636951866973591
0.563432350065937
0.5633672912453566
0.5633023657420314
0.5628215293184019
0.5622392131763373
0.5623457718023478
0.5624521131834531
0.5627522055907438
0.5631970151476199
0.5635683306084165
0.5640114084453622
0.5644535875443021
0.5648948706369623
0.5651665694858453
0.5653534586976898
0.5655060490529928
0.5653940807437018
0.565529772194565
0.56596730515308
0.56640395776359
0.5668397326804105
0.5672746325471972
0.5676250759114093
0.5677243159823063
0.5681570243747165
0.5685888673503418
0.5690198475028388
0.567746452967045
0.5674026477623237
0.5675013197493062
0.5674342876542224
0.5678634203053591
0.5682917023466818
0.5686429748424543
0.5690696385666458
0.569297830623398
0.5697230055191301
0.5701473418056004
0.5702650835106332
0.5706024638204267
0.5710246836200134
0.5714460739111528
0.5712532907179132
0.571673630628974
0.5720931471513747
0.5725118427021072
0.5719522025821637
0.5723702180093296
0.5727874177966376
0.5731550713855298
0.5735301232472122
0.5738639136590988
0.5735838848661496
0.5733506319034964
0.5737644528230856
0.5738251109466714
0.5739956577898983
0.5742867645038345
0.5746980816395796
0.5747225043406997
0.5751326080009305
0.575301073696498
0.5756679848278107
0.5760759963808609
0.5755912245989663
0.5751810105140807
0.5746828077768241
0.575090199723398
0.5751379602978254
0.5753051324199117
0.5747556528282975
0.574445771480179
0.5743748031565563
0.5741849223916453
0.5735435862374086
0.5732702440716698
0.5730425999438346
0.5726267570606735
0.5710527979942892
0.5706626581820585
0.5696600765520231
0.5700652930524449
0.5700217786881524
0.569644388163887
0.5693703350085948
0.5693990682778176
0.5691210253579014
0.5691499382555064
0.5680225341334088
0.5679590802769411
0.5680183718585734
0.5675274947213965
0.5672653428990644
0.5662119253635043
0.5664002545322123
0.5668021078644345
0.5672032170238194
0.5674185701995604
0.5675719110157654
0.5666169812906441
0.5661785408386796
0.5658413598618485
0.5657389717244828
0.5661381086990008
0.5665365126395894
0.5666283751662198
0.5664527304593763
0.5659340008527285
0.565095260187811
0.56488360546009
0.5646723369636241
0.5650691716610136
0.5654652835265318
0.5653462557383018
0.5657410366141071
0.5661351010091941
0.5665284508722864
0.566921088145047
0.5665145053130819
0.5669064451816958
0.5672976769385325
0.5670865177836542
0.5674768816089168
0.5678665420759359
0.5675671969594382
0.5679560753794387
0.5674457824096459
0.5664279424411981
0.5663090025263526
0.5660787808953851
0.5653661812268236
0.5649896134564406
0.5646646004435676
0.5645576430094047
0.5649447028822853
0.5642379095615832
0.5646242234715463
0.5639198738134846
0.5638633575678493
0.5642486372873123
0.5646332369013571
0.5650171582092043
0.5646172409870914
0.5641879327440773
0.5637894482923332
0.5637333942955913
0.5641164202883081
0.564498774305599
0.5639081857818987
0.5625180333300684
0.5620602861054302
0.5624417666924464
0.5624744544498942
0.5624201288373291
0.5620947466692088
0.5617807009218807
0.5611878444315991
0.5603913196571059
0.5607706196401454
0.5604506013461917
0.5597277905179798
0.5594619297535868
0.5598397497109164
0.5595314037385849
0.558239157974013
0.5582504213501485
0.5579637078696638
0.5574880354844381
0.5569162122646649
0.5564430464088751
0.5560080285184444
0.556384292901056
0.5559131800366182
0.5549269135331469
0.5539002235885909
0.5542754126351943
0.5546499711119715
0.5546040853259832
0.5542586600386771
0.5543528830115421
0.5538886008649663
0.5537984861478008
0.5541712526589555
0.5545433968554004
0.55491492029422
0.5539459146695256
0.5543166994453613
0.5542254434196131
0.5539314803960285
0.5543013547903932
0.5540492409918925
0.5544184055274952
0.5547869593690771
0.5542388068293846
0.5540566918471126
0.5544240257088531
0.5539677096383108
0.554334512508674
0.554700712580565
0.554450547791911
0.5545923215240528
0.5546841857413828
0.554502899211974
0.5542878122786309
0.5543797001399458
0.5542909169560438
0.5542466339895217
0.5546099211663844
0.5547916539486413
0.5543402368176822
0.5544524054806823
0.5548143450375623
0.5544992901038197
0.5548606045481799
0.5545267281610721
0.5542396619844234
0.5536900193850722
0.5537812767738296
0.5538185800209855
0.5541784037467751
0.5538213793369156
0.5537347801746678
0.553789351590622
0.5541477537178585
0.5545055805607816
0.5538942781254874
0.5539844960363204
0.5541697316795482
0.5543261456318808
0.5538837464733558
0.554239501061495
0.5543290844603835
0.554046975316705
0.5540835330133504
0.5536430850538804
0.5534680971653017
0.5533832944735249
0.5526125634714554
0.5526148917879776
0.5529685559051413
0.5533216613112194
0.5530822598421498
0.5534347186277632
0.5533926108904679
0.5537442702519714
0.5527905990737862
0.5527078551880906
0.5521932941516839
0.5521118057923526
0.5519411517576732
0.551001987988598
0.5513508597928027
0.5516991898706033
0.5516590818877712
0.5508941356191979
0.550725875137925
0.5506475340180209
0.5505533394922134
0.5500516766604376
0.5502054830630065
0.5501283625053061
0.5496680429309114
0.5497576970487166
0.5495919816094246
0.5499365937122483
0.5502806788852511
0.5488570589293003
0.5492006559902832
0.5488568360111723
0.5491999106605934
0.5491251955343055
0.548758408150118
0.5491002578409134
0.5486109904384019
0.5487630969410919
0.549103653094344
0.5482397141189802
0.5485796390895453
0.5485066418858044
0.5484338637284364
0.5484790374828932
0.5484064640734877
0.5479962872118023
0.547848307923901
0.5481859865587599
0.5481500268672982
0.5479898354478098
0.5480556877584774
0.5480943655784636
0.5482953235045078
0.5486311634126829
0.5485950332764179
0.5487180404635071
0.5490528193652404
0.5493518024141772
0.5493152455235001
0.5494637908636011
0.5488979414560669
0.5492311039808409
0.5495637747528107
0.5494239784587452
0.5497560167944425
0.5498421071109905
0.5498337328882904
0.549760501833348
0.5496015978917181
0.5498586766900367
0.5499171597933649
0.549880590445531
0.5502101068507684
0.5498076122590707
0.5501367002618053
0.550319215455186
0.5502824861008392
0.5506105076281179
0.5505979149354832
0.5509252289085819
0.5512520664421273
0.551578428575624
0.5514198202215235
0.5517455865103967
0.5520708799889814
0.5521539806319673
0.5521161878923789
0.5515239172049184
0.5515770452474311
0.551567568725187
0.5516205885311616
0.5515461536522414
0.5517663241878975
0.5520890266182877
0.5519487775754998
0.55163655491644
0.5517790573913565
0.5514855025352658
0.5518072489466466
0.551730286362774
0.5516562272555975
0.5516703705633035
0.5512760386329508
0.5515965557482131
0.5516311049589566
0.5513033404498261
0.551623152751715
0.551489259027274
0.5518084837539449
0.5517123658186054
0.552030978209637
0.5519432938704053
0.5517153491840312
0.551749593617234
0.5520672763999291
0.5519935789103326
0.5520746772750824
0.552077137259733
0.5520795937698288
0.5520061387715639
0.5520869425262469
0.5519554620141753
0.5520523653993967
0.5519766917559685
0.5519401656198083
0.5519036907844012
0.5522181443347279
0.552144958428162
0.5516859130608303
0.5519992003333244
0.5516137260314157
0.5515777080788467
0.5518904153953886
0.5510861904502347
0.5505519034123145
0.550864020146056
0.5511757036851636
0.5514869549308742
0.550838542712595
0.5503071846544403
0.5506179606152872
0.5509283073275695
0.5512382256800005
0.5509378743466486
0.550488896614159
0.5507978389532558
0.5507281095929906
0.550658571403007
0.5507380290025027
0.5506686199340998
0.550975750064015
0.550678627310799
0.5502344611786925
0.5505406324100207
0.5508463870818506
0.5511517260437256
0.5514566501428808
0.5517611602242501
0.5516909756002173
0.5519947080015721
0.5522980291200545
0.552600939790474
0.5529034408453823
0.5530366141961625
0.5527757296941169
0.5530775004568065
0.553378864246114
0.5536798218847622
0.5539803741932573
0.5542805219898971
0.5539077711344903
0.5542075642990505
0.5545069547864252
0.5548059434073739
0.555104530970481
0.5554027182821629
0.5557005061466759
0.5559978953661225
0.5559230318696438
0.555913508579595
0.5562099615111173
0.5565060189083747
0.5568016815624358
0.557096950262261
0.5573918257947096
0.5573155068774294
0.5576096493977766
0.5579034012906068
0.558196763333546
0.5581581713154202
0.5584509757081867
0.5587433922805654
0.5587045151182355
0.5589963772114113
0.5592878534987797
0.5594845873188882
0.5597753565681826
0.55969654924245
0.5595913472996025
0.559881280579853
0.5601708323689452
0.5604600034193271
0.560279487179048
0.5603493408753628
0.5606378255598278
0.5604575478287815
0.5607455835117248
0.5607058025140091
0.5608296861511073
0.5611169133020876
0.5610370740946388
0.560997232662462
0.5609574432086706
0.5612436508728109
0.5615294856279426
0.5614494212354534
0.5617345646546762
0.5620193375171487
0.562303740544735
0.562587774457425
0.5627093128656887
0.5629927157737472
0.5632757515795932
0.5635584209960466
0.5638407247340828
0.5630308131863819
0.5622191447955334
0.5625008570575697
0.5620593011351723
0.562340392726228
0.5619002766607709
0.5618210696528876
0.5614618490201172
0.561600070060857
0.56188001893055
0.5621596104947295
0.562438845437016
0.5627177244392869
0.5629962481816823
0.5629458819942604
0.5632239062423557
0.5635015769949034
0.5635359769198264
0.5634553475074916
0.5637321671983555
0.5640086360404352
0.5637166419863755
0.563992596039515
0.563911746265618
0.5641870545066119
0.564371884666004
0.5646465556088375
0.5647633504698275
0.5647124106822154
0.5649863487497534
0.5652599422411058
0.5651779573890441
0.5645233780960459
0.5644425217325171
0.5647152565341874
0.5643618677628894
0.5643216164384598
0.5637728074235461
0.5640451090418834
0.5641091274808259
0.5636780394469265
0.5635988379053258
0.5638700629905307
0.5641409511501639
0.5644115030116473
0.5643715455035756
0.5646416189409572
0.564561567400473
0.5648310218760916
0.5644817138848262
0.5647508846426229
0.5650197228855861
0.5648045535791264
0.5647246958421219
0.5649927225072437
0.5649527269857009
0.5649127806591414
0.5645600349553559
0.5643194142049152
0.5642799544415993
0.5642405430654854
0.5645075525366463
0.5645387081170798
0.564262062640876
0.5641835026620974
0.563894391842456
0.5639571343789788
0.5642231763958311
0.5644888939711995
0.5646019415678045
0.5643442145275159
0.564609373252697
0.5643699151004388
0.5645242080506403
0.5647887741453848
0.5647654147132829
0.5650295133694034
0.5649467613470882
0.5646665294326743
0.5644142469485528
0.5645265869927728
0.5638439671777875
0.5641075055661998
0.5643707256715342
0.5644525779795176
0.564413704289542
0.5646762638409045
0.5649385070554582
0.5645656593223185
0.5646270549972098
0.5645381364946073
0.5647996751513673
0.5650608998361504
0.5653218111139932
0.5650833164372794
0.5653439016281497
0.5650461997817747
0.5651469102147798
0.5651079467517327
0.5653678941834412
0.5646928280411326
0.5648440744552977
0.5648613111431598
0.5651206309815727
0.5650818456146987
0.565004413317715
0.5645876353034168
0.5648214510385889
0.5647829813347085
0.5650411171702158
0.5652989469762797
0.5655564712967913
0.5658136906743539
0.5656564044668543
0.5659132605257148
0.5661698129722126
0.5664260623443496
0.5664852362548113
0.5663789698241971
0.5665167180731214
0.5659475974786105
0.5662030727008126
0.5664582473639298
0.5663418233811359
0.5665966166693961
0.5667923908228492
0.5665436025317895
0.5666023257365607
0.5663170957683681
0.5665711572236883
0.5659103465036449
0.5655803959590546
0.5658342940327197
0.5654979758584582
0.5657514776228348
0.5654976486461503
0.5654213555201791
0.5656743116578274
0.5650571132965163
0.5647581994688692
0.5650108064337741
0.5649730971492998
0.5652252866581987
0.5646833027966631
0.5644422523599452
0.5641902065059257
0.5638640849992749
0.5641160410449136
0.5639965415161019
0.5635046193228883
0.5632259423088694
0.5628652906769651
0.5626493152507989
0.5629008107566926
0.5631520171872922
0.5628859907558234
0.5631369172823699
0.5633875558840439
0.5636379070561287
0.5638402158008912
0.563680922599238
0.5639306759348995
0.5637432194729957
0.5639925090618682
0.563634070124583
0.5635977700275353
0.5632002668507453
0.5626540324358137
0.5624406679873364
0.5626892812441617
0.5623697529754257
0.5623601529711574
0.5621006125662739
0.5617819614253633
0.5616525287748863
0.5616176179431904
0.5615479147554718
0.5617957678279674
0.5619020979026408
0.56214947108282
0.562208453698838
0.5621383201546454
0.5620683445688857
0.5619932196865011
0.5616078378555687
0.5618539873009053
0.5616443922506519
0.5615827154070281
0.5615137537996294
0.5614793308820023
0.5614449464687573
0.5616900862415529
0.561934952115161
0.5617328667147617
0.5619774354275325
0.562221731336385
0.5624657548975129
0.5627095065660938
0.5629529867962908
0.5631961960412567
0.5631259390139735
0.5628343843401503
0.5630266422661641
0.5628991765009406
0.5628294434892988
0.5630716432435983
0.5629444348770921
0.563186302926413
0.563427903422582
0.5636692368093025
0.5632878859757331
0.563528764141218
0.5636774987438598
0.5636073693399568
0.5636640888211494
0.563904097573173
0.5641438424343201
0.564383323839576
0.5644394926165267
0.5641297014570226
0.5643687965193062
0.5643335066089338
0.5645473213749264
0.5645119723489818
0.5638245144859239
0.5640627315724962
0.5639107946479012
0.5638759278750436
0.5641137272600626
0.5641696144205022
0.5639984980727787
0.5639636594782915
0.5638744518289563
0.5641116054712462
0.5642126317726205
0.5644493440856174
0.5644286418301279
0.5645293316609308
0.5647654871209845
0.5650013865859596
0.5652370304718827
0.5654724191938795
0.5657075531661772
0.5659424328021068
0.5661770585141056
0.5661055930081509
0.5663397508100892
0.5665062342238918
0.5664345680232196
0.5663630561093086
0.5665212605526491
0.5667543136383734
0.5668631134533075
0.5670957326190146
0.5673281020593695
0.5675602221762903
0.5673298580005834
0.567561728387507
0.5677933503862282
0.5680247243956574
0.5682558508138513
0.568486730038015
0.5687173624645045
0.568643985675968
0.5688741649792359
0.5688907654245803
0.5691205677884265
0.5693501252909365
0.5691288771698265
0.5690553358111352
0.5691072291289744
0.5693361838425084
0.5691665947910786
0.5692436219245683
0.5694721398970221
0.5692530401409791
0.5691134712425248
0.5690403352941199
0.5692682356985123
0.569349078186104
0.5695765747110981
0.5695398394551789
0.5693272414748156
0.5695543895542066
0.5695704389007779
0.5693032785009354
0.5694548527919528
0.5694182976062728
0.5691577272624895
0.569085044417232
0.5688534898393894
0.5690798134667704
0.569305899608708
0.5695317486388032
0.569442895521068
0.5693192131940968
0.5694399884751471
0.5696652946036268
0.5692657490786884
0.568896335066561
0.5691212196074756
0.5693458696493905
0.5693097331878744
0.5695340510351723
0.5697581353396829
0.5690937028506654
0.5693174340537543
0.5695409330500939
0.5691577905585956
0.5693810248640057
0.5696040279583278
0.5693092018569001
0.5692733460877035
0.5689077365638073
0.5685270268253514
0.5687495502772207
0.5689718443234696
0.568608017492296
0.5679883751220612
0.5679185718621823
0.5677811072280816
0.5677463476859134
0.5679679026076531
0.5676076652955635
0.5676583348614822
0.5669588243041527
0.567072410245912
0.5670040039121579
0.5667878230451574
0.5670085118770244
0.566847102247759
0.5664157798068733
0.5665091118964479
0.5662212515753623
0.566441555662932
0.5665166034591872
0.5667365341525108
0.5669302366953939
0.5671497348014783
0.5673690105183976
0.5675880641839579
0.5673468298857418
0.5675656731685512
0.5677842951740272
0.5680026962376078
0.5676474953855831
0.5677814771495507
0.5677977163243745
0.5677294406785292
0.5679469900289678
0.56787866726373
0.5680120615682875
0.5682290319040142
0.568194780381974
0.5684114413050136
0.5685025087868065
0.568433868998443
0.5683161421403232
0.5683653666270732
0.5685812919063993
0.5687970012604461
0.5690124950129396
0.5692277734869592
0.5694428370049387
0.5696576858886687
0.5698723204592978
0.5698026918390096
0.569945789530894
0.5701598533489473
0.5703737041681767
0.5705873423063327
0.5708007680805344
0.5708897890601268
0.5711028527199777
0.5708194269866179
0.5707567409833727
0.5704613698552695
0.5706741180623744
0.57088665562769
0.5707808942231949
0.57099316875622
0.5709230174036941
0.5711349072716428
0.5709401075090386
0.5708701468507457
0.5708528201572334
0.5707830487932183
0.5709728808258646
0.5711839123650551
0.5711139527460231
0.5713246040462461
0.5712546093415883
0.5714648817254325
0.5716749479598808
0.5713948524439769
0.5715435327317125
0.5711940801164581
0.5714036626774961
0.5713339325381626
0.5712643384576376
0.5706383172268525
0.5706850691009713
0.5706993342741581
0.5709081380999003
0.5711167389078244
0.5708648024841313
0.5709652944585333
0.5711735637330679
0.5711045302085936
0.5710356304700194
0.5712433613995739
0.5690388525277955
0.5692466447879074
0.5689058937362157
0.5683586057191534
0.5680199525889145
0.5682273361930485
0.5684345207726104
0.5661267346277278
0.5659757667506372
0.56591281277473
0.5637610530303395
0.5639682924350756
0.5639075726510842
0.5636400643149119
0.5633127691027163
0.563519533890073
0.5629864028267901
0.5631930286410564
0.5631631642607913
0.5633695113726189
0.5630475224258039
0.5629880716738701
0.5631940150896695
0.5630229392464807
0.5628755649812988
0.5628164158138658
0.5630219558158338
0.5632273026411084
0.563432456561897
0.5633729235196052
0.5634213727424697
0.563157227701334
0.5628344413328396
0.5630390110842046
0.5632433894700399
0.5634475767587402
0.563076926679252
0.5627554570990105
0.5626969711184896
0.5629006520821046
0.5629046222493982
0.5631080170273184
0.5633112226007941
0.5635142392337087
0.563717067189455
0.5633793540351474
0.5635819622235301
0.5634751678687573
0.5632618760851286
0.5634641633125093
0.5636662632369016
0.5632373397741477
0.5631030309128223
0.5631508884154812
0.5630062459727951
0.5632079974751161
0.5634095627739277
0.5636109421268918
0.5632006091806087
0.5634017138725145
0.5636026334703642
0.5638033682295774
0.5638889758763684
0.564089394545543
0.564059955227883
0.5639157587378795
0.564115889183617
0.5640004690509639
0.564200377134847
0.5644001019849227
0.5643706012510772
0.5641121898036179
0.5643116807922661
0.5644601607593734
0.5646593102057569
0.5648582776142551
0.564127910106176
0.5643267568625144
0.5642974240960473
0.5641804664313237
0.5643790174716738
0.5643497009792005
0.564547994242296
0.5644892875626758
0.5644599742501473
0.5646578570424008
0.5648555601045977
0.5650530836814908
0.5652504280173885
0.565447593356156
0.5649057714448932
0.56510273578557
0.5652995218779747
0.5654550132335663
0.5656514621425928
0.565783179899032
0.5658287460628838
0.5657048676174944
0.5656000541153364
0.5656978938996182
0.5655386065077166
0.5654796158627952
0.565675081622641
0.5655706114120792
0.5652870798654377
0.5654822809970652
0.5656773069032605
0.5656184034889974
0.5658131061319875
0.5660076343102438
0.5658437258309289
0.5660380661506107
0.5659339477019228
0.5661280738433799
0.5660240082463704
0.566217920664491
0.5660766889000137
0.5662704046638977
0.5664639475444582
0.5662856258313103
0.5664789893507791
0.5666721805319953
0.566865199605255
0.5669944416611489
0.5671871455144372
0.5672907099514859
0.5671753404315291
0.5673676214886452
0.5667061169617376
0.5666322224063467
0.5668242329413905
0.5670160734051011
0.5669864071486137
0.5671780060835037
0.567369435536806
0.5673098956026152
0.5673905891116247
0.5667500192980671
0.566941046626419
0.5670918398668177
0.567282548307405
0.5667537987935809
0.5666072020473887
0.566577937020127
0.5667682848738732
0.5660225371306181
0.5660666599405857
0.5660087828841331
0.5658259680694799
0.5660158954675248
0.5662056567725238
0.566395252202256
0.5663225587762175
0.5662646604272203
0.566206863078396
0.5662402764523187
0.5664292785105094
0.5660484365249229
0.5662372753253908
0.5664259498467803
0.5666144603033687
0.566513077805772
0.5664553156887022
0.5666434861246012
0.5663976538095797
0.5663400919077075
0.5665279861486487
0.5664212178566831
0.5664757141659692
0.5666633058084763
0.5668198404636505
0.5670071211206054
0.5667044348669948
0.5668914420163833
0.5670782878136152
0.5672649724674257
0.5674514961861897
0.5676378591779233
0.5675796259801809
0.5677656932667643
0.5677365467320259
0.567922386565761
0.5681080666746713
0.5682935872645877
0.568393074775423
0.5685783137991245
0.5687633938875848
0.5689483152452659
0.5691330780762794
0.5688169041336018
0.568758010762499
0.5686992181068663
0.5684561842529744
0.5683557473239186
0.5682973984145512
0.5680496204865028
0.5682337425579067
0.5684177077293775
0.5686015162013838
0.5685431319322762
0.5683786381210835
0.5675042309711054
0.567687803029267
0.5678712193198783
0.5676303918307689
0.5674901678856363
0.5671927629306589
0.5670320804241288
0.567215230982325
0.5669470862393137
0.566732416380071
0.5666338525781086
0.5668167846791732
0.5668940771750891
0.5670767452150828
0.5672592592348066
0.5672025960004049
0.5671460281586537
0.5668511823896432
0.5670331776911601
0.5668063518224591
0.5664984992401491
0.5663447666481859
0.5665265927418345
0.5667082664246752
0.5665232189733034
0.5664675277058497
0.5666489220457218
0.5664716774705697
0.5665389019897178
0.5667200390971187
0.5665212876567728
0.5664935125888576
0.5664380319776028
0.5663826438725778
0.5663427295356701
0.5665233448086664
0.5664956498274805
0.5662599046548515
0.5659969026551385
0.565623982925917
0.5657212747553375
0.5656667568998789
0.5658468287253765
0.5657922746005004
0.565765031422612
0.5657378107970232
0.56577956870181
0.5657523645791045
0.5655184859662153
0.5656980237819317
0.5658774132805762
0.5660566546458607
0.566002152455559
0.5660043901541045
0.5660458832606637
0.5660186702885744
0.5659228361300261
0.5658074764962608
0.5657803952302131
0.5659590129203693
0.5659047926055971
0.565946190253116
0.5659191076287821
0.5658650090587134
0.5660430791944563
0.5657157214792695
0.5658936339243825
0.5659349005225571
0.5660614110012625
0.5661273730782967
0.5659542564197195
0.5661317076640288
0.5663090138725845
0.5664861752231267
0.5662862719571815
0.56619118912509
0.5659966724809382
0.5658066248983603
0.5659836299432448
0.565784338764345
0.565730768455905
0.565786516088891
0.5656580431368614
0.5655296746768627
0.5652997845652054
0.5651861781048839
0.5649566142632492
0.5648794901811285
0.5650560812971264
0.5650296893777361
0.5648005613609568
0.5647146840261815
0.56445975111081
0.564433654045583
0.5639769925131837
0.5641533059007642
0.5639926403230625
0.5638096578870173
0.5637016153338708
0.5635188981339423
0.5635336201282385
0.5637096856304055
0.5638856091442641
0.5638598592010379
0.5637222130942777
0.5638979190092619
0.5640734834541051
0.5639806302749821
0.563728132783808
0.5637025185825283
0.5638778088522822
0.5637852207095035
0.5636592531379622
0.5631817159449334
0.5626385794553452
0.5627135840272206
0.5626634131599988
0.5627049978275345
0.5625692824020687
0.56254429466948
0.5627189276855801
0.5626939001805179
0.5627686134233658
0.5626536776938993
0.5628279887031883
0.56267838457041
0.562511258279919
0.5624863831274002
0.5626604140012557
0.5627775044359044
0.5629512812624402
0.5629262708209374
0.562727531237609
0.5629011209433503
0.5630745728794839
0.5629395868128524
0.5631128172580316
0.563285910436614
0.5632212427493124
0.563130234075751
0.5633031148695478
0.5632530530942456
0.563425680345987
0.5635981711874148
0.5637705257801529
0.5637453498915701
0.5636886232341544
0.5638607381756794
0.5638848467174081
0.5640567486304088
0.564228515080909
0.564400146228967
0.5645716422343886
0.5647430032567285
0.56491422945529
0.5650853209891259
0.5652562780170389
0.5652699297742032
0.5650504121895468
0.5652211145395509
0.5653916829528347
0.5655621175869708
0.5657324185992849
0.5659025861468557
0.5658767723645811
0.5660467501357775
0.5662165948519671
0.5663863066693176
0.566458114918567
0.5666275996273556
0.5667969518744728
0.5667447871326731
0.5669138953344167
0.5670828715750198
0.5672517160088829
0.567193008387307
0.5673616782983019
0.5674003635294543
0.5675688213318182
0.5677371479875863
0.5679053436498479
0.5680734084714544
0.568163582107352
0.568331415926976
0.5684991193395917
0.5686666924971298
0.5686012162966263
0.5682570726067142
0.5682693808375763
0.568436718286864
0.5681900593261461
0.5683572331320593
0.5685242775464818
0.568691192719578
0.5688579788012796
0.5690246359412869
0.5691911642890685
0.5693575639938622
0.5693307850116252
0.5694970023852216
0.5696630915046718
0.5698290525183607
0.5697752343661306
0.5699409603929543
0.5701065587909546
0.5702720297075093
0.570389277868453
0.5705545127615804
0.5706235037216875
0.5707885215911257
0.5709534126700381
0.5711181771044966
0.5712828150403491
0.5714473266232192
0.5716117119985076
0.5716365401903654
0.5718007270281613
0.57174572838624
0.5719096848455103
0.5720735158118917
0.5719311770529736
0.5720948744996073
0.5720885521299803
0.5721050962886561
0.5718591206519332
0.5711776732700774
0.5713410964128861
0.5710963583348869
0.5709788319333129
0.570761647136077
0.5706713702106767
0.5705811619108373
0.5703109479830725
0.570257601285058
0.5704205676857842
0.570330693828941
0.5701416441425444
0.5698727474989307
0.5700354895543606
0.5699825326624479
0.5701450487120843
0.5703074419690876
0.5700656092458191
0.5702278486385566
0.5699599694278835
0.5701220041040599
0.5700014308445103
0.5701633278961502
0.5703251030832424
0.5704867565433314
0.5704337589820206
0.5705534339650747
0.5705004460311918
0.570286294212111
0.5700971685736788
0.5700446219705501
0.570205714281539
0.5703666859241302
0.5704339391304484
0.570381238839292
0.5704172468526905
0.57027119509869
0.5702187147438739
0.570041934608493
0.569803275447711
0.5699636171266347
0.5698494294540388
0.570009574863773
0.570169601073351
0.5700318891681898
0.5696751089127069
0.569556358872249
0.5688967797047827
0.569056625170224
0.5690310296827629
0.5689190013896854
0.5689860684262078
0.5688494575160167
0.5688504120363396
0.5684990064061353
0.5683559916194345
0.5685154463694827
0.5684901452445309
0.5684033394815514
0.5679589405071988
0.5680128759195756
0.5679627743535207
0.5679127465475925
0.5679665997366058
0.567916624295623
0.5677691601436095
0.5677193847780981
0.5675674489370806
0.5672403964226695
0.5673532528962952
0.5673038917728829
0.5674623885158232
0.5673766583601356
0.5675350124383347
0.567449318446712
0.5676075301078507
0.5677656260749044
0.567923606474731
0.5676305042542721
0.5676058125769248
0.5675811389226997
0.5677388984488132
0.5678965429059799
0.5680540724200499
0.5682114871166899
0.5683687871213833
0.5679549765737885
0.5681121981980338
0.5675835407663384
0.5675033646161727
0.5674183046701926
0.5675753786336385
0.5675263398973296
0.5675018472096628
0.5676586630736187
0.5678153652617036
0.5677002147670436
0.5676756945878452
0.5673028794480403
0.5672541974375895
0.5674106492823338
0.5675669880429834
0.5677232138421009
0.5677890415005183
0.5679450743375217
0.5678604075237346
0.5680163020376149
0.5681720841140528
0.5683277538746462
0.5683932213507273
0.5685486992969266
0.5687040652676516
0.5685713424219829
0.5687265884304672
0.5687275603667975
0.5688826385543679
0.5690376052551032
0.5690897964548987
0.5692445774188157
0.5693992472294374
0.5695538060064548
0.5694092465736095
0.5695636908897596
0.569718024453442
0.5696680652814939
0.5697028069009012
0.5698568696266797
0.5700108220713374
0.5701646643532438
0.5700561171437708
0.5700205547977394
0.569970522246973
0.5700267016059107
0.5701802086742414
0.57033360617293
0.5703339968134066
0.5700806105017743
0.5702337702415314
0.5703868208931547
0.5705397625731501
0.5706925953978572
0.570642316169267
0.5707949495442513
0.5707697914242994
0.5707195287883446
0.5706056773404254
0.570758052898502
0.5709103203504713
0.57106247981134
0.5710372892832253
0.5709869617669071
0.5708092718824703
0.5709611440438708
0.570910959359257
0.5707907254502468
0.570942389504858
0.5710939464142523
0.5712453962919308
0.5713759755627731
0.5713256221408594
0.5714375979048749
0.5713872542840822
0.5715382274245245
0.5714878870023932
0.5714275251977461
0.5715783248018285
0.5709257460789591
0.5709100824706006
0.5707974429190138
0.5707141221788083
0.5705427709542005
0.570493319309648
0.5704335809356782
0.5704839669718779
0.5706343577397449
0.570497454760221
0.570385353516863
0.5704656383582907
0.5704410086349917
0.5704746304582033
0.5702508353252018
0.5702263149638318
0.5701669198783594
0.5702470848871217
0.5701478754034492
0.5700442084105332
0.5701940187908779
0.5703437248101079
0.5702263813590366
0.5703759718980692
0.5704094759672302
0.5705588987581981
0.5707082176390194
0.5708574327180465
0.5707749017592609
0.5709239900184623
0.5709572340034096
0.5708203070177212
0.5707379034876434
0.5705679659841125
0.5704196612604208
0.5705685625910064
0.5707173607328667
0.570750595684697
0.5708992277499031
0.5708746866534165
0.5706282744611757
0.5707766919259316
0.5706485728202213
0.5707968807397997
0.5706491114932933
0.5707973168396885
0.5706003543425042
0.5705516644429577
0.5706996990294992
0.5708476315935829
0.570823226622314
0.5706023500463261
0.57075011248609
0.5708977732661085
0.5708733930139537
0.570849029523746
0.5706528614723634
0.5702609295620115
0.5704084541313345
0.5705558774483793
0.5707031996173507
0.5703750556773717
0.5705222883519168
0.5706694201476167
0.5708164511681141
0.5709633815169097
0.5711102112973625
0.5712569406126902
0.5712895704779617
0.5712651979752342
0.5714117238815994
0.5713531616254048
0.57138571405199
0.5712930593186162
0.5713058247086692
0.5713590375720483
0.5713609352662334
0.5713511133283621
0.5713267946121628
0.5714728502187686
0.5716188063324543
0.5714922762656064
0.5713828507120783
0.5713585625696107
0.5713909802920928
0.5712560643432015
0.5712129604615228
0.5713161840563371
0.5712919598090354
0.5711158442297954
0.5707961185126391
0.57085690680351
0.5710024283678358
0.5708653653977676
0.5708752381983783
0.5707734072471831
0.5706973423771887
0.5706099363709676
0.5707552460371703
0.570900457388308
0.5706173545251227
0.5701054707001185
0.5699805616651202
0.5698209345296519
0.5697738695249134
0.569918824420626
0.570063681670737
0.5696330544501911
0.5697777642503087
0.569922376766527
0.5700668920969146
0.5700433560229822
0.5701877336737468
0.5703320143942323
0.5702848275345247
0.5704289305433997
0.5705729369361107
0.5707168468097915
0.5708606602614466
0.5707811132664941
0.5709248089098599
0.5708174043553385
0.5709609917075112
0.5711044830146326
0.5712478783730361
0.5707868194880041
0.5709301293980249
0.5710733436405488
0.5712164623113395
0.5711927076541309
0.571335691079388
0.5712221689259512
0.5713650472435368
0.5714430587386441
0.5715302682872936
0.5715397455614989
0.5716823280088994
0.5717139262586192
0.5716187517255825
0.5716087975597272
0.5717511202183452
0.5717034767122241
0.5717626524584198
0.5719047351881947
0.5719969724236216
0.5721388832417834
0.57228069998582
0.5723395864338034
0.5723005688346354
0.5724421911628359
0.5722721750550069
0.5723475317144858
0.572243962983935
0.5721925154653116
0.5723339394271412
0.5724477308108952
0.5723246889440928
0.5724659291392896
0.5722769341148131
0.5723280878419279
0.5724691871201061
0.5726101933248818
0.572298650679315
0.572062596694449
0.5722034582491908
0.5723442271013629
0.572484903342448
0.5726254870638086
0.5725424412100729
0.5725186020903851
0.5726441036844898
0.5726202468359892
0.5727605553563976
0.5729007717806325
0.572876854204589
0.5725480356585063
0.5725242572135183
0.5726643213494247
0.5728042937302471
0.5727566313448262
0.5727328235466114
0.572758099037764
0.5727343063304265
0.5726867675681191
0.5726630214826672
0.5725576449243777
0.5726971951545688
0.5726190737897446
0.572497501498133
0.5724139977113357
0.5725533673339852
0.5724754201088302
0.572419239190228
0.57239565754282
0.5723720912480469
0.5725112477429222
0.5724876591782694
0.5723321622173819
0.5724711507899469
0.572491908582531
0.572323082667867
0.57235370375972
0.5723801451776585
0.5722226290718168
0.5721451682106823
0.5720610044608572
0.571911636381353
0.571726371840899
0.5718650614873236
0.5720036613379267
0.5721421714798884
0.5722805920002767
0.5721278492473658
0.5721584146587527
0.5722966957141312
0.5722841065825057
0.5724222577108706
0.572560319623137
0.5722123189866156
0.5722965515718887
0.5722530828354903
0.5723909767481803
0.5725287817830664
0.5723210337754767
0.5724587282269334
0.572435407104234
0.5724121009886921
0.5722762334747041
0.5721826559076705
0.5723201735367583
0.5724576027869073
0.5725949437432879
0.5727321964909619
0.5727230865847721
0.5724744257561551
0.572378154442405
0.5725152566692591
0.5726522710100702
0.5727891975493172
0.5727765595402794
0.57291335859262
0.5730500700655418
0.5731066940431208
0.5732432562011364
0.5732091735054106
0.5731199498716362
0.5731924586764071
0.5731280472517352
0.573081349903554
0.5731402373621152
0.5731396912019577
0.5731115281377301
0.5731004790338793
0.5730320665655988
0.5730442013790294
0.5729981762841561
0.5729516954332906
0.5730314464569479
0.5728533752112857
0.5729891928980229
0.5731249242416663
0.5730134203643166
0.5729902267746201
0.5730067430570035
0.5726199980604392
0.5725739486006671
0.572172389574439
0.5722314295681316
0.5721857134734681
0.5723210549117872
0.5724563107451485
0.5721365954201937
0.5722717813300136
0.5724068818412801
0.5724366449561602
0.5723909291814956
0.5725258216328579
0.5726606290054114
0.5727192544974194
0.5728539159362794
0.5729884925223109
0.5731229843356896
0.5729420534583706
0.5730764329255014
0.5730304729047935
0.5726474721449083
0.5724822453551934
0.572616431718861
0.5727505338739539
0.5725253766320662
0.5726593392216518
0.5727932178747779
0.5729270126703072
0.5730607236870041
0.5730150035845717
0.5731485616065971
0.5730403099269431
0.5731112348300909
0.572886653592348
0.5730199598802406
0.573153182981682
0.5732863229745137
0.5732406332469735
0.5733736215195672
0.573506526933424
0.5734607569913732
0.573236687855767
0.5733693878906377
0.5734575984810176
0.5735901473938576
0.5737226139526045
0.5738549982339857
0.5738320690200043
0.5739643371550074
0.5740965232123593
0.5740505718801345
0.5740792811469624
