0.19444444444444445
0.43115106808052867
0.5455855232826188
0.4507541329118093
0.4073744758392062
0.47616224913201805
0.4869544679905158
0.5294667734794923
0.5765200961315431
0.5535464077386322
0.5677012283703419
0.5450109240901058
0.5537006199884316
0.5231364516717425
0.5360244690263042
0.5321752788067639
0.5470544299841659
0.5588635953233452
0.5493414681887568
0.5708013982750065
0.5675831528988698
0.564644754946745
0.5758401123795196
0.5928065078843389
0.5881058050924073
0.6015632312252666
0.6022463177948075
0.5849274792501591
0.5654298966084871
0.5557923730619767
0.56967386140379
0.5659245306323402
0.5632852937369912
0.5607968703785193
0.5551906895061814
0.5592634371665868
0.5530046249103232
0.5388250191433919
0.5324972508076642
0.5313350857842696
0.5203017165412256
0.529455698507946
0.5399122385411027
0.5437029662746813
0.5445461655738015
0.5423681204576807
0.5389524445299729
0.5375851603452557
0.529534159691116
0.5193508104662868
0.5284196630989983
0.535300780449017
0.5350837569132404
0.535732771458157
0.5422829142236439
0.5501745881163397
0.5509858529904065
0.5529138665516774
0.5463682579532363
0.5381558333388416
0.5401638151095889
0.5290076892519523
0.5360374252332664
0.53795844348964
0.5349928621830268
0.5297310593899359
0.5211891472463883
0.5257912528614084
0.532199479174092
0.5285443463334912
0.5226019612096701
0.5266374335749124
0.5292096809300126
0.5249219152280655
0.5208251800201091
0.5208929653220051
0.5192942301225701
0.5137226565649449
0.5179090396334903
0.5235147484749614
0.5138894132823486
0.5167584172817691
0.5112018422749346
0.5109583239646099
0.515176253883825
0.5139509745871885
0.5170935959073234
0.5163368339129184
0.5202565750492587
0.5183315714019865
0.5198299056975894
0.5204887494977563
0.5239987618789667
0.5243081422091292
0.5253666392103351
0.5216886632838622
0.5208609865734982
0.5172949125761741
0.5174927315096822
0.5209315848187489
0.5229942557090761
0.5182397624753572
0.5189276438458008
0.5193964021277898
0.5185543315270343
0.5227775391452183
0.5198879622002702
0.5182797326410725
0.5195479970344536
0.5236196241782294
0.5276228206137065
0.5271662450663726
0.5283096911450634
0.5321445717048596
0.5359175993524011
0.5384874014147247
0.5421501998161953
0.5414916029440672
0.5378902965408037
0.5399065250289513
0.5393018807103309
0.5410949325679808
0.5445195972503093
0.5478935261595663
0.5480741897033631
0.5513729182456744
0.5546238391279521
0.5568002349410089
0.5589455393853079
0.5620735852052703
0.5651575740418529
0.5564631594664742
0.553521522257691
0.5546151562170653
0.5559353240804635
0.5562310601604603
0.5539263618646538
0.5509040745384625
0.5538586529954462
0.5543923481960746
0.5572859043766196
0.5588518017677382
0.5599927652516832
0.5594589927098921
0.56134306780124
0.5546387794537245
0.5561627621900368
0.5576679303246661
0.5590614407311545
0.5617500904827938
0.5630376265913047
0.5603988457082246
0.5585930054908806
0.5602283645851809
0.5628305636113041
0.5625229640705681
0.5606953443976408
0.561561519252043
0.5583154989095457
0.5556873069675948
0.5539771523929815
0.5556996848063331
0.5538894838619305
0.5563957227166387
0.5570117615096557
0.5594728072790465
0.5598194891295613
0.5583134165833235
0.5607270044708463
0.5584559726142501
0.5602420964860049
0.5615311174726392
0.560285514568084
0.5619771256021152
0.5642825091515777
0.5665637525591611
0.5676889866377706
0.5685388225467622
0.5678358602642314
0.5679999630179853
0.5678855192740084
0.5680477136211094
0.5682855874993179
0.5704441595618214
0.5700054796811461
0.5702301288677969
0.5693915568044088
0.5678018826985817
0.569910166197613
0.5719979809248091
0.5718111951876522
0.5695962909372843
0.5686813726953756
0.5679783786900592
0.5686717783848253
0.5691340184238907
0.571156863407816
0.5727085874407309
0.5719659590259409
0.573343733370225
0.5733100651788832
0.5733014344736065
0.5745733541876624
0.5744409959661483
0.5757201899081243
0.5767304593229526
0.5774884514868156
0.5793746637569638
0.5805423553098568
0.5809234363335595
0.5816682670105041
0.5835030553130897
0.5831384131501504
0.584081289614715
0.5858818035124868
0.587666795738726
0.5883635047698903
0.5891936124232335
0.5909417247107942
0.5884377343518502
0.5900805193452086
0.5907224379313931
0.5903428461408852
0.5920497509486314
0.5937424905712513
0.5948309218380761
0.5949550744231046
0.5963418705661794
0.5944520398019636
0.596100608745858
0.5977358289533647
0.5993578619011334
0.6009668664718115
0.5998963323392577
0.5985023230470694
0.6000955677968827
0.6016762177265392
0.6014946403164172
0.6030574064328234
0.6029338562960881
0.6031818438850787
0.6039447049552915
0.600440218387098
0.6019652557214984
0.6024417099859517
0.6032791634017803
0.6027995834500396
0.6039510545990654
0.6051647210612412
0.6065618371645003
0.6080244325653757
0.6094761939262447
0.6109172411811294
0.612231593429109
0.6136519905227753
0.6147812785977905
0.6143638921301622
0.6135381600570202
0.6149283105604123
0.6163084958272208
0.6176788226278379
0.615232357734926
0.6159234476751235
0.6172758299016196
0.6186187217265261
0.6199522226995103
0.6212764309827873
0.6214340359678007
0.6227439527983619
0.6223206977887125
0.6235347495354782
0.6248240140918635
0.624492798268266
0.6244094894306188
0.6253060297677655
0.6255782470757838
0.6268389263785589
0.6280911447464161
0.6290777192558827
0.6303141268583631
0.631491207448918
0.6318400514814154
0.6329486385573312
0.6333336759304978
0.6323314950420632
0.6335291123220564
0.6336367017842143
0.634822343526013
0.6340648520952838
0.6352414924422444
0.6364105902228783
0.6354422922775442
0.6363583261335932
0.6363222679553914
0.634641701151402
0.635794250990041
0.636670010308581
0.637808975793507
0.6381595727441522
0.6344442958948098
0.6355760473007082
0.6364202289729002
0.6374396803775493
0.6372371923132887
0.6383465586976517
0.6392146390768568
0.640311251116137
0.6390309799981432
0.6401215208440703
0.6393982632511664
0.6404811513495113
0.6415575550879858
0.6426275325354844
0.6431951093235733
0.6430669339249869
0.6436162308120963
0.6427714294543782
0.6437352333897862
0.642218463701512
0.6420953778015076
0.6418899510387956
0.6427049857403554
0.6437376302902388
0.6447643229983361
0.6457851151736282
0.6468000575370276
0.647809200229779
0.6484960369496054
0.6480065325156307
0.6490036811487309
0.6499951961737345
0.6509811251985972
0.6519615152963539
0.6518753825398155
0.6510292801301228
0.6506701408254136
0.6516378135655094
0.6523115278596923
0.6532693473421725
0.6536724535307928
0.6533759661114059
0.6534122795009011
0.6543566602107079
0.6549939760495073
0.655733382758171
0.6558322322434399
0.6554435413397561
0.656125389102528
0.6558983198862439
0.6568183778544625
0.6566107218293068
0.6540450282698149
0.6527252423214676
0.6536391232627269
0.654548206928704
0.6547385852542118
0.6556400510890572
0.6565368217893461
0.6574289339405427
0.6583164237489868
0.6591993270467931
0.6600776792966725
0.6600946175675466
0.6592757192679684
0.659780482374792
0.6597980044722268
0.6606614613136679
0.6615205462217345
0.6623752923171342
0.6632257323868643
0.6640718988884049
0.6649138239538475
0.6657515393939629
0.6649269048696148
0.6641104350435276
0.6641167467265477
0.6613343756896928
0.6621624090009649
0.6629864031253528
0.661811967341147
0.6624290489375769
0.6632444377082591
0.6632526840430987
0.6624696975488872
0.6630597004473131
0.6614895748896276
0.6622936376571107
0.6615262918525853
0.6623245789001028
0.6615624916752196
0.6615744452466282
0.6623651591596034
0.6600749144322744
0.6608617780562738
0.6614617160298966
0.6607193633125177
0.6602233199206184
0.6608918728553104
0.6616660923236772
0.6589258988558958
0.6574317358199414
0.6582067771416158
0.6589783194054044
0.6597463862535905
0.6599492033631329
0.6577620435191834
0.6563201381405797
0.6556284561134089
0.6563886581970438
0.6571455113728213
0.6578990377214524
0.658649259129958
0.6579564676053731
0.6579754440739162
0.6587189757172338
0.6594592816267408
0.6594748820272602
0.660210357444048
0.6609426627081771
0.6616718182722456
0.6609794336115508
0.6617038365311843
0.6624251503125677
0.6589374111978736
0.6582682010454615
0.6576046027182268
0.6583209110807411
0.6590342285941424
0.6587029072845713
0.6580443889970834
0.6584566011464535
0.6591622693259029
0.6586868242934196
0.6583603081940504
0.6590618270683952
0.6597604708653863
0.6604562572235347
0.6611492036373643
0.6607078497489877
0.6587197453982854
0.657699798748685
0.6570651919126742
0.6577538160252994
0.658439680121441
0.6591228007611981
0.6585330074735238
0.6585492099818768
0.6583760079171584
0.6590538332982752
0.659728974222437
0.6584414174536437
0.6575031827378259
0.6581760645006199
0.6581927127401613
0.6588616115410612
0.65952789745602
0.6601915857650726
0.6593935476604713
0.6575015154690179
0.6574607087525982
0.6581207073869862
0.6575137181071898
0.6571556233125287
0.6563240106909413
0.6562331168769775
0.6531555932642731
0.6517640765716712
0.651563870298381
0.6512789758053389
0.6519332366387248
0.6508979722026922
0.6499635291032408
0.6505163263001729
0.6511647190157569
0.650311592111054
0.6507525852659115
0.6512998469555549
0.6519420203497436
0.652581832812336
0.6529571741413828
0.6535927837125524
0.653616684778282
0.6530570611543175
0.6536878664976732
0.6507731526601449
0.6505014893220186
0.6511300837656839
0.6517564211377384
0.6512134643537035
0.6506743789192875
0.6512959547575093
0.6513232561996216
0.6519414773765726
0.6525575101599769
0.6531713661490935
0.6537830568613526
0.6532425188758998
0.6527057674962994
0.6528758623083688
0.6534816635957887
0.653504633984414
0.6541072346209629
0.6535730674299023
0.6541724219845219
0.6541940009908814
0.6546575922358573
0.6552519853645391
0.6558443359051499
0.6560916011951925
0.6566804854397214
0.6566975558349811
0.6567145679695062
0.6572993813119772
0.6575420694389976
0.6573311887325365
0.6567987650820034
0.6573784968977432
0.6579562734628398
0.6585321046522963
0.6580001177239329
0.6581542213793367
0.6587258698385685
0.6592956096218097
0.65986345027244
0.6604294012703228
0.6609934720323322
0.6615556719128756
0.6614363308736333
0.6605735046991329
0.6603089684475693
0.6602097760652542
0.6607677238878071
0.6608866839032916
0.6608961437768816
0.6601381512313498
0.6604880890957938
0.6608368889509226
0.6613874784169114
0.6596515966097369
0.6602014324795112
0.6595974209524705
0.6601455732536743
0.6595435936917138
0.6588865483739373
0.6593092529734621
0.6598534873936323
0.6603959858188418
0.6609367565420602
0.6614758078035196
0.661972447750433
0.661898616003419
0.6617303516672673
0.6620892119156427
0.6620964318758179
0.6622348626917615
0.6627659399516801
0.6630099209222141
0.6628715239359381
0.6626166389219539
0.6629205861379239
0.6634464510581456
0.6635458689338694
0.6636565190250313
0.6638559331382234
0.6643770867302572
0.6637659262354703
0.6641133382148737
0.6643692324229329
0.6648855874499745
0.6632842732027572
0.6618675017250729
0.6623837345468667
0.6628983934881062
0.6612634439638263
0.6607747668609055
0.6612879669110404
0.6608814244576174
0.6613929155217839
0.661257427051764
0.660773170514071
0.6607820063403869
0.6612110279192974
0.6607298009702846
0.6612354197467819
0.6617395337054921
0.6610476402184473
0.6596835939456116
0.6587209088110622
0.6590003844217747
0.6573796574694137
0.6564157576784029
0.6552022008148544
0.6557055552662195
0.6562074422118956
0.6548016042922502
0.6540941623536625
0.6545947496729769
0.6550938902081316
0.652635147892411
0.6517202429796343
0.6522184972815231
0.6527153279996925
0.6527352300519992
0.6521426531370417
0.6519265414138357
0.6524202626316884
0.6529125852058645
0.6529320393522022
0.653422248336168
0.6539110745021255
0.6520716621969156
0.6511775855381118
0.651666132337078
0.6512424839227287
0.6517288960790428
0.6522139533268436
0.6526976613194349
0.6531800256787135
0.6530507884725016
0.6535313275466395
0.653107207857284
0.6535856806740327
0.6536036985610749
0.6527046563347185
0.6527238349203394
0.6532002082606406
0.6514130667879714
0.6514339050391718
0.6512893220110891
0.6514919251146162
0.6504591442622085
0.6503519114632483
0.6500729040553638
0.6499494272290531
0.6504224685436084
0.6508942330934822
0.6510951842618198
0.6507082948666307
0.6508417514595519
0.6508629929564742
0.65049320342168
0.65044620397317
0.6506716069344994
0.6508298968708096
0.6512954570083151
0.6511290393418243
0.6509996738026014
0.6509896852064088
0.6501866028269389
0.6500388183502651
0.6505011184581247
0.6506517843735532
0.6502105955584158
0.6502322482835582
0.6504290521622921
0.6508253144985371
0.65049657883078
0.6499723686490644
0.6494962142922869
0.6493603896593395
0.6494916016676063
0.6497309789223794
0.6489416078526943
0.6487222031671713
0.6490337034080556
0.6491428998198758
0.6493380577761244
0.649510242062786
0.649886585583464
0.6503377626638976
0.6499462775718642
0.6492189871715941
0.6491935405590288
0.6486696051677879
0.648595742617585
0.6478267973880696
0.647992551189587
0.6474668207009978
0.6466929642958751
0.6465247212844264
0.6464294216018681
0.6457352974073142
0.6453398518831699
0.6452073622354548
0.6442806798030268
0.6443088737411423
0.6447562839628515
0.6444216383528206
0.6443511410576699
0.6441404134074604
0.6436287159158954
0.6438241800210005
0.6438526974824808
0.6432577024315881
0.642978869475521
0.6434229256080141
0.6418942520474925
0.642337452230602
0.6419929515030443
0.6420099203344207
0.6418348156237741
0.6410868451102235
0.640878681544223
0.6408672568093633
0.6406826607346753
0.6404303322395294
0.6405065530112102
0.640586474527017
0.6408896520781304
0.6402367695053023
0.6406744376689212
0.6401168966533065
0.640149117247983
0.6398580274088944
0.6397205670724111
0.6394534904103396
0.6394863565652384
0.6395765849822715
0.6391090910997815
0.6395433761887108
0.6399766173230994
0.6393649224434903
0.639112172450838
0.6382667229610376
0.6382121541075508
0.6380731648191584
0.637854419038141
0.6378887193329368
0.6375548954777762
0.6374207330887699
0.637288936002631
0.6377186884481255
0.6379235311964837
0.6383515175662279
0.6378339833069998
0.6378679841128484
0.6372385779628661
0.6366229944465214
0.6360187613008773
0.6360135624555231
0.6361468799263355
0.6361885479075133
0.6358705173541048
0.6359521162300804
0.6360079006905133
0.6360435504183924
0.6359622428521098
0.6353766109473901
0.6355094306334301
0.6350516650887156
0.6351529800141971
0.6355742814229567
0.6352776310157541
0.6347377566328634
0.634774498761786
0.6344628457329062
0.6343904757279644
0.6340147729411891
0.6340521748813099
0.6339508045959246
0.6338952789377105
0.6333059544855253
0.6335083545497503
0.6339257710024271
0.6342388143904686
0.6342591951843924
0.6335392642023444
0.6335098488650502
0.6337422382518615
0.6332767178717373
0.6332307471087101
0.6331049100695747
0.6331964329604609
0.6335156561966165
0.6335261640556272
0.6335117410119383
0.6335394807505347
0.6336833880164027
0.6337881913078431
0.6331629583555668
0.6335071075312458
0.6336929254915903
0.6337031420103925
0.6333156265802187
0.633015649647022
0.6327163393292323
0.6324220680668615
0.6317217114023357
0.6319447331080116
0.6321442416902127
0.6322743253086562
0.632128488125295
0.6316525756934389
0.632057798382445
0.6308744075096272
0.630343121386716
0.630190024909552
0.6296755938100885
0.6292142512701991
0.6291641629318401
0.6282747042170139
0.6280932719616509
0.6270188747007859
0.6267726503247547
0.6266353018411959
0.6270393761898526
0.6268248162464813
0.6267649930879307
0.6265340690529906
0.6262337371757314
0.6263020056743731
0.6265843571617006
0.626627410125723
0.6263842476685065
0.6265703310043388
0.6267322233456379
0.6271314402190651
0.6273161288513096
0.6274675852444573
0.6270651677761797
0.6267016418101926
0.6267858766092682
0.6269168161665378
0.6271713276851155
0.6269864484284815
0.6271889858964406
0.627583494906074
0.6279771698586046
0.6275956381762477
0.627988469781547
0.6281697253455285
0.6282515281114187
0.628546837660293
0.6285588682930028
0.6285988554896172
0.6282993358746986
0.6278089700779711
0.6277798811971365
0.6275418666922282
0.6275350929603771
0.6271260825585906
0.6271138518636177
0.626923769233629
0.626521561573303
0.6267454283454573
0.6265102152455139
0.6265017668234176
0.6263708126134555
0.6262003551666355
0.6263481138588505
0.6254484270261518
0.6256656414538938
0.6256098419991353
0.6258804268366376
0.6257139870923926
0.6257559898406738
0.6257507989240055
0.6252842521907394
0.6247364658882921
0.6249153062292224
0.625042813562322
0.6253463106188543
0.6257274435683773
0.6260701625921522
0.6264497867925662
0.6268286409641762
0.6272067274474953
0.6274920353236525
0.6277242404013261
0.6279261211755637
0.6279231684801293
0.6281203521931178
0.628494853349016
0.6288686009814616
0.6292415973623847
0.6296138447545911
0.6299417363236742
0.6301121353854742
0.6304823935082113
0.6308519111147032
0.6312206904242789
0.6299321823851626
0.6296672114212334
0.6298365283084886
0.6298731024280101
0.630240291810522
0.6306067533647236
0.6309328852920854
0.6312979368397688
0.6315524733536513
0.6319161925309922
0.632279194313506
0.6324605217384309
0.6327566563955125
0.6331177609614953
0.6334781560882521
0.6333917737421935
0.6336858340947338
0.6340446138850425
0.6344026915622588
0.6337825520788157
0.6341401863053012
0.6344971227089058
0.6348283720769858
0.635163226051843
0.6354758316093124
0.6352901840027382
0.6351588343095317
0.6355127054692703
0.6356505592215073
0.6357612556791824
0.6360490429883257
0.6364006864250519
0.6364299006916944
0.6367237739509968
0.6369361237421257
0.6372437133623262
0.6375925174840932
0.637103986975525
0.6367324860283315
0.6362229277079733
0.6365713731795174
0.6366983199699969
0.6368544401229893
0.6362461741820886
0.6359571352118132
0.6359864102656309
0.6358568993987113
0.6352380551557217
0.6350568646422258
0.6349287271994911
0.6345513939085562
0.6328466167991748
0.6324953636815337
0.6314388219969314
0.6317858664206631
0.6318002342072189
0.6314695100270864
0.6312848274906249
0.6313961925680258
0.6312061037545332
0.6312393065287955
0.6300936004102896
0.6301277170765736
0.6302619815978322
0.6297481728370792
0.6295646233111213
0.6283955153755388
0.6286192349506926
0.6289634247236762
0.6289983351328826
0.629156523537015
0.6293570755911895
0.6283496517124849
0.6279241374405533
0.6276528751899941
0.6276504346424413
0.6279926676988361
0.6283342722280383
0.628491763721407
0.6283739894191875
0.6277985553629428
0.6269394990219541
0.626823572538829
0.6267078576003812
0.6270481421422223
0.6273878068579397
0.6271561926636525
0.6274948337239035
0.6278328601905787
0.6281702737352836
0.6285070760235668
0.6281288128921333
0.6284650436218872
0.6288006668887147
0.6286844207994651
0.6290192409790868
0.6293534578791057
0.6291298745515388
0.6294633908514026
0.6288978352441686
0.6277697673782597
0.6275409942943238
0.6272534619839972
0.6265803960393336
0.6262447628877834
0.6259839334758917
0.6259745034775898
0.6263069705856097
0.6256391676209503
0.625971047791499
0.6252564481002261
0.6252930619097454
0.6256240751059382
0.6259545039893398
0.6262843501057513
0.625908769180548
0.6254751640433587
0.6251009554558096
0.6251374806853446
0.6254665961544531
0.6257951342280018
0.6252142629720138
0.6237349401710549
0.6232750710513146
0.6236032286549285
0.6237132345481792
0.623750585358717
0.6234117326559613
0.623160146880313
0.6221196505360445
0.6213330305293616
0.6213721449695147
0.6210400162590959
0.6202071098780815
0.6200180908996453
0.6203439758988738
0.6200980370449188
0.6187522423223373
0.6188449156655912
0.6186013051004613
0.6180739382589434
0.6173475591647455
0.6168230497686836
0.6164128325510947
0.6167379064218141
0.6162156897355975
0.6150766297109296
0.6138474154694787
0.614172186356384
0.6144964114098661
0.6145402151506358
0.6142220556728644
0.6143777790126189
0.6138632247588395
0.6136728180284735
0.6139955642122426
0.6143177715876914
0.6146394415029645
0.6136600308059242
0.6139811779124863
0.6139823435582272
0.6137099219334605
0.614030228797529
0.6138529046643081
0.6141725628558112
0.6144916922496443
0.6137957557176732
0.6137019422339818
0.6140201449174794
0.6135147785430617
0.6138326117843914
0.614149922703221
0.6139741017486207
0.6141267070794256
0.6142790622375572
0.61418546759199
0.614052429486944
0.6142044716541665
0.6140180153739148
0.6140609588089007
0.6143754975547777
0.6145877324916224
0.6140876611063566
0.6142535913153611
0.6145669515173795
0.6143000256522796
0.6144506339039809
0.6141552930337183
0.6139279068315318
0.6134203435221841
0.6135710540686121
0.6136811662122209
0.6137238964545229
0.6133905170053251
0.6132080704775611
0.6133115491056909
0.6136221422389393
0.6139322368278326
0.6131781962269651
0.6132209870033168
0.6134342396116275
0.61362889505694
0.613139167287541
0.6134476687490342
0.6135963160249314
0.613335263453028
0.6134439863937973
0.6129563520643905
0.6128666329602884
0.612687621647108
0.6119037094336106
0.6119847078551708
0.6122914393114118
0.6125976861997914
0.6124298900780868
0.6127355447389085
0.6127780436529571
0.6130829428311831
0.611942964988699
0.6117675057959268
0.6111144154774062
0.6109409347350527
0.6108543973444638
0.6096455880905843
0.6099488937719436
0.610251728481748
0.6102954949194399
0.609497595163435
0.6094129102483821
0.609243932780817
0.6092368001166343
0.6085996096621694
0.6087907967756161
0.6086236834165137
0.608174551192998
0.6083215438740761
0.6082386024162858
0.6082833063675103
0.6085827839620306
0.6071084462060488
0.6074076781586717
0.6070787969210766
0.607377596315053
0.6072145323874675
0.6068709121941968
0.6071687372607163
0.6065477953016972
0.6067370664964413
0.6068451894651233
0.6059763122800866
0.6062727936101994
0.605962842004474
0.6058038579954651
0.6059020875661305
0.6057435515068997
0.6052904897630651
0.6052256377666192
0.605520465520341
0.6055660970137337
0.6054873750920232
0.6056157584025194
0.6056612170088218
0.6058802190794997
0.6061732449389201
0.6062181880457015
0.6063392070369302
0.6066312402661312
0.6069047602926928
0.6069181641739574
0.6071033786025058
0.6065344485856836
0.6068250435276439
0.6071152095471807
0.6070579061217816
0.6073474728821928
0.6073911541736394
0.6074347711806247
0.6072768949555246
0.6071981307154691
0.6074477053965676
0.607556288864426
0.6075995931705083
0.6077822749157297
0.6073376646195221
0.6076246984904142
0.6077652209896908
0.6078082147456594
0.6080942773169609
0.6081369685628425
0.6084223749950618
0.6087073659885153
0.6089919424496145
0.6089127331891133
0.6091967471809876
0.6094803489609724
0.609618506793488
0.6096598460397729
0.6090991548330904
0.609214940526798
0.6092805366680359
0.6092206343234913
0.6090631424210782
0.6092893771333662
0.6095706662786985
0.6095107706838747
0.6092163704173874
0.6093944785256673
0.6091259211955319
0.6094063186695666
0.6094106041869252
0.6092539676741306
0.6092950354130381
0.6088595135864383
0.6091388996481623
0.6092394429032314
0.6089237704522781
0.6092025133101168
0.6091484754326404
0.6094266615711225
0.6094115894747829
0.6096891931780702
0.6096823116488245
0.6095157521657522
0.6096153863840743
0.6098920586828808
0.6097365143676892
0.6098710712882212
0.6099448625553572
0.6100185495975396
0.6098633753385868
0.6099973687315828
0.6099394676111929
0.6100568212786911
0.6100605679693423
0.6101003473781247
0.6101400709169509
0.6104136568320968
0.6102589074882537
0.6096779447452714
0.6099507064889853
0.6095247632581969
0.6095646389758581
0.6098369091020953
0.6090276926367928
0.6084592038353518
0.6087311071660217
0.6090026331152473
0.6092737824681492
0.6086277760420953
0.60813174868934
0.608402562961151
0.6086730031801005
0.608943070120625
0.6086550714023332
0.6080870072935252
0.6083563633022581
0.6082076242997841
0.6080592930807304
0.6081907593183462
0.608042755543629
0.6083106689027925
0.6080262857370549
0.6074649241177013
0.6077321365587376
0.6079989854454323
0.6082654715192287
0.6085315955195554
0.6087973581838326
0.6086498363422275
0.6089149787295295
0.6091797620885481
0.6094441871480281
0.6097082546347433
0.6098754401769786
0.6096324452815182
0.6098958511888856
0.6101589018623926
0.6104215980201674
0.6106839403784029
0.610945929651365
0.6105350715951099
0.6107968087781777
0.6110581944002205
0.6113192291690794
0.6113563501868511
0.6116168352068331
0.6118769712850602
0.6121367591222189
0.6119868436688469
0.6120474421050752
0.6123064224507995
0.6125650572590378
0.612728109125627
0.6129861183800404
0.6132437840801868
0.6130931939417823
0.6133502748760402
0.613607014401355
0.6138634131973726
0.613898428617445
0.6141542944699186
0.6140786955994088
0.6141134990216901
0.6143687149614906
0.6146235935371935
0.6148273275725566
0.6150815669602975
0.6149298443934414
0.6148541330334985
0.6151076852829827
0.615360903911086
0.6156137895758388
0.6155013261427695
0.6156224677539692
0.6158746839824771
0.6157622707106489
0.6160140647665397
0.6160472360840905
0.6162050211764065
0.6162380242146603
0.6160861783306438
0.6161191943151973
0.6161521672260594
0.6161850971474678
0.6164351394294565
0.6162836298140635
0.6165331203018307
0.6167822865654422
0.6170311292365036
0.6172796489449809
0.6174352022576903
0.6174671085858879
0.6177148630492391
0.6179622967948383
0.6182094104450356
0.6172591926116291
0.6164531542485674
0.6166999668906211
0.6161539810841523
0.6164003520847402
0.615856341158248
0.6154948273926371
0.6151012885004423
0.6152344694098764
0.6154801689824116
0.6157255549626398
0.6159706279505462
0.6162153885445867
0.6164598373416921
0.6164825706807766
0.6167265385111323
0.6169701961471711
0.6170547131763024
0.6169061665859772
0.6171490922888396
0.6173917101010773
0.6171165307212025
0.617358708753637
0.6172104349586228
0.6174520950375632
0.6176449182729192
0.6178859996611455
0.6180367601258474
0.6180495190126324
0.6182898906180366
0.6185299598692203
0.61838105288446
0.6177055434078169
0.6175580427268548
0.6175887932740932
0.6172023171831833
0.6172332517357058
0.6167120359309141
0.6169512918385727
0.6170654831724226
0.6165354729298839
0.6163905283118118
0.6166289431481624
0.6168670618170146
0.6171048848698903
0.6171356303920968
0.6173729920595536
0.6172276385090155
0.6174645025940966
0.6170826445219914
0.6173193054339061
0.6175556739913898
0.6173348730256114
0.6171902829171387
0.6174260031862784
0.6174563051330355
0.6173840687830152
0.6170643621348086
0.6168639532511152
0.6168945070630266
0.6169250234085837
0.6171597507226716
0.6172483882065553
0.6169944095057014
0.6168513845552054
0.6165763786188043
0.6166883588516378
0.6169222280652731
0.6171558120725503
0.6173020564632087
0.6170743927630907
0.6173074576488101
0.6171082773658508
0.617280248017908
0.6175127630555642
0.6175565653684715
0.6177886305593887
0.6177778430332763
0.6175161876809094
0.6172984701330282
0.6174436543866662
0.6166970477912771
0.6169286507835483
0.6171599740620606
0.6172703180728861
0.6173001108042455
0.6175307918706685
0.6177611950080958
0.61741892321306
0.6173912681608745
0.6173541072758955
0.6175839246288829
0.6178134660906903
0.6180427321578225
0.6178442392259167
0.618073212120329
0.6177795512594594
0.61791622049638
0.6179453774617929
0.6181737424483668
0.6174356245469359
0.6176042190430296
0.6176802439805208
0.6179080865049663
0.6179371267552115
0.6177968089363475
0.6174191537860964
0.6176337050037146
0.6175638927158786
0.6177907231472453
0.6180172846628663
0.6182435777406726
0.6184696028574632
0.618357237073862
0.6185829276492175
0.6188083514508432
0.6190335089514629
0.6191403368682566
0.6190934591118049
0.6192525366057773
0.61869141128923
0.6189158424774058
0.6191197256532305
0.6190723075537644
0.6192961193589619
0.6194887631062865
0.6192719269777031
0.6193779258475108
0.6190930228038332
0.6193161669029521
0.6185958463815547
0.618236073427387
0.6184591967041682
0.6181263001911841
0.6183490969822044
0.618122245825397
0.617984654391704
0.6182070148955505
0.6175634581357172
0.6172886485222638
0.6174462806989132
0.6174748308067831
0.6176965845280545
0.6171654835721342
0.6169576705122714
0.6167326974666375
0.6163762045779285
0.6165978243326495
0.6165456984464723
0.6160785620717226
0.6158088615449654
0.6154836162620505
0.6153111800465282
0.6155323927089511
0.6157533511039459
0.6155041063197496
0.6157248272690494
0.6159452949527735
0.6161655098065849
0.6163605563563408
0.6162620935201941
0.6164817488759353
0.6162850223985981
0.6165042881000845
0.6161810335855107
0.6162098331480214
0.6158450544263191
0.6153066504290862
0.615094330677116
0.6153130270801405
0.614963615934723
0.6150152156719572
0.6147703097488865
0.6144218005029971
0.6143380865461494
0.6143677176787204
0.6142383424324775
0.6144564100738386
0.6145329883732319
0.6147506433769737
0.6148551859032846
0.6147062608015782
0.6145770870844592
0.6145381886367215
0.6140642478693562
0.6142809439682505
0.6140726326778446
0.6140772008334189
0.6139494548078496
0.6139789552062037
0.6139152085869609
0.6141310189790308
0.6143465882421709
0.6141630972859856
0.6143784080575895
0.6145934786610152
0.614808309497882
0.6150229009689138
0.6152372534739422
0.6154513674119089
0.615323016808894
0.6150219114291853
0.615185192382912
0.6150657777367506
0.6149382103556678
0.6151146065456831
0.6150508664534651
0.6152638986247693
0.6154766951410165
0.6156892563930116
0.6152217796992042
0.6154340125840916
0.6155958962095088
0.6154685879537715
0.6155701462432851
0.6157816038086078
0.6159928288752331
0.6162038218264005
0.6163047532806419
0.615966496006613
0.6159943074002828
0.6159307140299977
0.6161284200420615
0.6161560970665
0.6153557558707262
0.6155051458942206
0.6154117721488876
0.6154397344481336
0.6156494183442905
0.615749881876528
0.6156323710476193
0.615660152373487
0.6156360873131254
0.615845094334706
0.6159762344231887
0.6161848296244797
0.6162247158040614
0.6163554364450482
0.6165634866422038
0.6167713113106904
0.6169789108170227
0.6171862855269215
0.6172130606249409
0.6174200843887997
0.6176268843431841
0.6174998574702433
0.6177062795655103
0.6178765206948349
0.6177494985820172
0.6176227499290764
0.6177880954105562
0.6179935856818408
0.6181287665693794
0.6183338531609104
0.6185387195843345
0.6187328469648486
0.6185310729141567
0.6187355042791545
0.6189397166496531
0.6191437103773566
0.6193474858132169
0.6195510433074344
0.6197543832094614
0.619626508801336
0.6198294829161698
0.6198989071919478
0.6201015197147667
0.6203039163478434
0.6201156111030718
0.6199878285380686
0.6200569471831838
0.6202588297829803
0.6201418574888842
0.6202550164463387
0.6204564726710357
0.6202670248566485
0.6201043126128032
0.6199772181021018
0.6200019084503645
0.6200906383020708
0.6202913299881236
0.6203158153823572
0.6201392446543003
0.6203395931539551
0.6204079433947807
0.6201430535715081
0.6203025764095836
0.6203269785623505
0.6200732195175954
0.619947025908013
0.619740789406629
0.6199404005407987
0.6201398022194237
0.6203389947720092
0.6203133603782234
0.6202503360930594
0.6203909845500205
0.6205896287234637
0.6202259461766825
0.6197767406242138
0.6199750834825215
0.6201732195182449
0.6201974474740284
0.620395261303469
0.6205928691841023
0.6198228060793041
0.6200201981841436
0.6202173854191284
0.6198335415773253
0.6200305190169225
0.6202272924405284
0.6199062638212528
0.6199304544073084
0.6194863472982062
0.6191418972862517
0.6193383171432469
0.6195345345055442
0.6189210826595072
0.6182238764683569
0.6181024967183893
0.6180221662744798
0.6180471121721168
0.6182428850515775
0.6178054599465854
0.6178986540847201
0.6172072874032828
0.6173426348528863
0.617222958529732
0.6170357908648341
0.6172308821583313
0.6171202758028536
0.6167185483831378
0.6168407773148915
0.6165273419605649
0.6165528063204969
0.6166628471971531
0.6168573358591536
0.6170382825501612
0.6171310153010228
0.6173249712203231
0.617518730728566
0.6172840786147592
0.6174776627935074
0.6176710512349667
0.6178642442358585
0.6174335718177417
0.6175806506565079
0.6176473942801689
0.6175289175487689
0.6177214042535758
0.6175024787591026
0.6176490056085155
0.6178410452842521
0.617781888133005
0.6178064163711052
0.617926444676407
0.6178082819061902
0.6177492892762922
0.617840505848226
0.6180316811829693
0.6182226653423778
0.6184134586130713
0.6186040612810967
0.61879447363193
0.6189846959504769
0.6191747285210751
0.6190559694493052
0.6191745386164833
0.6193640983284712
0.61955346942383
0.6197426521839376
0.6199316468896116
0.6200210996233971
0.6202097683922038
0.6199019719810911
0.619899731228811
0.6196351538702796
0.6198235465627658
0.6198467362261837
0.6197937791636375
0.6199818138920433
0.6196985644053252
0.6198863675833967
0.6197284769774818
0.6196104015563995
0.6196335934071192
0.6195157858311398
0.6196920958665466
0.6198791632074878
0.6197613458480702
0.6199103220647838
0.6197926475583414
0.6199791151171652
0.6201653998646567
0.619861546165556
0.6200150583042278
0.6195944983164954
0.619780424759156
0.6196634516881021
0.6195467068571869
0.6189336332475562
0.6190217862985555
0.6190855226555878
0.6192707923430122
0.6194558818946199
0.6192034737887429
0.6193277071671845
0.6195124995423461
0.6193965805321207
0.61928088617114
0.6194652537807424
0.6170746498105321
0.6172592811269204
0.6168491810578878
0.6162557715523006
0.6158481023329648
0.616032524751432
0.6162167701810138
0.6137793566658755
0.6136772652825584
0.6135687946095789
0.6112358334133448
0.6114205194782315
0.6113147572385749
0.6110247597256534
0.6106301248231536
0.6108144855595063
0.610236609981872
0.6104208952726606
0.6104474764500681
0.6106314880341729
0.6103455614835906
0.6102415109777127
0.6101895592760267
0.6100591512562703
0.6099288660312595
0.6098254522344285
0.6100088911379384
0.6101921576364638
0.6103752519729427
0.6102716618725458
0.6103606526502791
0.6100745013832138
0.6095297650360776
0.6097124839106512
0.6098950318601786
0.610077409124386
0.609741045360608
0.6093542808381818
0.6092523663173633
0.6094343633521481
0.6094892229256679
0.6096709403649765
0.6098524887648068
0.610033868360918
0.6102150793886313
0.6099137787445512
0.6100947932323727
0.6100437288570331
0.6098153624388489
0.6099960871436017
0.6101766445106648
0.6097663670103466
0.6096825968122702
0.6097089295617409
0.6096120663148302
0.6097923008179166
0.6099723689762839
0.6101522710201142
0.6097185686137707
0.6098982561972819
0.6100777783987558
0.6102571354464105
0.6103706461230525
0.6105497037305327
0.6105754809298604
0.6104787979725923
0.6106575594237292
0.610595877275457
0.6107744211189805
0.6109528013109516
0.6109783230083202
0.6106985710289209
0.6108767410192967
0.6110278387912861
0.6112056952893239
0.6113833892128663
0.6106210817088001
0.6107987180766337
0.6107481942653812
0.6106843109659413
0.6108616757445445
0.6108111922856444
0.6109883378512859
0.6108873934785244
0.6109127476936099
0.6110895251821635
0.6112661421098737
0.611442598695389
0.611618895156961
0.6117950317124453
0.6112657208299858
0.6114416983216879
0.6116175165577414
0.6117520590238352
0.6119275779844935
0.6120681786826826
0.6121530620708114
0.6120171283158183
0.6119666018709308
0.6120865667846445
0.6119292815893429
0.6118285351612698
0.612003151204832
0.611952790075693
0.6117024581289344
0.6118768171508793
0.6120510196566463
0.6119505254686135
0.6121244606880359
0.6122982400515269
0.6121733117457865
0.6123469136653273
0.6122898673884518
0.6124632619021422
0.6124129877573491
0.612586172302587
0.6124912253743591
0.6126642203630313
0.6128370609608166
0.6126911542814024
0.6128638287556416
0.6130363493310624
0.6132087162133203
0.6133466806865454
0.613518756040045
0.6136412516507429
0.6135106075752015
0.6136823043288331
0.6129700008393295
0.6129347008980591
0.6131061963783879
0.6132775399583797
0.6133011739232794
0.6134722795985346
0.613643233919809
0.6135427980082582
0.6136503952075225
0.613014774922731
0.6131854033288497
0.6133348945360124
0.6135052315868775
0.6129887999863084
0.6128406291242935
0.6128642785256743
0.6130342986053731
0.6122276745282608
0.6123099947060212
0.612211606624807
0.6120404513163097
0.6122101624049727
0.6123797250799159
0.6125491395357376
0.6125311751110513
0.6124329375072878
0.6123348712730905
0.6124090970029855
0.6125779819280386
0.6122232150348738
0.6123919603721083
0.6125605589104415
0.61272901084135
0.6126800195285115
0.6125821645397764
0.6127503146419726
0.6124844793644707
0.6123869635609471
0.6125549068176365
0.6124995987093779
0.6125886386312274
0.6127562766067223
0.6129077500869803
0.6130751051453084
0.6127127453372618
0.612879895641389
0.6130469017260993
0.6132137637779639
0.613380481983232
0.6135470565278321
0.6134492975467492
0.6136156274531404
0.6136384451044151
0.6138045506740176
0.6139705134799163
0.6141363337060847
0.6142161377706161
0.6143817102436759
0.6145471406554118
0.6147124291885785
0.6148775760256172
0.6145899462109845
0.6144918803605686
0.6143939822157541
0.6141314206848927
0.6140826674082225
0.6139852857032219
0.613766230327051
0.6139308653524871
0.6140953600839091
0.6142597147005684
0.614162472390185
0.614022766653615
0.6131297093754222
0.6132939157806109
0.6134579828507082
0.6131978225526376
0.6131002307344313
0.6127448959790531
0.6126192271587845
0.6127830938139627
0.6125468725455936
0.6123350281174421
0.6122875893386763
0.612451250128318
0.6125544955321217
0.6127179056984936
0.6128811780822633
0.612786080206878
0.6126911424289261
0.6123388627201044
0.6125017455508943
0.6122664995226834
0.6119924313617029
0.6118755441561541
0.6120382797770529
0.6122008789892168
0.6120375029285686
0.6119437084514413
0.6120223930922566
0.6118709826392695
0.611967234428784
0.6121293876947979
0.6119433130410685
0.6119661620404947
0.6118727401280704
0.6117794739837369
0.6117912325362437
0.6119529188200686
0.6119756972329939
0.6117210256985649
0.6114895182620866
0.6110968356765811
0.6112121499369432
0.6111198959759835
0.6112811232164578
0.6111889267597748
0.6112118989088046
0.6112348520411547
0.6113129509852833
0.6113358433408174
0.6110831207929295
0.6112438302471472
0.611404406938495
0.6115648510314188
0.6114728008242971
0.6115205533712862
0.6115982448167226
0.6116209347309582
0.6115591215212415
0.6114903217365247
0.6115130280513109
0.6116728334696361
0.6115810350039809
0.6116406799184232
0.611663277859593
0.6115716379105904
0.6117309604545155
0.6114344596672577
0.6115936426006181
0.6116707950811257
0.6118024621045609
0.6118966940198854
0.6117486790121064
0.6119074080885528
0.6120660074313854
0.6122244771995915
0.6120328204685411
0.6119462764601866
0.6117630927337495
0.6115815689058266
0.6117399131500558
0.6115488443765053
0.6114580065553518
0.6115450797416935
0.6114590158361843
0.6113730219297849
0.6111244963111142
0.6110567677244151
0.6108085724491411
0.6107820381304263
0.6108047185803193
0.6108003353273455
0.6105526466268884
0.6105078340421186
0.6102664344195652
0.6102892685216896
0.6097955069775782
0.6099532928623427
0.6098222342499141
0.609656649508803
0.6095950526621285
0.6094296933352565
0.6094864206583658
0.6096439493309521
0.6098013509642864
0.6097570940715157
0.6096579318110663
0.6098151376379648
0.6099722168901235
0.609927962476888
0.6097055301253451
0.6097284244728296
0.6098852230166333
0.6098009317624098
0.6097167081848255
0.6092300339630252
0.6086983198653524
0.6087372246023723
0.6086502348226904
0.6087267441250404
0.6085784022784179
0.6085350402966773
0.6086913137336846
0.6087144483517744
0.6088135422523692
0.6087374245910888
0.6088933682241733
0.6087497426250871
0.6086069282370994
0.6086300319929409
0.6087857081934209
0.6089106748792593
0.6090661157874949
0.6090890003925323
0.6088938288510037
0.6090490913246636
0.6091601388633795
0.6090259912512753
0.6091809551865701
0.6093221343807828
0.6093071270291186
0.6092638542155678
0.6094184787291351
0.6092754601050483
0.6094298966820819
0.6095842112231005
0.6097384038726964
0.6097608785125677
0.6097472958713842
0.6099012417112771
0.609964068812034
0.6101178078467947
0.6102714257318038
0.6103946260064573
0.6105480139489744
0.610570099211752
0.6107232974418024
0.6108763751856319
0.611029332585323
0.6110839379556235
0.6108658377556846
0.6110185591694383
0.6111711607546993
0.6113236426524425
0.6114760050034216
0.6115722694439152
0.6115938497013468
0.611667618750015
0.6118196079403281
0.6118410661010192
0.611936999535138
0.6120887051647177
0.6122402922279593
0.6121526387393001
0.6122606544497411
0.6124119378463663
0.6124330980370138
0.6124236641953298
0.6125747071944743
0.6126477205535726
0.6127985586686219
0.6128195271808827
0.612970181061357
0.6131207177470587
0.6132279370982024
0.6133782565940834
0.6135284592915993
0.6136785453268259
0.6136621439394431
0.6133271214707686
0.613380115995208
0.6135299686634269
0.6133129302162309
0.6134626348502936
0.6136122236138964
0.6137616966415119
0.6139110540674046
0.6140602960256314
0.6142094226500419
0.614358434074279
0.6143786303030792
0.6145274613990641
0.6146761776562404
0.614824779207472
0.6147362822678131
0.6148846889387423
0.6150329813188198
0.6151811595400212
0.615281128312803
0.6154290971096058
0.6155220281976617
0.6156697906772167
0.615817439624325
0.6159649751697841
0.6161123974441911
0.6162597065779424
0.6164069027012343
0.6164530818433209
0.6166000910108781
0.6165107765022524
0.616657594734832
0.6168043005921856
0.6166776402957518
0.6168242262841664
0.6168614822046564
0.6169169056970906
0.6167003470316734
0.6160140585370261
0.6161603946427665
0.615944989417093
0.6158221587208437
0.6155879167433919
0.6154805956090154
0.6154367033263818
0.615115401082654
0.614901605887093
0.6149212361718027
0.6148776723976663
0.6146952001206432
0.6143757127624441
0.6145216167682094
0.6144350219729214
0.6145807381399763
0.6147263442079249
0.614513891953584
0.6146593584094505
0.6143412362551994
0.6144865485248847
0.6144057626309017
0.614550941184128
0.6146541921994478
0.6147991680488838
0.6146376649150124
0.6147603777318758
0.6146741889389866
0.61444345538458
0.6142742471576516
0.6141885843037103
0.6143331371008989
0.6144775816188386
0.6145283200757391
0.614442627355892
0.6145120205393788
0.6143330130501865
0.6142476261845777
0.6140877398963802
0.613878377922806
0.614022292057013
0.6139035011165946
0.6140472451593658
0.6141908822099207
0.614086396514654
0.6137203183532266
0.6136409274474491
0.6129777608884271
0.6131212619040414
0.613141108236422
0.6130699379968305
0.6131603353742919
0.6130567341147433
0.6130990050226478
0.6127623154751769
0.6126261803037772
0.6127692810868198
0.6127891841095598
0.6127475491209627
0.6123155520779332
0.6123970182708028
0.6123142212039366
0.6122315460319058
0.6123128932678519
0.612230310258096
0.6121103117191237
0.6120279684861313
0.6119011838672549
0.6115902650323422
0.6117082492891448
0.6115981944795071
0.6117404662031409
0.6116995506168345
0.6118416810887902
0.6117641685819887
0.6117842499638777
0.6119261935653535
0.6120680334068865
0.6118035571224404
0.611823587465465
0.6118436031878012
0.611985214423413
0.612126722368554
0.6122681271361922
0.6124094288391309
0.6125506275900092
0.612104649703158
0.6122458052163665
0.6117235451597874
0.6116856596733803
0.6116450909630012
0.6117861058174083
0.6117049838247977
0.6117249191468296
0.6118657005394522
0.6120063798795974
0.611929565973844
0.6119493910736965
0.611575369144029
0.6114946636328941
0.6116351210936197
0.6117754770310633
0.6117953076631572
0.6118839127731173
0.6120240268840296
0.6119835995917581
0.6121235766481824
0.61226345274748
0.6124032279988326
0.6124914224597855
0.6126310148868532
0.6127705067792238
0.6126399198437382
0.6127793081417433
0.6128204928248839
0.6129597159486434
0.6130988389838884
0.6131779746268453
0.6133169193198673
0.6134557642321403
0.6135945094711094
0.6134768631762558
0.6136155013171538
0.6137540400402384
0.6136725251423235
0.6137392613439201
0.6138775573477353
0.6140157543565586
0.6141538524766458
0.6140847890929199
0.6140940544525577
0.6140125295833526
0.614093991273915
0.614199309702268
0.614336997314794
0.6143772883351144
0.614076813686146
0.6142142996805577
0.6143516877504721
0.6144889780004719
0.6146261705349912
0.614544644097911
0.6146816705308659
0.6147001442324066
0.6146186810617871
0.6145424940965539
0.6146792781653628
0.6148159651897809
0.6149525552730469
0.6149708871097693
0.614889434125632
0.6147303930412521
0.6148667234046487
0.614785488098139
0.6147007282932263
0.6148368764457729
0.614972928414531
0.6151088843013902
0.6152340477625253
0.6151527539016699
0.6152677128990911
0.6151864812479995
0.6152515793525264
0.6152462090781065
0.6152307857631999
0.6153661725380897
0.6146366920805237
0.6146630328390676
0.6145876860391943
0.6145474798335666
0.6143832546436617
0.6143030700978197
0.6142880474984261
0.6143647708910127
0.6144997972317372
0.6143696864069225
0.6142919624392198
0.6143879753505659
0.6144062482241472
0.6144710957963959
0.6142747705432793
0.614293057418017
0.6142781012121589
0.6143738845353806
0.6143112655410153
0.6142465252701999
0.6143809341464123
0.614515249390527
0.6144330290315395
0.6143931985306584
0.6144577798812044
0.6145918815229849
0.6147258899091035
0.6148598051368027
0.6148198955450248
0.6149536850915531
0.6150179372842297
0.6149036354266907
0.6148637660181456
0.614702360865271
0.6145759037359835
0.6147094996099051
0.6148430029017936
0.6149071376427351
0.6150404800465984
0.6150352739268176
0.6147430519967414
0.614876220661796
0.614778935628165
0.6149119998991052
0.614785994374278
0.6149189643451534
0.6147067769868563
0.6146276688647964
0.6147605100682211
0.6148932597201617
0.6149110941696783
0.6147172368472437
0.614849818665259
0.6149823092677134
0.6150000824305053
0.615017843373866
0.6148064970359369
0.6143842398264342
0.6145166173616808
0.614648904040692
0.614781099956973
0.6144662384249872
0.6145983610300505
0.6147303931091769
0.6148623347553724
0.6149941860615157
0.6151259471203585
0.6152576180245253
0.6153207994137098
0.6153383535563604
0.6154698168668332
0.6154547703190238
0.615472260720782
0.6154197056510714
0.6154679435524726
0.615545267782976
0.6155789446064763
0.6156089034647291
0.6156263055653433
0.6157572676418116
0.6158881405070563
0.615791935261168
0.6157184866787102
0.6157358218879609
0.6157984967784752
0.6156901998728374
0.6156900960031948
0.6157980277861816
0.6158153065358014
0.615640157025942
0.6153354583558645
0.6153811383225009
0.615511561808997
0.615387659584655
0.6154332754234946
0.6153689456943178
0.6153298773076958
0.6152827752761735
0.6154129672303947
0.6155430710980434
0.6152344209189421
0.6147217840062196
0.6146268165912101
0.61448204302184
0.6144048727872449
0.6145347902829366
0.6146646202626324
0.6141739850520537
0.6143037180765822
0.6144333638856321
0.6145629225671222
0.6145804246645691
0.6147098469531304
0.6148391823519377
0.614762134930031
0.61489132267821
0.6150204238103997
0.6151494384136804
0.6152783665750159
0.6152397602901615
0.6153685718869844
0.6152964940516809
0.6154252004772239
0.6155538208115126
0.6156823551408969
0.6152138839916055
0.6153423601572177
0.6154707505576992
0.6155990552789011
0.6156160891719591
0.6157442598657997
0.6156566588380014
0.6157847305944698
0.6158768435064329
0.615974483887913
0.616019099572371
0.6161468802380707
0.6161978063488468
0.6160949743376697
0.6161237572317757
0.6162512908672468
0.6160910974470163
0.616171101350002
0.616298450022414
0.6163988216538888
0.6165260103734996
0.6166531147784139
0.6167327999150489
0.6167355383052725
0.6168624470674231
0.6166950351720386
0.616785105937663
0.6167172857590143
0.6167078671109847
0.6168345752540885
0.6169468314219261
0.6168446660688605
0.6169712034975035
0.6167675154144736
0.6168154154958235
0.6168758525081971
0.6168922742806768
0.6165954874595733
0.6163156763096297
0.6164419713470525
0.6165023721462143
0.6166285226816925
0.616754590250689
0.6167112286118323
0.6167276451212161
0.6168459159953703
0.6168622774898436
0.6169880613777327
0.6171137627031749
0.6171300202175986
0.6168073120076198
0.6168236539789929
0.6169492032404676
0.617074670255456
0.6169980256268109
0.6170006440739225
0.617052694698362
0.6170689190188225
0.6169924033854769
0.617008631501544
0.6169377599693749
0.6170628210989965
0.6170246152174367
0.616932056887295
0.6168366256374789
0.6169615159159543
0.6169234052884156
0.6169085861242919
0.616924788690408
0.6169409807079784
0.6170656338219687
0.6170817694865246
0.6169406239927101
0.6170651151776329
0.6171173285183087
0.6169485139265065
0.6170079269372412
0.6170642831174752
0.6169152763271509
0.6168773660559683
0.6168317625260281
0.6166858891961968
0.6164861205246075
0.6166103154337641
0.6166696840593925
0.6167937391778199
0.6168883031279697
0.6167475948093055
0.6168068422729948
0.6169306926794998
0.6169561277299792
0.617079849910945
0.6172034921938281
0.6168455034928317
0.6169397762043151
0.6169371176670592
0.61695314911419
0.6170765931525032
0.6168938277677566
0.6170171716738198
0.6170331515563408
0.6170491211557971
0.6169345571300853
0.6168773512886427
0.6170005022525487
0.6171235740705909
0.6172465668190424
0.617369480574078
0.6173946834017139
0.6171719535889892
0.6171093000380685
0.6172320607626476
0.6173547427944543
0.617477346209131
0.6175023861923801
0.6176248638144767
0.6177472630258036
0.6178238696159212
0.6179461268553275
0.6179520166888767
0.6178997767393424
0.6179863823999846
0.6179580106737793
0.6178826862736044
0.6179606263563506
0.6179955057759154
0.6180066910131449
0.6180328368387146
0.6179995185972976
0.6180443309526379
0.6180385825197126
0.6179634226454561
0.6180452293218898
0.6178871631565395
0.6180086616738188
0.6181300829510998
0.6180395850961212
0.6180417961554935
0.618089807896705
0.6177130303722687
0.617638386725869
0.6172480713932731
0.6173205558058001
0.6172463022894674
0.6173673885589108
0.6174883982399485
0.6171683114592096
0.6172892693386853
0.6174101508076245
0.6174257038596798
0.6173515948638706
0.6174723041399388
0.6175929372827518
0.6176702235881605
0.6177907183175686
0.6179111371208711
0.6180314800698095
0.6178361138926753
0.617956366846139
0.6178821804518961
0.6175092681444223
0.6173616032609259
0.6174817031971278
0.6176017277646844
0.6173343907166299
0.6173498505335995
0.6174697283999737
0.6175895311784265
0.6177092589394853
0.6176355985771952
0.6177551995785786
0.6176468464962817
0.6177316096345293
0.6174652359758019
0.6175846288484688
0.6177039472170027
0.6178231911511209
0.6177497352962886
0.6178688534841053
0.6179878974549825
0.617914430520079
0.617648880507152
0.6177677707806262
0.6178626757082906
0.6179814256536889
0.6181001018184439
0.6182187042712952
0.6182337455511449
0.6183522329051017
0.6184706467329313
0.6183971765644147
0.6184534700620699
