0.9675085544586182
1.3741060098012288
2.034800708293915
2.0258349895477297
2.012005567550659
2.03242894581386
2.06619793176651
2.049750010172526
2.231844449043274
2.191047018224543
2.1682886282602944
2.163920494226309
2.164815272603716
2.1628660996754965
2.179403081536293
2.1778816615833954
2.182704064581129
2.1358554865184582
2.1187264919281006
2.125336828685942
2.1134575497020376
2.163013727768608
2.1456929643948874
2.21478985786438
2.223365013415997
2.2103244993421765
2.2013456651142667
2.2057639894814325
2.123528895839568
2.1167577654123306
2.1208231449127197
2.104114946197061
2.098731109074184
2.0933903654416404
2.0951553422051505
2.0964078714973047
2.0391584038734436
2.0410141770432637
2.0978349390484037
2.0979117238244345
2.0971663377501746
2.0924595885806614
2.0872746602348657
2.0877793241054454
2.0917277336120605
2.087762414192667
2.0889625358581543
2.091582924711938
2.083924797865061
2.0748938029667117
2.0712783645700523
2.053945524042303
2.0500515699386597
2.052375157674154
2.050447653079855
2.049838587389154
2.0512418667475383
2.064071080723747
2.0653662989216466
2.062786609407455
2.0550580136477947
2.058387800363394
2.0587949174823184
2.0588515409782753
2.05850387320799
2.0590858217598735
2.055924333844866
2.0280986858738794
2.0288778200541455
2.0295998180234753
2.0284514808654786
2.026015498136219
2.0275375533413578
2.0475368194091015
2.0456210088126268
2.0460279643535615
2.0473534060113225
2.0201029490275557
2.021559042590005
2.0210100089802463
2.0211473897446033
2.047416769225022
2.0460923449559645
2.039127481117677
2.0418238348431057
2.043072978218833
2.042822806731514
2.043176561273554
2.04163625392508
2.031714328966643
2.028437852859497
2.0267438446123576
2.03112543602379
2.055577718850338
2.061890003681183
2.0626245087916306
2.0634817352481916
2.063913565237545
2.06240163399623
2.0625921181270055
2.0631054212462225
2.0639057827887135
2.062489648660024
2.061478214526395
2.0455907400663906
2.0452327770846233
2.0439605375306797
2.0424791469908596
2.042765237974084
2.0389841589434394
2.054077126022078
2.060424576371403
2.060421571010301
2.0559760053952534
2.0524038283292914
2.051458245418111
2.0504281559610753
2.0500066184228465
2.0484533500671387
2.038507684828743
2.0386400710879347
2.0540426783263683
2.0545653058576954
2.0734364931400004
2.0726380839602636
2.071312102404508
2.069862390819349
2.0835820329723074
2.0820708628054017
2.081995630965513
2.097897098012214
2.1110544671183047
2.1059695456525405
2.1052538888795036
2.1036404988444444
2.101759714140019
2.101761539499243
2.1174835943513446
2.1299886506179284
2.1296784436866028
2.1287064941561953
2.12692901411572
2.1399452174269915
2.1380077505111696
2.133536037230334
2.1341712474823
2.133648599674499
2.148371526173183
2.1453424715226697
2.143846501142551
2.1428073409256663
2.141958933842333
2.141221448310516
2.1414850115776063
2.138236753688836
2.135690999619755
2.1335031093995265
2.137758343684964
2.13656319993915
2.135346388242331
2.1367114075643574
2.1354220466954366
2.1339587727947347
2.1350184019874123
2.130015834730271
2.1596057498177816
2.159212192358998
2.1594793316961707
2.1724289934975762
2.18120845339515
2.181405692450744
2.1818906952825823
2.189874963387431
2.188471081521776
2.1869934803873137
2.18631766130636
2.184543057217624
2.1847742186940233
2.183621380780194
2.183422471887322
2.182305299024531
2.1812950829242137
2.1797103743073802
2.180836346274928
2.190393903492633
2.1893015106519065
2.1886054123003866
2.197923715581599
2.1969338331467068
2.203946386064802
2.2034745228472095
2.202422449083039
2.2021391715236645
2.2135656547546385
2.2254652668587602
2.224096476441563
2.2228014116804
2.2219388262898314
2.2325644260499535
2.2314341241873583
2.23067421613684
2.229308780569297
2.2266678045811266
2.225104863303048
2.2234158436833966
2.2218339825576208
2.2191438820440443
2.217570471986432
2.2170539423476816
2.212724409721516
2.21141113773469
2.2112047442602454
2.211102817700878
2.2089797594330527
2.2075459633477674
2.2068532436817616
2.205652430453108
2.205374812441213
2.206263854768541
2.205759240462717
2.2022066452429683
2.200587778760676
2.199241651718273
2.199906169849893
2.197295419065467
2.195923911086444
2.1944666287418086
2.194160433915945
2.1923358541853886
2.191047657344301
2.1885452240328247
2.1865331806054638
2.1861733622131987
2.193050341804822
2.1917151732068834
2.200669919163728
2.2004480734774114
2.1988511300477827
2.208187294006348
2.207743296778299
2.2072243188556873
2.2169233118334124
2.2165422056573463
2.216085451126099
2.2154674083588133
2.2232705089781017
2.220884135589298
2.219995825309453
2.218581070619471
2.2172268675640225
2.214957733562484
2.2143828656322273
2.2217795683150126
2.2217373884641205
2.221473730386902
2.221202254295349
2.219943340287009
2.2182927357428
2.21611159072732
2.2158571831265785
2.214693099818426
2.2141728952749453
2.2130153188031847
2.2117549198645134
2.210488990664042
2.208921139731127
2.2077270444932875
2.2073980047755
2.2068149427934127
2.2055180133252903
2.206866052606906
2.2053710788273984
2.204388085231986
2.20184565441949
2.2166328141697784
2.215785287796183
2.2149021794012493
2.2151800780229167
2.2146351964850175
2.2149159883285736
2.2131113781746254
2.213944326672289
2.213148635151477
2.2124641730867585
2.212229509943539
2.209957246094534
2.222228167406935
2.2216322997800346
2.22075898849358
2.2184262589828387
2.227513322926531
2.2337961612931836
2.2359175817623584
2.2364959184328717
2.2342146536044503
2.2358970705247083
2.2349484871716387
2.2333178630000665
2.232162821097452
2.231148510197409
2.2304253019028457
2.2278207672106753
2.2278873172006946
2.2271894501101586
2.2257845394097724
2.2225424952996082
2.22269047258761
2.2243818469867587
2.225035622006371
2.224490856068044
2.223768468158854
2.2236487715499207
2.2228923000885774
2.2259994193911554
2.2322623803979513
2.2294033617706774
2.2301396142587575
2.229351549972723
2.2285952259944035
2.227474895723027
2.226860974542227
2.2241390434707085
2.2309115635950154
2.2305133039301093
2.229526014846617
2.2293084529509026
2.2291240584742917
2.2282932375719446
2.2280607372967163
2.224012780047598
2.228954336409753
2.22838517265207
2.23448066233182
2.2341494490118587
2.23260142586448
2.2318945279595446
2.231649991722218
2.2306111011394236
2.231820459642272
2.230184543339503
2.2285092990061734
2.2283312342632775
2.2279927464132663
2.2263688060215543
2.2253545070985106
2.224589740010825
2.22397067999367
2.228765361053122
2.2275503689134624
2.224421574158615
2.2237163351363494
2.2231144685319015
2.2222206081188487
2.220858950747384
2.220003997850286
2.219829361741714
2.218882416233872
2.218683137998476
2.2180380520755296
2.2253508196502434
2.2253971710516907
2.2246592906506164
2.224819245377207
2.221202790414965
2.2210770527307555
2.225914034792172
2.2261465970057266
2.225088044921345
2.2244409968058267
2.220346111201481
2.2207122807780273
2.220010914714481
2.219970304715006
2.219843500868229
2.2184094327906663
2.2242946867531956
2.22314883954823
2.2287428837317926
2.2338154513601194
2.236633489298266
2.241140970864247
2.2407809572538557
2.2452901534545116
2.24373311094006
2.242133608277963
2.241203390004981
2.238018144205742
2.240454206587393
2.2387704265238058
2.2385573561305665
2.2434005060387614
2.241741895078119
2.240493104457855
2.2396305332754616
2.2395224903353412
2.2431405448440285
2.2416163080989726
2.2390099390053453
2.243878518419313
2.244150770384205
2.2436969806166256
2.2433029608504986
2.2417596979839045
2.2441016931603426
2.242268902005501
2.2401139534125893
2.239763327266859
2.243661925304367
2.2473371349848232
2.2487795187129107
2.2475180317910666
2.247693877800552
2.2466225306193035
2.246752014069546
2.2507131935860873
2.2495938339413764
2.2496320622147254
2.248913693708532
2.2489463924801965
2.2483017204516944
2.2468252115160507
2.2506882983209926
2.249952766507171
2.2490889207393
2.2477446143273956
2.2470470069462376
2.246051764707961
2.244578934263909
2.2449530417766046
2.2441924845872263
2.2429669670862693
2.241806936155419
2.2416000853885305
2.2471844749926437
2.2500781732447006
2.2485871212746167
2.2483666775462865
2.247652487808399
2.2491173968721396
2.2484633538546976
2.247155660497291
2.2535004557373797
2.2585233211517335
2.2578217713637256
2.255131011515592
2.2592581213178486
2.256843086906467
2.261589031429081
2.2595928896937454
2.263149306341125
2.2629302943117233
2.267593340676335
2.2690564616866733
2.273006182172035
2.2722551394334602
2.271705615597719
2.2697505858437768
2.2732929378427484
2.2779348224017753
2.279460113615244
2.2841095155120916
2.284273425653291
2.2829633286658755
2.284955841214287
2.2843761428938074
2.2825152264084925
2.2861697703977173
2.2908980369567873
2.2952348249299184
2.2938668023115434
2.2935819705659872
2.2932101829066904
2.2918232505520186
2.2956503607379175
2.2942455888289137
2.293310460590181
2.2932220692476952
2.2937498127062295
2.2924211628643083
2.291626139098369
2.290327081914808
2.2888855861008532
2.293289181650901
2.2924976664502363
2.291148341768156
2.293108020302732
2.2928186766049157
2.291508028723977
2.295724249174518
2.2938586543023707
2.2999340037265457
2.3043906397236613
2.3030915727615358
2.303867905439731
2.3070337596642543
2.3056577498585757
2.3055192383508833
2.30438972133221
2.30356494428612
2.3014454413682985
2.30125178643099
2.3005053744100636
2.297686549728992
2.2969676841728375
2.2968482659198344
2.2972697858457214
2.2965775649371314
2.295765988803604
2.2943991815396982
2.2923775687669647
2.292117436420043
2.2963372066990257
2.2954505741596223
2.2942897687717956
2.2939497967789455
2.2931983899431976
2.292954238771482
2.2876344574721594
2.286774597384713
2.288460064925859
2.2873391394345264
2.286717341220087
2.2863706843297282
2.2857201139654046
2.2825329085376773
2.281335317376834
2.2801100204332805
2.2794398095971147
2.278613724381229
2.2783201385427403
2.2778568615975088
2.2775691369362865
2.2769381051564084
2.276261220960056
2.2756898499410085
2.2759527330433493
2.275455705426511
2.2706520518318554
2.2699930854277177
2.2697917532358325
2.269225657850072
2.273139388824242
2.273303008251672
2.2727415746396726
2.271194993591995
2.27098895959837
2.270402129832989
2.270351373232328
2.269265792625291
2.269182712211541
2.2692899474894026
2.267528928194334
2.266654046292001
2.2702292923378735
2.2739453391557025
2.278075023933693
2.281789996674363
2.2852761292918493
2.2890322062007167
2.292631028203747
2.2925458179487217
2.2922915276432536
2.2958743933601244
2.2989032496576725
2.2979922919637628
2.3049967603005816
2.3084756915544555
2.3117520249157577
2.3114110798671326
2.3110505767205085
2.3114101309137247
2.3145753588930003
2.3166216444479275
2.316272955266838
2.3197304738666418
2.3223941248970097
2.321644658945045
2.321406080686378
2.324783165171995
2.329265239073339
2.3328350480343842
2.3326662302419265
2.335790681517887
2.3386285805902562
2.340872456163368
2.3401422013389803
2.3428952466684043
2.3421511443111056
2.3455125033855437
2.3491391750818083
2.351664444932906
2.3550007204906658
2.3542615562085283
2.357330622948891
2.361057777215939
2.36072293341258
2.359993975413473
2.359348734807107
2.3587429066173367
2.358059696987296
2.3535885355795383
2.3528684443681946
2.3526716891343034
2.3548288631748844
2.3580685098515146
2.3578044137522625
2.3569707554646184
2.3563143026444218
2.3618901643584125
2.3623100400354318
2.3658754683995133
2.3650903697961416
2.364913149261475
2.3671242596623236
2.369946879823432
2.3693007302891678
2.369278081081251
2.3689286046557956
2.373434886690554
2.37308226808717
2.3726541958337335
2.371991479058371
2.3717020124900996
2.374121059411727
2.3739214115651848
2.373445325510629
2.372746973530228
2.3763787928968667
2.3762732229069132
2.375791745765187
2.3741939931783484
2.374378366499954
2.374225091564563
2.3773925064517987
2.3781151808395267
2.3763604476863955
2.3759236100642083
2.37528805402609
2.3710822375274145
2.3707691469382364
2.3700827476810606
2.3722343153625953
2.3752600590630277
2.3769865126733185
2.3763688335302753
2.376239571477285
2.3792387182062322
2.3786108198036042
2.3783824418606714
2.3776056593899275
2.3764246217457643
2.3794008803546878
2.3825073303045095
2.3841317261176846
2.3832945741579206
2.3842263164719837
2.387235912636145
2.38984471461812
2.3907124534958886
2.393204329449567
2.3953253872670475
2.3949900344566064
2.3944270011235975
2.397501329199426
2.3968344659580243
2.3957500355935415
2.3947413917850047
2.3942868229926244
2.396205876579732
2.396009629153228
2.3951848393295245
2.3971974672192204
2.396539492440293
2.399536050216253
2.4003354730301125
2.4001155082996073
2.3997305970261062
2.3991735733711255
2.3999686957783783
2.4019052166959423
2.4012065504057607
2.401909552718238
2.4043237155881423
2.4031194561190454
2.404788605644979
2.4040611478260585
2.4032786474078254
2.4028642602116292
2.4042469766706356
2.4038103636015546
2.4032149223571126
2.4061194435395197
2.4068562549445383
2.409700025946407
2.4098652031256886
2.409152051428674
2.4120310335387325
2.411427252748039
2.4140766823943833
2.4149537537278247
2.4170723268202137
2.417713237208361
2.4173503617029977
2.416744888326916
2.416058120873442
2.418137801024649
2.4177979573132093
2.4179745512986117
2.41846344975515
2.4176841914983087
2.416555061669185
2.416098974624613
2.418905165369278
2.4189402451227
2.418230655589058
2.41790610110923
2.417185765773914
2.4167333711040477
2.4161026393245058
2.4157978293031697
2.417854928970337
2.4176334492538287
2.416985978264983
2.41894427644528
2.4185487091621947
2.417819202590633
2.4173744345805264
2.4170386980807366
2.415688279178871
2.4159719267840027
2.419333510750892
2.4204372308209496
2.4198428119521544
2.4195475846050893
2.4189700013964135
2.418296046257019
2.417743237770985
2.4175133933412267
2.4170205713426607
2.416250499237121
2.415814109827509
2.4155983533808794
2.4162238406379126
2.4155994474416045
2.4148973931751074
2.414760505839398
2.41498195294795
2.4144274002610855
2.4172506401142004
2.416507887590618
2.4159215687147153
2.415759626941332
2.4158879563581523
2.4184159946938357
2.417965764652148
2.41706008446681
2.4161401008353622
2.415508087434917
2.418067163822722
2.417363290946921
2.4167874754628826
2.416288147882088
2.4162014678331567
2.412553257446387
2.4125941621951568
2.4117017543270096
2.411141696793344
2.4109795117895874
2.4106580134557216
2.4107569621626737
2.410436067872375
2.409802606478428
2.4095380714702124
2.4091402879988135
2.408886296236062
2.4085146895552105
2.4081780254238785
2.4098712523076755
2.4094241013755124
2.4113503591069634
2.4106896992903857
2.410405930491583
2.409923983994582
2.409069208687029
2.408693766593933
2.408070741670111
2.4085238476346555
2.4081360596054666
2.4079066497176442
2.4081102578536324
2.4104874423952314
2.409911427799211
2.409273574257841
2.4087563489364605
2.407953968754521
2.4073980889396807
2.4066325129546557
2.4063403577089018
2.406881753584091
2.406215186206841
2.4062418943526698
2.40806843484484
2.4076494637211843
2.407118257585463
2.40627753094929
2.405824961528708
2.405377584652309
2.405114492842812
2.405691145403871
2.4052444981083725
2.4047945339512307
2.404403168460334
2.4038649152442453
2.403497062057293
2.4032788917242764
2.4027203776202333
2.4024139708624435
2.401316927833145
2.4008645208047734
2.3971145863167975
2.396533110378179
2.3954568045805065
2.395120497966125
2.3940262882482437
2.393911289686822
2.3931986611699263
2.3924618969325633
2.3919086035393993
2.3914783703504936
2.3908940192937287
2.3905681578581
2.3900797378342107
2.392721795080969
2.3925189497891592
2.3891391034976976
2.3891455341755017
2.388325350345996
2.390423800373635
2.3900382995048415
2.3895092717129542
2.388952489777323
2.388382246663601
2.3877628478893014
2.3873007890100957
2.3861357277894517
2.3852688393200534
2.3847556401182106
2.3839994254139807
2.3860004077607435
2.3858230974709973
2.385313665537241
2.3850487329331584
2.3849562877896187
2.3842639093694675
2.3840296074337917
2.3868674606528617
2.3864155549479293
2.386015843800136
2.385502074407116
2.385182249369344
2.387657077546
2.387445777756362
2.386590202559124
2.383410365943736
2.382582599687414
2.3821295737141397
2.381777669346265
2.38127392786082
2.3830969387407097
2.3838938847855404
2.3833923267433157
2.382929535930076
2.3825680990144193
2.3823592994245177
2.38205298597842
2.3819418366856757
2.381482627804719
2.380981570109725
2.380712173987126
2.3804515063895413
2.380150979299832
2.3797681760787963
2.3797743256957364
2.3794850914547028
2.3789813914568323
2.3779426072023613
2.3775582621769353
2.3793363702744577
2.378256803836423
2.3777228147447897
2.377393812498506
2.3791813069647487
2.3788829174313926
2.3786571360470954
2.378230016307267
2.3777478575967335
2.3774643590541484
2.3774289626742036
2.3768445145472836
2.376548935125596
2.3762224205689537
2.3756560074246447
2.3752349771712944
2.3751427325664527
2.374194972564185
2.37396445651075
2.37361605773101
2.372644670838671
2.372357995764723
2.372014347335388
2.371780701166077
2.3714764300213065
2.3712430550895878
2.3725434564725525
2.374342443347616
2.3741335297039283
2.3738113405870243
2.3735674780148726
2.373070039260604
2.3728975606625524
2.372683083287443
2.372933808793413
2.372734187893356
2.3722973097661497
2.37178416292589
2.3713245866662365
2.3713589743962364
2.3702826520101214
2.3698944461383435
2.36942764601124
2.3686892963686783
2.3684537245097914
2.367984564146409
2.3674258664876473
2.3672358221672516
2.3667641038414815
2.3660374276925134
2.365607595094577
2.367371250718614
2.3668004859215532
2.36646084690989
2.3716084443032743
2.371207410909631
2.3707439158413863
2.3728581383468454
2.372604448518318
2.3726082411454748
2.3723968193397758
2.3718468385990303
2.371598229674268
2.373198197229974
2.3731027104190945
2.3728207439399034
2.372462772538142
2.371713679961531
2.371506333595918
2.3707248125320826
2.3702778115135725
2.369980780348685
2.3714285006552385
2.3712402875625562
2.3712968653562116
2.37200966158409
2.3716836713724856
2.371403554691303
2.37083429267736
2.3699265528451368
2.369569234383759
2.369363372690651
2.3700075118165267
2.368886777436167
2.3703831708792484
2.370181575673139
2.3699520386515127
2.3697020003922877
2.371596050934053
2.3740893797658797
2.3736101388931274
2.3732638141456075
2.373227316057515
2.3727790271197713
2.3725700483322143
2.3721918533374735
2.37196369156866
2.373666058984378
2.3752201574732106
2.374112301679393
2.375951638752613
2.3757605138341154
2.3755105937284138
2.3756104186694142
2.3754109833500174
2.3772663893261012
2.3794311859862134
2.379482183851824
2.378909172391045
2.378653386543537
2.3782273469947453
2.3784542794072876
2.380447459595611
2.382415954685305
2.382318572203318
2.3814904108337043
2.380994791853918
2.383172159670385
2.3844506349414587
2.385762478433004
2.385535456980878
2.3853228340594654
2.3849227676595697
2.384536006128591
2.384544482971858
2.383641644893169
2.3834070366944453
2.3829228474117548
2.3825252699436947
2.3823071664082254
2.3816142070707667
2.381641778559671
2.381382743058177
2.380915723016792
2.382991092480146
2.3827731034483164
2.3822751951309176
2.381943143568469
2.383901538063283
2.383745627654226
2.3834635915081543
2.385358534888529
2.3850113005583524
2.386548599137705
2.3861908213297527
2.3858901828272243
2.3878263701957443
2.388852600811327
2.3883535785059773
2.387976950830758
2.3887124226400345
2.3899410637122003
2.389773907418062
2.389365986904184
2.389003302016348
2.388814644584332
2.3907465328604487
2.390629292655866
2.3923378913922417
2.3919282411745457
2.3924560927092244
2.392108511232056
2.3929954543988803
2.3927798262258015
2.3925099860386356
2.3944535291016993
2.394606454952343
2.394189430570691
2.3936841188475144
2.3944052745861635
2.391784485726719
2.390914272820508
2.3905430508365684
2.390338195670334
2.3917773516224363
2.3913326588943877
2.3926693538366925
2.392486856567706
2.3924079072947007
2.392804689486237
2.392367180385537
2.3921196473847837
2.3918004302558935
2.3916030563277637
2.393124223518895
2.3929493385869365
2.392533829876277
2.3923073508878696
2.3921507708898107
2.391871694658623
2.3938866531556036
2.3936767380887813
2.393954782026882
2.39523750576047
2.3947906215301127
2.3967823686375134
2.396588846137621
2.3961949975753565
2.3958749667738832
2.395658107871183
2.3974352609584524
2.397768564481993
2.397203445005374
2.3989480967573127
2.398437264151972
2.398166306457177
2.3975129206477264
2.3973456670218587
2.3969628446543183
2.3964699570621764
2.396035045943656
2.3945951344920138
2.394271261014794
2.3939213784564006
2.395708076900906
2.394968997945159
2.394517372430905
2.394600256749079
2.395764611272077
2.3955210753246745
2.395605723063151
2.395416462589911
2.3952953312529575
2.394925960157283
2.394919575258499
2.39474199124625
2.394245489291591
2.3938235467682825
2.395767572577111
2.3962993519348013
2.396120357053725
2.397482974934286
2.398730020614851
2.398333817720413
2.400086921583617
2.401797566946472
2.40123330455504
2.403047594251533
2.4025445731439414
2.4019249225699384
2.402963436965213
2.4027860646860466
2.4033096066166397
2.4029062352106103
2.4023061461262887
2.4040953063222363
2.405717515492089
2.405009065679112
2.40461692468579
2.4017767867171282
2.3973289236579975
2.3969483101316786
2.398635163315369
2.3982597124709364
2.3980305445929098
2.3961305145524507
2.396287683744292
2.395868534521031
2.395501359141188
2.3948748243728324
2.3946013237748827
2.394311191474571
2.39203530838168
2.391365032074815
2.391447866296082
2.39097073739757
2.3903182032545645
2.3919737014818834
2.391948116680741
2.3909766517240323
2.3906063017166255
2.3902397057424087
2.390055112221143
2.389686011065956
2.3895073479509072
2.389956355894972
2.3897710507993226
2.3876421834634436
2.3874276661155216
2.387169932163847
2.3868004501562483
2.3861648785859173
2.386138379772504
2.3857509246178212
2.385403695598418
2.385199575352847
2.3846387425530393
2.3842691100979247
2.384059197471707
2.3845473959511136
2.3842181839690304
2.3838291375276173
2.3834410322599173
2.3830590000042338
2.382935334156842
2.382542122913999
2.3852001084920014
2.3845819704817157
2.3860697358062395
2.385873250718379
2.3854805119519162
2.3851066197011197
2.3846453824981313
2.384257764722557
2.38388008357265
2.3834996276085043
2.382745730136734
2.3841952144856355
2.38574223106098
2.385689360976899
2.3852874048369714
2.3850050187867478
2.384476078235037
2.3840712923813796
2.383974305801577
2.3836000261515595
2.383996097156642
2.3835965870845657
2.38299183436582
2.3846486491740664
2.3844647831215804
2.3842362435812716
2.3838456215397006
2.3834678748266818
2.385305252244123
2.3850337478870935
2.384872058771814
2.3846819186306383
2.3853622542912465
2.384472067488033
2.3818622599419257
2.3815118099212644
2.380921497428827
2.380864833109676
2.3802700769587317
2.3795693492965455
2.3793386529641323
2.3789893679178444
2.3784381613052354
2.3774606736526307
2.3770957609474612
2.374163233091788
2.3744246142951746
2.3740600672635166
2.3734509585216337
2.3728856543621495
2.372271326626137
2.373466503535602
2.3731760526266625
2.372788258371721
2.372372346291752
2.3717439539865164
2.371864463133939
2.3717057658176794
2.3713452821614975
2.37287159907043
2.3727358501282096
2.3725273581199855
2.3723868407309054
2.371519126155058
2.3713171307270686
2.370307429916489
2.370191942679919
2.369818620459115
2.3702097584263164
2.3698443801438245
2.370840517260273
2.3701183660905243
2.369750778619633
2.36954508448275
2.369038056662946
2.368703862630574
2.3695781245666456
2.369279262365982
2.369903090191476
2.3696662188495408
2.3708404197898596
2.3700962551196234
2.3701040849318873
2.369696199664879
2.369484208329665
2.3692999145935247
2.3691221420750295
2.370960704211531
2.3721333636259048
2.3737729330872797
2.373801540161856
2.3752852582676525
2.3751929982017925
2.376364537180152
2.3758483063883897
2.3757500288964044
2.3770252810947063
2.3798703860873958
2.381323969472868
2.381149615495605
2.3808333714561867
2.380471146404969
2.381600206367897
2.3813594252119272
2.382579377126766
2.383746944767728
2.382936227537714
2.3826473108327613
2.3829743687743337
2.3825298602543294
2.3819459242274963
2.3815729088851434
2.381413156824901
2.3816181827003486
2.3819602069196044
2.381804596993231
2.3817095014823786
2.381144414144509
2.38076189160347
2.3823690341316057
2.381986156529197
2.38357055018071
2.3832564905508242
2.382907450865846
2.382504507610588
2.383642393532566
2.383310876964104
2.383025090667838
2.382955017805454
2.3826241001165966
2.3822946276084607
2.3821719111646873
2.3818262476391263
2.381539893626814
2.381596729423873
2.381265628804829
2.3809376953271504
2.3805951178293827
2.380127167983041
2.379585446201007
2.3793397239451908
2.3790347130531946
2.380157608319731
2.379978206558844
2.379834284866434
2.3795006000549583
2.378962798726873
2.3786364653171637
2.37830244290532
2.377428064227715
2.377069843617099
2.3768772027020564
2.377030951785345
2.3768426547686956
2.3767314476800037
2.3764914104908987
2.3762015669974
2.3759884730252354
2.375382704616979
2.3751057910157356
2.3753596326263273
2.374804786186965
2.3744956096013388
2.374965522532701
2.3745995333846848
2.3742643245647375
2.3738202133964252
2.373254434124227
2.373260866683971
2.372699255211025
2.3725654412415254
2.3722768423795872
2.3719698959117315
2.37161151459541
2.3713577262971595
2.3709232045520747
2.3702343521022384
2.3695158917416808
2.3691811877540325
2.3686438905569855
2.3683424792405705
2.3682346137785077
2.3678843338148936
2.3675309200953962
2.367414848780666
2.3670841910035287
2.366871214490331
2.366620395022355
2.3664485728248934
2.3660792004748616
2.365728685463017
2.3654020700664535
2.3651121070198977
2.364951704513258
2.3660192665229776
2.3659385038620178
2.365769078235815
2.3661004681469273
2.3656524216051156
2.3656464279244798
2.3639491108456827
2.3633434784244485
2.3630286461026797
2.3627221279171113
2.3624146354927285
2.363773085428088
2.363689216981854
2.3650194087168948
2.3654628292864324
2.366364233133172
2.366330113754646
2.3676900788620636
2.3664688699150487
2.3662192028994
2.365892189495728
2.36559920680074
2.366985361916678
2.366668955363271
2.366493887260878
2.3661349733283688
2.3658820903491775
2.3673962800039186
2.3670744108376116
2.366058011491487
2.36727051807623
2.3670744862913096
2.3668948480414684
2.366666304619975
2.3683975219067492
2.3677047168352328
2.367512171148349
2.36849715578145
2.3682149881169683
2.3693122959005604
2.3691406355015756
2.3683002773964423
2.3687737849979467
2.3683913554791567
2.3681985742847806
2.3692021049426253
2.3683427551823826
2.3678236105670667
2.3691905302025535
2.3704423840818913
2.3701384634655467
2.3708993010833614
2.3706399925739694
2.371004169016548
2.371196321833272
2.3703089484726703
2.3713056542907465
2.370791989929822
2.371653137848865
2.371910385463549
2.3717752653809527
2.3728881283401635
2.3731518734107584
2.3733722423796406
2.372903074052742
2.3732141462811276
2.3734746877207313
2.372632167790387
2.3719912698991714
2.373394619919832
2.373664409826514
2.3739441184984704
2.3748991141014226
2.3752107228757877
2.3749566401845668
2.375276108569471
2.376480578416146
2.3768709423876224
2.377182854723994
2.3774299104183374
2.3778066633535997
2.378368676067595
2.3780418806535035
2.377828389227032
2.3787940126235716
2.3790972180331527
2.379210279782613
2.3804751425723407
2.3808173261850714
2.380475630699914
2.3820890460876707
2.3824194157242378
2.3833882241926663
2.3835931229290774
2.384630174314312
2.38503911686386
2.3848489639774852
2.3863059150549373
2.3858089834924727
2.386128843500373
2.3858381986932993
2.3868678469075624
2.38632055621663
2.385757003399441
2.3856378949206807
2.3854801865138846
2.3851773022036804
2.3866389220988258
2.3881397754854663
2.387821271242629
2.38764681966286
2.386698094821367
2.3877261142743214
2.3878172151232047
2.3874292097478635
2.3879453813117495
2.3883664115581635
2.389633674235378
2.3893352418593263
2.3892833536462854
2.39053484840219
2.3916733917273607
2.392399065041294
2.3921903903094996
2.3945572723492843
2.394487388882256
2.3947613277992645
2.394493116951855
2.3937295107835306
2.395038616325047
2.3964968136864004
2.3975759040190563
2.397058428798888
2.3980908631199624
2.397803172584652
2.398579640570112
2.398537227261451
2.398763116907874
2.398990031831043
2.3981392070391987
2.3991720924966584
2.398866599779037
2.398651549013231
2.399916291160314
2.399502777471775
2.4009324638716603
2.401307645210853
2.402266482830353
2.4027060012353365
2.402548582524881
2.4021888733519923
2.401871623779638
2.4015480293624702
2.401118962568467
2.400944700654672
2.401710204974795
2.4013435875534253
2.400770631889717
2.4006228948974124
2.402163586946937
2.402096117466802
2.4018939610133097
2.4027584677722853
2.403191001640518
2.403043332661966
2.402734531791547
2.4036390327200103
2.4035045622572877
2.4048612619621865
2.4044434254634854
2.4041514538153255
2.4036785719898597
2.403368647582594
2.4031678093403634
2.4031087819214734
2.402655237346719
2.4023347008903073
2.4026864830762764
2.401936321102794
2.4031521860938065
2.4030318179423715
2.4037760338439464
2.40519489665378
2.4050478133546163
2.40488443595447
2.404854629396125
2.4046854965388773
2.4045198178157294
2.4054474787468023
2.4053539014650895
2.4051586242388012
2.4061820178759805
2.4059495802685746
2.405633057283925
2.4060722074994993
2.407171939455107
2.406867465617494
2.408029925963806
2.407839914113653
2.4074294574498687
2.407131910619535
2.4079095813881133
2.4076321483543603
2.4074430276968632
2.4072653939314326
2.407138728152977
2.4081662083849493
2.40792269121343
2.4078226911154395
2.407514181095953
2.408775241797781
2.4094307044102594
2.409185775091727
2.4090112076262864
2.408702356955929
2.4087173524555654
2.410046952926308
2.409813176628127
2.4096484477905666
2.4093725233083845
2.4089439018849497
2.409451875482495
2.408959618261799
2.4087417698081266
2.4084460976941826
2.4082456779887287
2.4094317549612465
2.409104460408817
2.4088798360615495
2.408656247853507
2.4093952756148473
2.4092324320668506
2.4105018730731373
2.4103000404332433
2.4113352868742157
2.41085056075911
2.4109636287978202
2.4107616030036283
2.41105301963215
2.411960413148745
2.4116889961973786
2.412977398846445
2.4127315911981793
2.413551108263024
2.41331349135308
2.412917212163777
2.4126651254044957
2.4111434149541293
2.4110595547715654
2.4107759818434715
2.4110298321411774
2.4104937359350784
2.411704581157133
2.411512595429409
2.412709356711395
2.412354670027773
2.4122132719954212
2.41308886183506
2.412769515145274
2.414004967346556
2.413805052771497
2.4144191034938385
2.414277222445129
2.414039220656485
2.414415907334401
2.4142474148954665
2.415356153820612
2.416613352709803
2.41620926310176
2.4159497496917526
2.417223565444041
2.416965876185597
2.4176561200696476
2.4185990846552556
2.4183915262747404
2.419572866174596
2.4192795932539677
2.420687133397898
2.4205042922982645
2.420489378634141
2.4202990655702123
2.420022650428538
2.419637748755352
2.4196039559001496
2.4193451683825784
2.4189856550272775
2.419700506502989
2.420823881965126
2.420551956504916
2.4204182424735574
2.4199121015162763
2.4195143637036662
2.4208881786572145
2.419388630293907
2.4193108738514413
2.420552480576123
2.4211656949787494
2.4218827973870733
2.42299342252827
2.4242337150406907
2.423729294524604
2.4246619344799063
2.425802879616601
2.425614667535175
2.4254717035349027
2.4255932960864905
2.4253997495365476
2.4252472013771293
2.4247896018548243
2.425466843618863
2.425210361132616
2.4248274899523037
2.4245866270804846
3.486285539773794
3.486366971517574
3.486549979066105
3.4855411903412183
3.4845758179193003
3.4835960251787266
3.4826914060356295
3.4816692457770424
3.48195526513411
3.481095919674916
3.4802742650140077
3.4805926013266903
3.479710588230613
3.4787347595946247
3.4787815398206945
3.477941884907014
3.478106559655045
3.4771631732156325
3.4772345147681496
3.4762887422771147
3.475392591891935
3.475724568911961
3.47281401641837
3.4720589803139688
3.471227918002869
3.4706281793762814
3.469948633113592
3.469075173495775
3.4681576082188386
3.4672731614505925
3.466371191767129
3.4654814797595845
3.4645725671333025
3.463973693122799
3.4634980122788965
3.462360559576969
3.461810502433561
3.460928739230378
3.4611982096374305
3.460551674855234
3.4596687117538885
3.4587709078473736
3.457907453482092
3.455022121362783
3.4542272030467718
3.45314025758086
3.4523822581023396
3.449676978581403
3.4505103557297354
3.449664381767243
3.448898960444261
3.448015916100126
3.4471588982060353
3.4464696494137206
3.447019894472829
3.44633781316231
3.4468565505889703
3.4461061733271436
3.4453254657084718
3.4444732196100727
3.4434413195454647
3.442868935084516
3.441833780627851
3.4409930583826345
3.4402457734524274
3.439262753005285
3.4385758227315444
3.4379186092183747
3.4371408145957525
3.436111895393359
3.435409163264403
3.4358112361123014
3.4351695224874037
3.4345541615895616
3.433155612386124
3.4337523836741406
3.4327331137564907
3.4320027631949324
3.4313328974422075
3.4302994200988586
3.4294976529270262
3.4285701392372494
3.4278442696763136
3.427208727020524
3.4264865479235738
3.4257463802992314
3.4250117741553847
3.425340866125547
3.424625120341025
3.423926554710229
3.4244471535340026
3.423479553246707
3.4225240993499755
3.4216546189745833
3.4208434535038554
3.4200453108718674
3.417225773086965
3.4164278616610932
3.4155992754942464
3.4148716297035198
3.4146006143730103
3.4139302544762717
3.413268728193894
3.41243524855093
3.4118216189518327
3.41098002041728
3.4109168140784556
3.410229420156857
3.4100411962090824
3.4092248047555973
3.409132624784416
3.4083523918296588
3.407352289425074
3.4076357752681745
3.407396515726527
3.4076915136732366
3.406853698395394
3.4072913838875483
3.4062976086628876
3.4057552527557884
3.4050571488974035
3.4037512891054797
3.402907624198445
3.402219538927463
3.4015027514315013
3.4008626742924717
3.4002326253921753
3.3994516307855407
3.398457113193262
3.39772654424351
3.3969185260232426
3.3963388358619833
3.3955161223968635
3.394861285164194
3.3941314321258593
3.3936322243089916
3.3929981394885056
3.392172644827724
3.391474121910894
3.3905445927295594
3.3899412718755584
3.3892746631622312
3.388358329023634
3.3873966911338274
3.386651969819277
3.3842686088795357
3.3835917138977294
3.382907126079077
3.3833141319307316
3.382658170413566
3.3818626057247902
3.381017625521501
3.3803484855534602
3.3808606538479613
3.3801566429905567
3.380217507655028
3.3794793090386595
3.380224875617481
3.3807906158626615
3.380150203468178
3.3807730045670885
3.3801551940320413
3.379407983110274
3.380009576191515
3.3794359002005367
3.3786251686748705
3.3777018372226175
3.3767664267061637
3.375998300436103
3.3751052618026733
3.375683855822706
3.376239808508882
3.3761884291008246
3.375301666354733
3.3750621957763944
3.3743201967309284
3.373825289578041
3.371353894955066
3.3705796543956428
3.36809046830912
3.367757921860625
3.367104547364371
3.367549895619029
3.3668391312162083
3.3670639666587596
3.3663046871090034
3.365475840699964
3.3637182556499132
3.3640595493782097
3.363414699077359
3.362711941676516
3.3629892358142146
3.363177608455401
3.3628479423206867
3.3624181531477664
3.36146789046069
3.3617676944002866
3.3599893645314145
3.359386733837453
3.358729225194122
3.3591321927484254
3.35838010237389
3.3585136604947814
3.357707619175975
3.357545181702414
3.356741114776321
3.3559278446481895
3.3551152769365142
3.3545632128477956
3.3544639893625794
3.3537786740899516
3.354158915372995
3.3539402425014195
3.353145063534135
3.350532519414701
3.3497493676822203
3.3493574105645005
3.3495169437595576
3.348739508588906
3.348045423969193
3.348366902190812
3.3474095233662404
3.3466114876345636
3.3457992856622774
3.3451424108746095
3.344350787034168
3.3435906149969945
3.342906607912468
3.342094641027412
3.3424403494296793
3.3417983282641104
3.3408272556699754
3.339887586858645
3.339740180389203
3.338933125817667
3.338310278156136
3.337520378803917
3.3378399972910824
3.33698266135911
3.3363101901641814
3.3353689133518873
3.335478263211816
3.335097983674974
3.3344065820816127
3.3336121324569947
3.332922011718942
3.3332831030045633
3.3329019614902644
3.3321941715610817
3.331350545777694
3.330696987386924
3.3300089183493156
3.3292209351637276
3.3296599507750546
3.3291555841564535
3.3291817373500434
3.329542093382092
3.328887916769334
3.3286579193414987
3.328572016349132
3.3288543977737426
3.3281537467750653
3.3285821617900075
3.3279084617711874
3.327380012014431
3.3279412898636815
3.327198862197511
3.3265190029476908
3.325893948871301
3.325967582438703
3.3263564291285044
3.325533658458723
3.324873841306561
3.3239990743427685
3.3233137748684167
3.3238619458882446
3.3232117355579422
3.3223824498673507
3.3217489257440103
3.3209899774336944
3.32131715977546
3.3206748300587288
3.319940677500384
3.3202989357153023
3.3204198618651377
3.3207569874657525
3.3200945998932743
3.3193203654851478
3.3186453218761045
3.3179012837229016
3.316942990824507
3.3173886405488413
3.3167041411080698
3.3170687976401836
3.3164019177914135
3.3157239097342153
3.315010295401388
3.314216604288969
3.3134371837760095
3.3139732532959583
3.313309190320034
3.312615918505723
3.311847330540798
3.3111779609265657
4.491451544654346
4.492302495401471
4.491612083051911
4.490674347311447
4.489797023241408
4.488980451172418
4.488318258843771
4.487577952273819
4.488501840980894
4.487724948150032
4.488579722667274
4.487966194988167
4.487692618532403
4.487100275500515
4.486248084824565
4.487156897971444
4.486333863827789
4.485688762951684
4.484939107376898
4.484326129969728
4.486836160800253
4.486059683691214
4.485090468190647
4.482521819653317
4.481701986751676
4.4791272690421655
4.475955190718375
4.476832046573165
4.476253537442311
4.475386322004028
4.474601593279299
4.473982524825932
4.470406765206853
4.47098279663511
4.469892324991542
4.469091000232037
4.469956392521481
4.469124703142124
4.468296350905012
4.467686945565359
4.467239703556863
4.466351546967429
4.465526564847562
4.463707698798328
4.4631164203742175
4.4640036255192355
4.463388901289183
5.48070999096415
5.479073508459367
5.47900646300543
5.475123251199042
5.474545156848017
5.472840606259756
5.4711046531477905
5.469352518164987
5.468505093312456
5.466614348273123
5.464866457419578
5.463059094392857
5.461223930501644
5.459410019331809
5.454895276333097
5.453160394280797
5.4513621311106615
5.449494404335544
5.447627694343373
5.4458498260557455
5.444782375164752
5.442962878270849
5.442092063514608
5.440668842896953
5.43852508449734
5.436855835746316
5.436282071546912
5.434586609592447
5.4327842352309625
5.430970864656555
5.429192205549965
5.4274171125939175
5.427584671280845
5.426194994985023
5.421787712557254
5.42095090086094
5.420162576350532
5.418371712079775
5.417580718022187
5.415879086801939
5.4139934090574675
5.41226116716027
5.410426522102303
5.4091365348492095
5.407429855631226
5.405741095542908
5.404105084409922
5.402516522332054
5.400552320058759
5.39896199581235
5.398320348248378
5.396747123131521
5.395175564970131
5.393585145750197
5.392379497983892
5.390896226567992
5.389323290487545
5.387698736535498
5.386011061485082
5.384514270226161
5.382817742891855
5.381145111286012
5.379468217030532
5.377683857121882
5.376006059778756
5.374418486298397
5.372797642317465
5.371010608778668
5.369190245303431
5.367869876496803
5.3662913279399405
5.364723172855202
5.362950383821392
5.3611247065753815
5.359267457216635
5.357685355579152
5.356104735995193
5.354388745910427
5.35244693686077
5.350861480367293
5.348732732403776
5.347209936648088
5.345534117681631
5.3438806640796175
5.34286544557567
5.341105570186744
5.339437504146106
5.337760128857231
5.3361110542396695
5.334533884862786
5.332978015183206
5.331516046376124
5.329965325180276
5.328318254341292
5.326545600847665
5.325024340322109
5.323395091835129
5.322621574610119
5.32085515694924
5.319163919145411
5.31760793975785
5.316674357430704
5.3151573572059245
5.313544487239229
5.311915253295379
5.310363798387896
5.3095758915163564
5.308038170354954
5.307235773249739
5.305715253126567
5.304144049057427
5.302540186300847
5.300583770789014
5.2990834533145215
5.297496854962937
5.2959094857696165
5.29471009294891
5.293094786681819
5.292515541637949
5.291019735465179
5.2895272297668114
5.287943475746443
5.2864129585132265
5.284819565767007
5.283262774113859
5.281666109718295
5.280759629402452
5.280016083905684
5.278414994090488
5.276911086351882
5.276333775129194
5.2748974726191555
5.273447890693811
5.271855319090581
5.27021442899768
5.26947545184219
5.2688745651918705
5.267411249359342
5.265969283988615
5.265187308405127
5.263977629007478
5.26250213868484
5.2610434693945765
5.259466368671832
5.257826053432473
5.256254865564837
5.255708883643734
5.254734247816839
5.253237039049555
5.251772830963135
5.250942816050092
5.249508000394167
5.247873333894143
5.247286711737659
5.245842708029398
5.244314304268952
5.242768773369204
5.242274309387241
5.241790744043547
5.707746518818678
5.705798817440136
5.705093980784126
5.703683003039155
5.701827043252783
5.700782242726543
5.696563120292155
5.69598949701908
5.6942805594523715
5.6933968319241695
5.691995776943675
5.6902174707239785
5.689281876581228
5.688185982255424
5.686530422273573
5.68479239018814
5.683486926330513
5.682376626188866
5.680660242258116
5.6764842339222605
5.674731887400307
5.673929453731575
5.672321417181379
5.670479211348152
5.668862596688725
5.667901647210798
5.66626765042335
5.664425113618816
5.662711462703855
5.660963352774491
5.659367256763718
5.658333022262767
5.65658301982863
5.654970202310932
5.653352666503461
5.651543723120085
5.649871858334521
5.64805768364769
5.647116962412129
5.645445438117268
5.64515692384009
5.644222136947625
5.642522283829749
5.640900843986461
5.640191796646879
5.638468163014491
5.636778109718237
5.635082334086409
5.6333991036270605
5.631799146655523
5.630191058848556
5.628640530895888
5.624502783460184
5.6227031595142805
5.62108254854567
5.620153185002653
5.618436058824974
5.616757434503786
5.6150393820897815
5.613335795283421
5.611665103028059
5.610723495278219
5.609069280316753
5.60774234134579
5.606159444935187
5.604386638837172
5.602891246358332
5.601241366034413
5.599564315831902
5.598867981654702
5.597174535122646
5.596054936742415
5.594377415900057
5.593592099947472
5.591922531691075
5.591190612856601
5.589529296280533
5.587952809150402
5.586363326988888
5.582910057829833
5.582181003821995
5.5804736801302
5.579476014427517
5.577875425828788
5.576051936340495
5.574770222526248
5.573174141315704
5.5714163808607635
5.569726266017576
5.568441684530788
5.566898860258882
5.566015411992488
5.565153066189058
5.5634832463124875
5.561762846759864
5.5609195284946535
5.557016403076256
5.555449840681317
5.553970852192811
5.5523424145533955
5.550731059814356
5.549251086411593
5.547725317898208
5.546192732211706
5.544571452927821
5.543040536526386
5.541444649529427
5.539820090413697
5.5382141301363665
5.536546930005396
5.534812024668644
5.53427178560684
5.530367659559964
5.5287613671283955
5.52714527084046
5.525648044568558
5.524058004870923
5.522480445402388
5.5208846028619165
5.520340826526378
5.519642497348066
5.518871583247415
5.5176535388532795
5.516945319976104
5.5153394949486065
5.514552532604478
5.513019413653026
5.511258116238694
5.5097853860560315
5.5082348755854404
5.50678324759106
5.505246345530364
5.504464723250585
5.504089797621421
5.502548604607582
5.501930438295497
5.501170034313281
5.5006109801025325
5.500469715047795
5.499815776392724
5.498885361928298
5.4971654281410185
5.495481547327136
5.493974114711377
5.492551142249365
5.491095144389725
5.489577839129402
5.488865279874711
5.487206393959311
5.485516016132837
5.4840646971337845
5.4832885710227375
5.481841644440139
5.480397073726804
5.478729538779613
5.477233435978627
5.476644749586293
5.476026463400368
5.474546305417228
5.473074227362564
5.471624916482345
5.470116914030845
5.46923704339802
5.467789132588192
5.466239274185871
5.464696455570662
5.463891699518028
5.463387703924967
5.46267909022169
5.46114174296479
5.460554324836762
5.458921753973759
5.458427156748783
5.457066965767867
5.455618246070674
5.454814453781359
5.453406115031262
5.451884989947312
5.450372198599645
5.448920043602068
5.447405865030609
5.4459416000123015
5.444317927742316
5.442878686150223
5.441442653500304
5.43999366554033
5.439253905274545
5.438735832256343
5.437243689631872
5.435736440106953
5.434266706048859
5.43280691813297
5.431311544894784
5.42988564484291
5.428404822969824
5.426970942046574
5.425668014441923
5.424127006646922
5.422657839953899
5.4214864252063375
5.420039460703501
5.418566296252346
5.417254874346901
5.415780123161758
5.414306324310148
5.4114225180789495
5.409941428015216
5.4084530686214265
5.407047647900051
5.40555441215851
5.404589093977951
5.403197059042517
5.401718322573866
5.400332422506425
5.398937405525125
5.3974549364986
5.396066034411501
5.3948278426164205
5.393057796029257
5.391541505857331
5.3879985643544765
5.386549851175004
5.385193382784066
5.383727725180982
5.382225750920095
5.380683887067015
5.379224174005467
5.377791778166929
5.376446579033748
5.374986601773386
5.373614637636012
5.372824333724426
5.372363666343689
5.371023770572185
5.367504398774205
5.366019630298828
5.365881900539893
6.8231337963821215
6.821561581973398
6.8196188928217785
6.819290772810929
6.817952382991988
6.815904081318778
6.813731437181212
6.81165401896679
6.809583939060675
6.80741833313322
6.805353458905637
6.803357049213026
6.801281225785459
6.799309195294746
6.798005847703843
6.796315751819089
6.794379135997025
6.793220415693685
6.791196465775631
6.789626369854012
6.7876857841005425
6.785843665296964
6.7838663554078416
6.782192715734962
6.780281328401076
6.778373910428412
6.776744093186859
6.774818196957449
6.773204756987405
6.772819603876719
6.770854644312844
6.7700470949563165
6.768688142158743
6.766765697775229
6.7667415673338525
6.765996375735094
6.764422358536139
6.762545428686709
6.76065432425565
6.758804384617534
6.757794301807646
6.756756572569873
6.755449966789228
6.754523307681318
6.7535392595739925
6.752317492142232
6.750533160277668
6.749608112698296
6.74845103481923
6.747424545866636
6.746448777091335
6.744661599432625
6.743716617316544
6.7427183165593085
6.741430817823857
6.739801842921509
6.737894796841225
6.736719175469722
6.7356708892236075
6.73380065429048
6.7325259991576685
6.731323020022622
6.730283688997554
6.729167042840265
6.7272063301694995
6.726686920743191
6.7249921529697225
6.723472697606033
6.722415340159786
6.721207466032898
6.719374049431789
6.718144557621296
6.717118193420724
6.715575147941622
6.714792475681897
6.712911667264002
6.711178649035099
6.710114857784039
6.708183187633845
6.706936766331155
6.7059488258708475
6.703922312647669
6.702808794595727
6.701577806343853
6.700328667743786
6.699799418403392
6.698784445262985
6.697285368412193
6.696193315381717
6.695376346290456
6.69351107093329
6.6922544369020045
6.691227233988033
6.690181755937031
6.689157435527215
6.687465702098684
6.6860186081497055
6.685292635154505
6.683372576024309
6.682329392845022
6.681623014320526
6.680543607160146
6.6790271799988545
6.677956442030603
6.6761153675130505
6.674450257143176
6.673404611270606
6.67159659252101
6.670583379934467
6.669391276047745
6.668268696066072
6.667248520725412
6.666224796868536
6.6643628256609535
6.66341822547767
6.661610468158918
6.659712378984185
6.657905388369253
6.656095293509524
6.654231721605574
6.653135497698962
6.651197000651655
6.649327361601854
6.647467157876097
6.645953692138875
6.644183138847714
6.642377909374817
6.640514676216841
6.638759670876697
6.637554327948496
6.635865546593355
6.6340312381834075
6.632250180020307
6.630483013339547
6.628735928101973
6.626931662272432
6.625798903027779
6.624508780780003
6.620175877951494
6.618395696241389
6.617515230791318
6.6162630635626005
6.614508451268825
6.612675050609517
6.610916757349786
6.609117356001162
6.607177880948955
6.605868265605458
6.6040839818462365
6.602247793092785
6.600415674689842
6.598595020823052
6.597396776253857
6.59619562455586
6.594395489497366
6.593470204154142
6.5925880395242515
6.590771238904099
6.589017877882909
6.5870316088512615
6.585998445671062
6.585005152618688
6.583165615048914
6.581504902143157
6.579710851399383
6.577961117386104
6.57620372328025
6.647418615170709
6.64634060066437
6.644569955688243
6.640119821478663
6.638231835733737
6.636417295772638
6.634616192487228
6.632792808776645
6.630861046684797
6.629411161123551
6.627642480843116
6.625834952426862
6.624072460512446
6.622151592568982
6.620251147088263
6.618551722423738
6.61694637393916
6.615204284927997
6.613323469211566
6.611677340604503
6.60755534094236
6.605886469516747
6.604011900695365
6.602264753577002
6.60048046262176
6.598709037947416
6.596954313408085
6.595195966167358
6.593422004633402
6.591524886644261
6.589756773739326
6.587871819349246
6.586068646594375
6.5843836118832595
6.582623635710825
6.5808852819972525
6.579110520427558
6.57731149058653
6.575417528015423
6.574081826693006
6.57209340233866
6.570332215733505
6.568663059744088
6.5674660235654345
6.565725816698635
6.563982989673271
6.562527067428297
6.561261951682588
6.559546867481237
6.557788081737833
6.556033000645179
6.5542914306981945
6.552556140244532
6.550796160028723
6.549035995871156
6.547310779663024
6.54546855396617
6.543723627276094
6.542201933323596
6.540464738343708
6.539426896394345
6.537843687411508
6.536187167059687
6.534452011481651
6.533386600800674
6.532505331314293
6.530852703783827
6.529840827379355
6.528010055205565
6.526421593316917
6.524628530083481
6.522842782256297
6.521836543360825
6.52082888609108
6.519122876860878
6.517612413768983
6.51599239549318
6.514323696845928
6.512660681465526
6.511057439257143
6.509612908989667
6.507996534842878
6.506953939222788
6.5049235894222885
6.503126021917316
6.502293238731365
6.501469721231316
6.500121153397617
6.498426864012623
6.497311485783747
6.495616351187617
6.493972085725972
6.492971643202567
6.49128522568121
6.4903881679803455
6.489587612076384
6.487872011475749
6.486307446637654
6.484593967611015
6.4829852624841635
6.48191557116055
6.480141298179365
6.4782233055415475
6.476406688010705
6.474617926336879
6.473009999901731
6.471396015583397
6.469691434268081
6.467891581270886
6.467047429298798
6.465256298093255
6.461554243369629
6.45991901934211
6.4560189390643785
6.454359500575544
6.452670650161213
6.451804633471654
6.450210595600081
6.4485472562657575
6.446574625305759
6.444946556708231
6.44311567986595
6.441418244923864
6.440155981183691
6.438465356911871
6.436832511590882
6.435039818371924
6.4341734586977495
6.432266245717588
6.430488413153996
6.428881216762412
6.427295134643848
6.425681856603385
6.423912710076505
6.422597675031822
6.420845879637131
6.419997164520204
6.419243194027862
6.418400419706648
6.416606461024259
6.414700021635479
6.412730851381457
6.410974501548929
6.409302488534597
6.407636003913312
6.406303572392911
6.4055232984823816
6.403718588077917
6.401818190410638
6.399937337643273
6.398327929885924
6.396685392117492
6.394837465724338
6.393105811089098
6.391459703866372
6.389817505138652
6.3879569484553205
6.386942538760957
6.385407352649274
6.383900023363911
6.383044770269683
6.381413798132343
6.37973977411297
6.378065324929011
6.376511008281426
6.375575710927941
6.373859330152492
6.372751950212019
6.371888945157982
6.3702597551108
6.368674309233601
6.367198831033355
6.365691325371725
6.364147224078384
6.362882229255259
6.361337135099671
6.35971745754675
6.358101111827924
6.357288527138093
6.355785023135492
6.3542330647949745
6.352592935842332
6.350983862693493
6.349382341512222
6.347605517325412
6.346790855179872
6.345218870559884
6.343752757250535
6.342744930424394
6.341845088276166
6.340395508866596
6.338828453996033
6.337213183695431
6.335652245996887
6.334147879257175
6.332708074620822
6.331109871197344
6.330586621325949
6.328999672711973
6.32745256604608
6.325970594712311
6.325383490263981
6.323666627042823
6.322040733633998
6.320490328575653
6.318998180079121
6.317420580846758
6.315922675223656
6.314419516489395
6.312942151590578
6.311435739336912
6.309892026641122
6.306106451266119
6.304597059226135
6.303051809847582
6.302191567239715
6.3014571252470395
6.299955411922207
6.2984643854023386
6.296958868712537
6.295402450041756
6.293899397027904
6.293242025441114
6.2917328119113645
6.290214367829394
6.288683383097005
6.287117439128856
6.285624264029905
6.2850520068687965
6.283498785518715
6.282096839106833
6.2792084282593645
6.278315755528408
6.276537495546639
6.275056788589174
6.274129891763625
6.272665786481525
6.271211176242247
6.269712312978126
6.268003197474282
6.266579774144578
6.265565801834007
6.264107434330208
6.262666933021846
6.261213984681872
6.2596748661791155
6.258053646133277
6.256759857210968
6.255188777391377
6.253630733196952
6.252044721675
6.250534086331537
6.249141450874802
6.247660697542926
6.246139705953097
6.244698737467777
6.243257230650177
6.2418265953167875
6.24038813623788
6.238876937481367
6.237946318363657
6.236483681651857
6.235066231864395
6.233698591341828
6.232214701402446
6.23073365247108
6.229527953604978
6.228023855573734
6.226608922394192
6.225516997583441
6.224024359573752
6.222581914868123
6.221034098285323
6.2202617140329775
6.218776281168918
6.217160840688018
6.215747387789905
6.214359795599722
6.212941415492065
6.211494375862516
6.209919189198597
6.208423372218433
6.206969876131603
6.205320001251988
6.203837966388054
6.202354418769052
6.201422252449246
6.1999035861944565
6.19850621237909
6.1970121972927865
6.195595370077525
6.194109618643726
6.192667655315887
6.191188674321128
6.189726465968534
6.189035414447304
6.187745816925521
6.187037291765454
6.185594061223191
6.184114300912561
6.182599626051499
6.18106964449481
6.179636563973328
6.178195338020619
6.176603935119614
6.175220633671311
6.173751862354113
6.1723342234768275
6.1711402985465575
6.169717119225853
6.1682664725294085
6.166814611094407
6.166441423290554
6.1648880545606275
6.163536027422251
6.162048020068314
6.160522949313608
6.158951745178049
6.157493659780374
6.156033301361404
6.154682958841324
6.153576000417641
6.152120624678203
6.1514385090325225
6.150055129264547
6.149425266269043
6.152267774659954
6.151581122623871
6.150576525149828
6.149898213776056
6.149142168922678
6.14762655479573
6.146936778924063
6.14548042277106
6.144378269834082
6.143525672314772
6.142169093579765
6.140601245069646
6.139133834143677
6.137711677538634
6.136664996320838
6.135254944527003
6.133963900240426
6.132550370957415
6.131148856231775
6.130196219515209
6.128749981276341
6.1272139231836515
6.125870923463703
6.124439850464321
6.123703514860802
6.122203896125131
6.121618712719009
6.12077424222001
6.119407479041646
6.11874957469582
6.117851066023936
6.1170928844857615
6.11580987522836
6.115187674770625
6.113774792379455
6.113092151843808
6.111577530897894
6.110880643256667
6.109176570341559
6.107666231571943
6.106904640920994
6.1052270973163
6.103748544776846
6.102433996069193
6.101091366674079
6.099587905528076
7.308781688210224
7.3068506250684475
7.305090782762589
7.303222294524922
7.30137243492441
7.299496039012151
7.298312705743539
7.297136813217068
7.2955382375156175
7.293695807184358
7.292121241717148
7.290170392373633
7.2884075109392175
7.286631613726717
7.2848049151065375
7.28303100583139
7.281223554110745
7.279480399585151
7.277752226494035
7.2762508797591225
7.274484386434779
7.272657439330871
7.270960134271685
7.26680787789341
7.265743003017064
7.2639438914664
7.262256357645826
7.260547533205577
7.258853857875528
7.25715358020577
7.255343699586728
7.253588927858998
7.251576900714027
7.250663512879505
7.249638504992808
7.247977312596351
7.246970988431383
7.246027330287452
7.2444026178621
7.242696855848542
7.2410593989440395
7.239953467286473
7.2382239521223815
7.236917372590812
7.2352519671994715
7.233541170268616
7.231870757798758
7.230035788243817
7.228406221087768
7.227470683636471
7.225910624956801
7.224966044355299
7.223215555722395
7.222105320238407
7.220311413557153
7.219310721682152
7.217653996233543
7.215996000621097
7.21429287249235
7.212531082810964
7.210824179258754
7.2097659997627686
7.208091422642789
7.206590115029331
7.204849477834643
7.203149242841563
7.201308333288977
7.1996600637069115
7.1986601732358535
7.196876785680318
7.195560651217902
7.193822576508174
7.192125308990478
7.190504662134826
7.188886914651235
7.187247668995576
7.18548471137486
7.183787142963836
7.182742186378496
7.18100063401925
7.179270301502884
7.17752958188486
7.175826280995419
7.174093454011849
7.1723790409688855
7.1706389273101925
7.1689060014613535
7.16746249586154
7.165713008366281
7.163877332612711
7.16271703470068
7.161060665627472
7.159320212320227
7.157637513297725
7.155957276002164
7.1542226323784535
7.1524575171526665
7.151404587957594
7.149787180690832
7.148774720463656
7.147767236790051
7.145947754042921
7.144224963059705
7.143026511780965
7.141331954058265
7.139630435387343
7.138580709139204
7.13756108812139
7.135868537806892
7.134148553607586
7.133158605836669
7.1315015965104855
7.130516613000565
7.129678293940242
7.127869888476705
7.126897288994356
7.125105903290844
7.1233964653045225
7.122415516211835
7.1207263559140594
7.119713736226647
7.118079267963345
7.116287456797803
7.115184442072131
7.114215551099576
7.1125226697507635
7.111114904392287
7.109394754178869
7.108404026133427
7.107452896763737
7.106350399359494
7.105431373844195
7.103750854309538
7.101918991900658
7.100966323532952
7.099847521731067
7.099134966062879
7.09814559068052
7.0972293668763085
7.096304165838954
7.094660472317321
7.093717219908684
7.092732995216835
7.091148686200119
7.090218380088913
7.089275884956327
7.087609016958644
7.086020156517625
7.084758867810794
7.083655570016512
7.082658615999582
7.081016300174032
7.079570739540778
7.077986620622208
7.077042732054398
7.075698410409347
7.074052888903524
7.072393641070785
7.070746888478795
7.069786099167274
7.068605314932098
7.067666452718805
7.066142782860929
7.064935198322457
7.063394699624358
7.061759136788514
7.060120922691817
7.058463655939754
7.057165984225103
7.055601552952009
7.0546113626578935
7.052984583392629
7.051387034275735
7.049768919761478
