0.1231175847821068
0.2938693385444171
0.44454834241886365
0.396038821167603
0.35169548557505054
0.4086746918584846
0.42530894686192916
0.4606235341249099
0.4976272154290363
0.4557050333258577
0.4604056490253127
0.4586273965370081
0.4712183784438797
0.44707381748629804
0.4567947348629431
0.4514352149662328
0.4579064249522736
0.4648511342370171
0.4661551174506987
0.4860899115948643
0.47558914678729475
0.4912791395701174
0.5003227029466651
0.5149364232561495
0.5119438520037425
0.5240939697110195
0.5227592078688176
0.508586621955692
0.4814490994493975
0.49080238717831465
0.48632988153843665
0.4828092888253072
0.4770590775410495
0.4716463729737446
0.4713272139895919
0.4609617947103209
0.4449405429998771
0.4480497933139768
0.458413246038761
0.45807068168836673
0.46502169900009177
0.4752926750732055
0.4751542035202316
0.4742899604367076
0.4722671228923718
0.4656284260649876
0.46249658316600367
0.4534280227117683
0.4447082530442343
0.45199850712846384
0.4571205136430181
0.45412088157694874
0.45558343293313225
0.46337524553461956
0.4695373914539173
0.46971121874660904
0.4763555877365807
0.48167918706716495
0.4823072334177547
0.4761218782028306
0.4830423222816429
0.4793719563439691
0.4780331010102109
0.48472929869673126
0.490163500026481
0.48743215784382876
0.48314653107872507
0.47606596233838544
0.47743022133919116
0.4828224792702598
0.4793188471851415
0.47324635979750546
0.4764904049853085
0.47625279938190346
0.47350688959144355
0.4692189498534517
0.47053066478461447
0.4676611502517463
0.463224812728522
0.4658614256093919
0.47110584718471277
0.47567792892167987
0.4739973357079871
0.47611171815619074
0.4708878341796606
0.4720781092482458
0.4768861623579731
0.4796234910970184
0.47751014834620326
0.48041452377320104
0.47834087722068075
0.48142286757806324
0.4775671709388018
0.4789431822120356
0.4792268891115707
0.481729050995639
0.48029628547641834
0.47889865905263773
0.47575355557696064
0.4752589227916105
0.47252208251335404
0.472016744572438
0.4759603148952352
0.4764413945611905
0.47159491096075223
0.47293658884286444
0.47154938389625717
0.47476321603618304
0.47337678325106936
0.4709207191219088
0.47417711098307713
0.47811676473946885
0.479993306734464
0.4835046056305672
0.48693705880255705
0.4898197660568731
0.4929043923673276
0.49599154187754985
0.49834773996487897
0.5016744351773111
0.5047562840926824
0.5075526099571098
0.5047671304843806
0.506735150321085
0.509370411493607
0.5124453525201547
0.5130762830514134
0.5164347287928863
0.5175278721177985
0.5173523931834544
0.5193979120433772
0.5216803469631236
0.522428656596267
0.5245468903530954
0.5267196065373468
0.5289956506658561
0.5312844576796494
0.5340579289530524
0.5326241518730563
0.5295558219760547
0.5306888389176789
0.5311587720562276
0.5314619525689869
0.5290633973104757
0.5259861578142401
0.5274790615896245
0.5273471764376267
0.5299099241847307
0.5311931870796417
0.5315956385819972
0.5308862900749101
0.5329975682082742
0.5349869043740952
0.5340225019291623
0.5352122016255387
0.5368407865723737
0.5374533083570875
0.5394314543631055
0.5407190667381195
0.5381221728267602
0.5358700508202069
0.5362260471345033
0.5382896147379895
0.5367192756077699
0.5362078052623799
0.5363925023004085
0.5346335127839512
0.5325834888968212
0.5309518206689366
0.5329601690459682
0.5313203238134686
0.5319447635233835
0.5334753515748062
0.5350529501411704
0.5352397982742358
0.5329651873465625
0.5348518547248614
0.5322824173665269
0.5335736397463255
0.5340718264551206
0.5347796996910354
0.53646250069073
0.5371774002442303
0.5392000958239869
0.541078862131011
0.5419513745675063
0.5427283099049232
0.5445704994723725
0.5456803880453434
0.5453825115406058
0.5449553113612003
0.5443174335302157
0.5443413217457519
0.5461277631862964
0.5458662351051828
0.5463769349418202
0.546212133038637
0.5446514112514441
0.5462025846169647
0.5476708043936174
0.5469340527489642
0.5451898375367245
0.5434581363740547
0.5420592602951833
0.5433456458782566
0.5449397292824107
0.5459678030807071
0.5471105656853223
0.5466042808451376
0.5472258556744538
0.5470379329696039
0.5480233545391716
0.5488214010994256
0.5481631111100429
0.5495353716533542
0.5501545442826764
0.5494865718616957
0.5511109740368577
0.5525725698407189
0.5539392697517255
0.5541357081206294
0.555174727438802
0.5556593762230323
0.556472930766949
0.5579659802316289
0.5597607151432427
0.560372923081602
0.5611895292638968
0.5624968267623961
0.5618970001820003
0.5632588993646851
0.563876464385411
0.5643958483538575
0.5657914239914724
0.5672515470273369
0.5684265161607513
0.5682693528567418
0.569462570622123
0.5673601593505215
0.5685421190632511
0.5697102648693125
0.5705793293852066
0.5719240067659589
0.571779649183295
0.570416927493497
0.5717433724483318
0.5730566095103756
0.5721683920712088
0.573378819428911
0.5744279629731348
0.5754847154139304
0.5768562217383841
0.5773291690376918
0.5781345788010886
0.5786974687380159
0.5799322132797119
0.5805913538953557
0.5812174135281465
0.5810480404336462
0.5814776231388143
0.5823808715194879
0.5834054302737416
0.5846549302011822
0.5855832816317957
0.5863147557637155
0.5873139354333585
0.5884794379466223
0.5894724231218033
0.5892400748824835
0.5892124339173992
0.5900120689122417
0.5910786329750531
0.591787078361719
0.5928329161813797
0.5933899796980302
0.5923653284855206
0.5927216997411269
0.5936970988772141
0.594357336675945
0.5951423034226901
0.5962372456668914
0.5970008252158762
0.5979527627475087
0.5980285203527981
0.5989848834148854
0.5999909181378935
0.5993648387661593
0.5990809660007052
0.5993814621454652
0.5992046861631095
0.6002200041662057
0.6007207172341624
0.6016676516342492
0.6026034182844877
0.6033652907517706
0.6040902555544803
0.6048361465824889
0.60521927739601
0.6037159084914143
0.6046618198122237
0.6056610804712395
0.6056416513733136
0.6065315830783711
0.6066848033195331
0.607578044489559
0.60844269133526
0.6084725303423865
0.6093718329472885
0.6095056763441529
0.6085159699701107
0.6094329667068031
0.6100967312794533
0.6108837074888632
0.6116537864261092
0.6124921821968704
0.6119510983769627
0.612660104434218
0.6134600519258399
0.6142966867501202
0.6145325434939648
0.6153959260191167
0.6158190389984995
0.6166660553255692
0.615341919661838
0.6160381072635013
0.615896764670666
0.6166557001962343
0.6173941108697968
0.6182822778429492
0.6185342079388407
0.6188345052682148
0.6187283486390857
0.6193399961840999
0.6200376901632203
0.6204678771366604
0.6190014650773316
0.6185759810688886
0.6189553654028365
0.6196457838567287
0.6203571530491333
0.6212141487782904
0.6219852972416432
0.6227624817150602
0.6236365791046764
0.6241515825474672
0.6237904077080496
0.6244507054557288
0.6251063231607009
0.6257351106000991
0.626448450723676
0.6262094835333271
0.6260448301389995
0.6266920155668213
0.6266806953280191
0.6274790087542287
0.6281048410971073
0.6286988463195313
0.629191684799226
0.6283707674520234
0.6291614748608302
0.6297561521030351
0.6303942332711816
0.6308736018607889
0.6309016754302863
0.6303482424771134
0.6309001757721402
0.6301143133889973
0.6306340960872964
0.630372875237466
0.6293650870691427
0.6301626738835351
0.6294757380269136
0.6300664689509343
0.6308789232312602
0.6310792746615755
0.6313990430668828
0.6321340068482774
0.6329450959214392
0.6336524170179184
0.6343882497791439
0.6351102071458163
0.6345951094459893
0.6342897916242556
0.6348944684194977
0.6351874353497137
0.6358739718847486
0.6364866669679181
0.6370371838158992
0.6377191114431972
0.6379437392146677
0.638482474077906
0.6386379694464015
0.639093707683149
0.6394139713501324
0.6397007813475089
0.6402766098062638
0.64071672986562
0.6399265207422276
0.6403771992349822
0.640833212448947
0.6413865409382846
0.6419859947802969
0.6425911429135175
0.6431232574525904
0.6436624858198262
0.64413162787574
0.6446022797163126
0.645340988223493
0.64580446808617
0.6464687025616161
0.6467397207480988
0.6462447959086496
0.6468617839383811
0.64742905738392
0.6480543164737433
0.6486482252525798
0.6492643693624758
0.6498917577912074
0.650139151647076
0.6503179847168185
0.6508090159668147
0.6514043552801377
0.6517205461495894
0.65234635918024
0.6530323913689234
0.6532673291848391
0.6536652432935404
0.6541951991557305
0.6533829655166247
0.6535056445697645
0.6540707538624216
0.654696203497885
0.6543152304882915
0.6548011561294823
0.6554548948026603
0.6557050652620696
0.6562879033793282
0.6564973076725071
0.657102450367521
0.6571746204709469
0.657687093796368
0.6576695651724036
0.6576952512399531
0.6570413071436587
0.6575440226467035
0.6580852406353661
0.6586036931115963
0.6591531976027218
0.6594800977954127
0.6597656696683949
0.6602734293056667
0.6604208978451134
0.6610744644483704
0.6614762363573368
0.6612713785240143
0.6614370964537369
0.6619846900165384
0.6623750894139658
0.662643112346203
0.6631405868305544
0.6636645284679142
0.6641222007154531
0.6647528532523544
0.6652127679368225
0.6657744898931885
0.666112281900471
0.6665034743998002
0.6668566293309778
0.6675084336772631
0.668000827760275
0.6684740550485181
0.6687253435750214
0.6681238510094513
0.6685428586439601
0.6688008913984421
0.668614496846815
0.6691640188055856
0.668294713140085
0.6687137349836048
0.6691767167857413
0.6695161963632343
0.6698852361498183
0.6704115408922587
0.6701108266126428
0.6706503030769564
0.671136935232833
0.671661959248616
0.670862991871577
0.6710297624656939
0.671432341506126
0.6718753778870247
0.6722629064913385
0.6725958718899633
0.6719424063205001
0.6723104058257525
0.6719208607611741
0.6722114457004214
0.6728232318839721
0.6733545699729648
0.6733737515387566
0.6725247422006402
0.6729776876173373
0.6725106418049387
0.6730488600226076
0.6734645145580656
0.6737061965179783
0.6726989407238947
0.6731670958888344
0.6726861095446246
0.67279427222315
0.672751552454599
0.6730381398501337
0.673446111444572
0.6737911763332594
0.6740550501705379
0.6729010815238436
0.6726714818866016
0.6701137956436868
0.6693079586035245
0.6695047211262996
0.6690860950216062
0.6687197152422046
0.6690406329351845
0.6693787119051914
0.6681603384814992
0.6684472713879304
0.6681592089817652
0.668475068946614
0.6688846810426611
0.6678839070455235
0.667851805493169
0.667940970346126
0.668421850948843
0.6688970325022685
0.6689240378261704
0.6693678071477214
0.6697689736756789
0.6688258872990905
0.6692030080816908
0.6696839697877564
0.6698736604119189
0.6703862863480303
0.6707107448872099
0.6704630025317025
0.6708766402525146
0.671310950763536
0.6714873362161516
0.6717881334936601
0.6720782167063253
0.6723314015609442
0.6727731272374144
0.6726307270893978
0.6730004269116473
0.6733308432982422
0.6735478524577806
0.6740009531768082
0.6744645992045272
0.674915598476427
0.6753995441209102
0.6756905333873928
0.6756149939800585
0.6760187736471361
0.6761638371945576
0.6766396559586658
0.6755190379993432
0.675870687101098
0.6761911239446172
0.676577490076585
0.6769450876203555
0.6773591723570014
0.6776123143997205
0.6778665334758641
0.6781204513569911
0.6784853621778891
0.6787771169040102
0.6792753955862384
0.6795522373897616
0.6790359055316596
0.6794293609159735
0.6796699566500423
0.6800108350487726
0.6803029054241899
0.6807264740014726
0.681089214652107
0.6815275433173155
0.6814089180993255
0.6817819184926837
0.6821792266246881
0.6825722502799078
0.682840099845973
0.6832287957030807
0.6836504540383115
0.6832470563847678
0.6835853050615832
0.6837220290248357
0.6834790958168074
0.6830130357326619
0.6833182334039077
0.6832401264767393
0.6834169193937752
0.6826236751434952
0.6826863796822444
0.6827047040130292
0.68306244957927
0.683339838272423
0.6826691444703477
0.6829148272438693
0.682406740192853
0.6825741037551057
0.6819286452291773
0.6823108947627494
0.6826897005383388
0.6829556135262191
0.6833313115556544
0.6835748902014112
0.6837954854271723
0.6840460040054411
0.6843326917744933
0.6844645101745253
0.6842382386586745
0.6843423948570114
0.684690281191452
0.6842619359887
0.6845171302398497
0.6844625912914408
0.6842341456933136
0.6840375735497835
0.6842857619645926
0.6844351297491359
0.6840160495115236
0.6839385722588907
0.683817994512356
0.6838684652133763
0.684111974953806
0.6844255704255242
0.6846879989037535
0.6847953234509141
0.6849257572940571
0.6837885173127212
0.6833434416848347
0.6836072237345079
0.683995362565474
0.6841877908750521
0.6844174431940677
0.6839456373674573
0.6843562072618247
0.684655596632092
0.685004539457673
0.6845978126574279
0.6849906725295919
0.6848499330601865
0.6850409399890796
0.6852912366501852
0.6855104847824725
0.6858199430162238
0.6860561544112012
0.6860980290726372
0.6862783900125227
0.6866757473981073
0.6869631483503834
0.6872955769238804
0.6869128515206798
0.6869702412429604
0.6873462943141042
0.687708836167082
0.6877503090507192
0.687949604918167
0.68726491047248
0.6873992400399727
0.6877214522937218
0.6873988523327765
0.6875716307164811
0.6878481407410925
0.6880683527995801
0.6881913721601636
0.688554510009503
0.6879279081357842
0.6881162362619767
0.6884232341763454
0.6886897999905679
0.6888972908753739
0.6890841167170944
0.6891006760341405
0.6883323708058329
0.6886568482974075
0.6890010697170421
0.6890561236155516
0.6893079339967164
0.6894019711927589
0.6895542329294322
0.6898352682250013
0.6898835052193057
0.6901667328560838
0.6903136512143111
0.6905245316376151
0.6904056233543459
0.6901574413508826
0.6899061854885316
0.690226399767715
0.6905556878662134
0.690241676454704
0.6903809366562933
0.6905853486277633
0.6908239227859881
0.69105550323363
0.6913922684097665
0.691226642434702
0.6914652844060801
0.6916218641947908
0.6916315862454986
0.6918193121545928
0.6920257548511335
0.6921502343213146
0.6923799342882051
0.6926290793158776
0.6929037498206913
0.6925920667426982
0.6927975935627698
0.6923024952325656
0.6926027033695706
0.6928869599078914
0.6926098263165184
0.6922459984902496
0.6919032767887848
0.6912783748926822
0.6914749336875546
0.6916483342316941
0.6914484134408059
0.6913160082176631
0.6912461482482907
0.691057903078227
0.6906642349872597
0.6903897359921347
0.6903795439253949
0.6903963286354536
0.6906156986618945
0.6901548256526752
0.6896669520766221
0.6894802347616211
0.6890569269723895
0.6887508493531641
0.6883092082406296
0.688601507836881
0.6885018535531655
0.6880510965275443
0.6879779290095499
0.6877007161219545
0.6877910528827257
0.6874668187612519
0.6868837988088599
0.686651484967839
0.686262357414837
0.6863509201153686
0.6864700720074183
0.6856533412315431
0.6853673191518247
0.685472589348232
0.6854288615660714
0.6853091742291846
0.6852304689888228
0.6854314511224078
0.6856440444831298
0.685063156389184
0.6839654449414202
0.6836175495641724
0.6830568494655254
0.6828101087384202
0.6820646467727373
0.6822211248030641
0.6818745222239984
0.6810847151261117
0.6808509375173285
0.6805678001020944
0.6797752597440745
0.6791867023828785
0.6789227959569059
0.6789887100167028
0.6789041334431369
0.6786395507837004
0.6788847959444531
0.6782894726381231
0.6782408440358221
0.6778985864595675
0.677237941971171
0.6770452455904494
0.6768652738341141
0.6763257404638151
0.6758311672270331
0.6759564984492665
0.6754375833861317
0.6757047615595979
0.6753993605147882
0.6755511362441576
0.6752630321427632
0.6749244689138202
0.6748997291129111
0.6742730911217358
0.6738095738742644
0.6736861979814074
0.6733441913906271
0.6728322733041948
0.6728056735213789
0.6727008737974621
0.6726763422698149
0.6728618297894827
0.6728431154355411
0.673033251565087
0.6728410447305109
0.6730801641101889
0.6726711976337768
0.6723092013090435
0.6716425904905363
0.6714066072530289
0.6714605309180416
0.6709315132517127
0.671119534506122
0.6713401869152293
0.6707007825773661
0.6705988243380918
0.6694529556857844
0.6694047951625354
0.6690033556200808
0.6686051584917229
0.6684324940352525
0.6681342394316242
0.6678038608425548
0.6677625178992694
0.6680527730078136
0.6680152869780074
0.6682710369976522
0.6677870595798301
0.6677884825527025
0.6679258340527116
0.6677098300388389
0.6667683436707607
0.6661489539297584
0.6660803851914875
0.6662092226698166
0.666085181422352
0.6657846223931271
0.6658693969224205
0.6656239828644721
0.6654697996899944
0.6652136766207277
0.6648343512500297
0.6650579263427348
0.664464024698077
0.6644416304435268
0.6646608430282996
0.6641655926725539
0.664292263141302
0.6643656931461603
0.6641189558643118
0.663926555339391
0.6633887813331285
0.6633157593387519
0.66311600698158
0.6629411542197567
0.6623630269867206
0.6622641879591532
0.6625245551716162
0.6627608811308405
0.6625789691205959
0.6615538733678012
0.6616953924132076
0.6613056600184317
0.6609334142857145
0.6607509577521953
0.6609454736989224
0.6610062919851745
0.6610054390221068
0.6606263955344802
0.6605482199282962
0.6605564545231367
0.6605914945709765
0.6598704597220479
0.6599778106123865
0.6601619819523435
0.6600650483993314
0.6595512792109244
0.6590052643958146
0.6586334154908032
0.658542585443248
0.6587947274411424
0.6583711581273134
0.6583708709979951
0.6584238617642886
0.6582840041183005
0.6582413875947682
0.6578375670413779
0.6580242248978345
0.6580514431551354
0.6576533017551975
0.6572124974589709
0.6569252381113195
0.6564426785015649
0.6559011945338514
0.6556378054253116
0.6549613014136774
0.6544842424562686
0.654412780379131
0.6537882958207272
0.6534990026721339
0.6533138374357599
0.6529071101538394
0.6530996384290613
0.6528107724841077
0.6525546035191049
0.652202622309051
0.6517534739721493
0.6517318621822749
0.6517752493102884
0.6518952483403754
0.651522445408379
0.6516866780338645
0.6517052381385351
0.6519751347481431
0.6520129793575531
0.6518946835789227
0.6518481367677335
0.6514191163477744
0.6513485992375888
0.6513940360729187
0.6514922982764522
0.6514075329345952
0.6514163240648079
0.6515094208323071
0.6517895022784693
0.6513054750353952
0.6515160122410372
0.6516392066449946
0.6517861642896667
0.6519268836957135
0.6516774167154467
0.6514902071313393
0.6510808748881598
0.6505452641667947
0.650538250588114
0.6502129578230572
0.6500118305604308
0.649615984378542
0.6495676680939299
0.6493231675124722
0.6488701848639268
0.648851521713721
0.6486090354603201
0.648241772407133
0.6480074955040441
0.6478332573653574
0.6479356444971888
0.648096397110274
0.6477139433415612
0.6477928949569026
0.6479853521642313
0.6481870074519034
0.6478187474318716
0.6476068277449394
0.6475375607203091
0.6470539243276244
0.6472780653662671
0.6472894283155919
0.6474587261919226
0.6475404314725115
0.647699332993834
0.6479781844027356
0.6481778999223742
0.6484533268027639
0.6486879989731658
0.648853130184292
0.6491047528675837
0.6492301750189383
0.6493427770107401
0.6493866836555925
0.649507716814642
0.6497550305332502
0.6499977829647368
0.6502178569640261
0.6504635772193963
0.6505623908864506
0.6507964667581919
0.6509798229147211
0.6512118034770618
0.6514118488530943
0.6508677822114299
0.6511629343559978
0.6511846095340474
0.6512319615004839
0.6513333720931723
0.6513277984307835
0.6515175481951345
0.6517004995463497
0.6518000517943203
0.6520016831694079
0.6521954258549152
0.6523769742598341
0.6526462032249388
0.6527736707081456
0.6529409221456961
0.6531345107090607
0.6533539694931044
0.6530834661898625
0.6532654900475114
0.6535129412192847
0.6537275503974432
0.6539893477144436
0.654203623835182
0.6544712163087982
0.6546485943779022
0.6548429067345459
0.6549989186515713
0.6547783210460871
0.6549154070844265
0.6551258494765191
0.6551002922044206
0.6553197795040046
0.6555473479412075
0.655707546740815
0.6557495972213563
0.6559440570637585
0.6561261955648126
0.6562764951073923
0.6564735981603494
0.6560268499917918
0.6556300483934058
0.6551523361066479
0.6554079380289972
0.6553866848359788
0.6554662331326326
0.6548401908851325
0.654579332097136
0.6548034742423642
0.6545582748457169
0.6544311377959985
0.6543731379881229
0.654101700227061
0.6537306211757665
0.653264914802825
0.653453998858536
0.653590879691852
0.6534358908308677
0.6531010288985821
0.6527487510015465
0.652239890697451
0.6525301078613815
0.6522651574454413
0.6517994754366782
0.6514046814257615
0.6514261842644805
0.651341034647372
0.651398316339401
0.6509993588799712
0.6503418773517413
0.6505684412077717
0.6506298882467709
0.6501479781166429
0.6496575802731792
0.6497934760285599
0.6493447243879185
0.6490096342360022
0.6491547826932771
0.6491886097404451
0.6492521555645561
0.6488213874402143
0.6483499034298326
0.6481470201121902
0.648016419964129
0.6482485924378703
0.6484497755660837
0.6483832431665452
0.6482359607955214
0.647887343684167
0.6481055318944273
0.6478009159373379
0.6478292733298607
0.6475446007175216
0.647689703081587
0.6479342997367112
0.6479886208376143
0.648158132005336
0.6484009356384691
0.6486008253406024
0.6488191587580668
0.6489867183112411
0.6485074910922374
0.6486215543580065
0.6488040845914044
0.6485196902900401
0.6486840925485134
0.6488313495093624
0.6484520606953792
0.6486297877858878
0.6487230195524365
0.6482493873287196
0.6477596181754574
0.6471802267459623
0.64727331354771
0.6469753424485593
0.646651092076203
0.6461719702134221
0.6458988499638321
0.6457374811628293
0.6458596716524057
0.6458327692086069
0.6457275323189257
0.6458917626177395
0.6459232147123916
0.645852942571244
0.6460039898144209
0.6461030177752435
0.6462741446443074
0.6464198027326812
0.6459853231049275
0.6455766851790896
0.6452520220722072
0.645235197714898
0.6454591609337567
0.6456797776336213
0.6451437946424348
0.6452794680809645
0.6452651483500118
0.644712161405801
0.6444404006103422
0.6446006595964527
0.6444913764556395
0.6445563014624577
0.6446579759017885
0.644527311274022
0.6447066690954518
0.6448926923813015
0.6446109751809078
0.6446400485972543
0.6446778442474436
0.6447516988544242
0.6448549790894957
0.6446020691131276
0.6446857569253351
0.6442547374429892
0.6432917389508506
0.6433624769735079
0.6434832185295849
0.6433244477590095
0.6435789629331706
0.642761726683118
0.642799156377103
0.6425650602490393
0.6425626623218215
0.6426096478231619
0.6420755292065254
0.6420303666096671
0.6416457050400309
0.6418076818361182
0.6420535034156067
0.6418752257592178
0.6419719253758742
0.6417549520275628
0.6415476866132095
0.6417061488234324
0.641892459910055
0.6421127649461323
0.6423374978705668
0.6424972078645332
0.6426402666383954
0.6422925722675856
0.6424141610265361
0.642046679806984
0.6422546895569391
0.6424948408381569
0.6426742548921378
0.6427886984414815
0.6429368744643135
0.6427478770506382
0.6429121984906085
0.6430766106668584
0.6429562229800123
0.6426873882225271
0.6428375246490187
0.6427948670352227
0.64282240914361
0.6430247401951766
0.6431062639965586
0.6431037479079854
0.6433297055132378
0.6431320241636399
0.6433145540975246
0.6432872071566794
0.6433771345219208
0.6434958733408261
0.6434790273524811
0.6435219720601733
0.6434756597763164
0.6434463103931093
0.6433724113627549
0.6435072117934258
0.6434429878812469
0.6436444421192474
0.6437958380124575
0.6437892715975774
0.6438467178748075
0.643757213470281
0.6437794981783754
0.6439670857498375
0.6438563236273211
0.643972597248158
0.6438092335724023
0.6434230697123675
0.6429934425652358
0.6429638735954749
0.6429011981854351
0.6429603358982583
0.64310249622544
0.6427930231436687
0.6428708733991014
0.643030462091551
0.6429947635953213
0.6431691763391059
0.6433863387739359
0.6429408224146603
0.642464036525023
0.6425318541579617
0.6426226746564525
0.6428052943115768
0.6426624995657568
0.6428854318873779
0.6427863198053524
0.6428396671987511
0.6427589198707961
0.6423542324578201
0.6420122475008435
0.6411357611586534
0.6411489793337403
0.6413040538821052
0.6414989224388559
0.6412473405641861
0.6413434012556117
0.6412972236437733
0.641492645619579
0.6414458275612295
0.6415931699879335
0.6417809233624668
0.6418873103078726
0.6420267917862928
0.6422178840896823
0.6423687701791622
0.6425054788916135
0.6427101711145543
0.6427149133139866
0.6429177647581807
0.6428406932959815
0.6428083666574796
0.6427443608047122
0.6428526089859057
0.6430125389397052
0.6430524335830683
0.643132535061505
0.6432779958563886
0.6433862324543747
0.643096084322035
0.6432458871207782
0.643236468617723
0.6434522261956166
0.6435735914159901
0.6434822380874856
0.6437113315474966
0.6439352134022627
0.6440978454115712
0.6441702605264249
0.6443124108660094
0.6444587327056058
0.6445187810395541
0.6445379903462454
0.6444894640384786
0.6446177592837248
0.6448334668717204
0.6449996946033802
0.6451030387255337
0.6446986362403986
0.644807888826425
0.6446116291775492
0.6447868620356986
0.6444248105347016
0.6445781328340028
0.6448041766726774
0.645012951181562
0.6450610758956988
0.645119578208073
0.6452650147203759
0.6453097139248695
0.6453529003494024
0.6455161310116294
0.6456792137107719
0.6458572426764471
0.6459921771242263
0.6461952457314204
0.646331169991712
0.6465204315252768
0.6465617183635013
0.6467821799243828
0.6469511022522604
0.6470669231898144
0.6469555702273153
0.6470977555943495
0.6472584881434934
0.6467743755869163
0.6464825171904464
0.6465455882056497
0.6466107577090844
0.6464968737803066
0.6464860518822875
0.6463667330777589
0.6465005949887503
0.6467106356217652
0.646642594257371
0.6466561045617535
0.6467407239961059
0.6468882817869469
0.6468429021824547
0.646867928368985
0.6469051003081749
0.6470532146213975
0.6472321679909472
0.6473856583286768
0.6473146364078394
0.6474196436442208
0.6475736793359993
0.6476166243527497
0.6477395675177348
0.6478294692330022
0.6477419254879087
0.647840515009126
0.6479274376149725
0.6481317376609302
0.6482764514301256
0.6484056233049769
0.6485637854214473
0.6487321476005937
0.6487602959472434
0.6489217742831714
0.6488575579669803
0.6490088985831558
0.6491557272019647
0.6492801804564137
0.6492419587595621
0.6492616056397592
0.6494257734198979
0.6495248356085153
0.6496356346465596
0.6497927546054754
0.6495033294833132
0.6494960333584995
0.6491575433396888
0.6492968938106557
0.6494840803203445
0.6496738727402479
0.6497990625682291
0.6498938962211362
0.6497777755412875
0.6495363724020531
0.6496496071230896
0.6494308307281967
0.6495889373495368
0.6494564611078513
0.6491880450053733
0.6493173203335056
0.6492859460992637
0.649384807941104
0.6495385845585273
0.6494278235960493
0.6490633260260835
0.6492323522766736
0.6491447147412576
0.6493102608880599
0.6492910227660545
0.6494447545000092
0.6492164885665684
0.6490098631167829
0.649028647817042
0.6490851567322214
0.6491700153504366
0.649298338636469
0.6493420436957974
0.6492222297114333
0.6493477445394373
0.6495252456733502
0.6491892802074843
0.6489465733050522
0.6488907547711524
0.6488928167139276
0.6488201260194078
0.6489252683031368
0.6490794341068308
0.6491240892063951
0.6491623280117061
0.649128756223494
0.6491737910698859
0.6493734936289022
0.649549618027926
0.6494667362783122
0.6495129229708259
0.6496616391457917
0.6497855003354447
0.6497497549215034
0.6495769425162521
0.6495007143170517
0.6492416327182181
0.6494239987357432
0.6495652993666564
0.6496688326322522
0.6498855510306659
0.6499771392752706
0.6501180838465888
0.6502653274701684
0.6504683499751813
0.6505908350034488
0.6506956845287916
0.6508940101326885
0.6509454780174793
0.6511134563419786
0.650896841101525
0.6510530152325419
0.6512607237099672
0.6511758415069331
0.6512995358567211
0.6513495157947756
0.6514620110887214
0.6516191882138009
0.6517869550706148
0.651981441324142
0.6521581905408044
0.6523620128000905
0.6524826084491591
0.6525147993490625
0.6526183731602632
0.6527018876079168
0.6528168512131427
0.6529694529960455
0.6530905949300835
0.6532341116163208
0.6533723726698433
0.6534721658441963
0.6535938139011386
0.6537784169198788
0.6539426652951845
0.6540633301437996
0.6541873662583978
0.6541538388878088
0.6540264910426351
0.6541747895814184
0.6543372782960781
0.6545199214557151
0.6546787888455833
0.6548461891251371
0.6545083660458991
0.6546528717249762
0.6547844840691762
0.6549464197251437
0.6550770896523197
0.6552544266701563
0.6554081807622577
0.655435292779883
0.6554918840061541
0.6554621367755741
0.6556489747823284
0.6558240187523685
0.6559800793290781
0.6561465352327742
0.656334610896638
0.656414167592092
0.6565852791805422
0.6567328211486151
0.6569311113183309
0.6571295327048553
0.6572363798031698
0.65740662719326
0.6575784882282795
0.6576722350783961
0.6578534827066168
0.6579748036923803
0.6579914567580359
0.65817173483007
0.658288497179663
0.6584640401372521
0.6583696504789533
0.6585441590482185
0.6586523712287864
0.6587428176211847
0.6588016081894804
0.6588883646556012
0.659006451931199
0.6591021607805121
0.6592390719389467
0.6593378370139171
0.6593805557868712
0.6594590958939834
0.65949225680688
0.6596042334336564
0.6596579411047881
0.6597559135239558
0.6598259091448936
0.6599104085810831
0.6599882629232242
0.6601036773679703
0.6602087907142439
0.660266200330115
0.6603496968080229
0.6605182036095173
0.6606015585277559
0.6607228601083199
0.6607533708997403
0.6608504634615234
0.6609329369982944
0.6609826532738552
0.6609227040295487
0.6609761496725417
0.6611222838446134
0.6611477199679704
0.6611124282079713
0.6609111197063203
0.6610523910216394
0.6610931993385901
0.6609771598095288
0.6610934274674765
0.6611800386456698
0.6612419445434755
0.6612925385396939
0.6613832983165864
0.6615017754185699
0.6616783521823256
0.6615805055496455
0.6615937446567002
0.6616945919103865
0.6618782332199947
0.6620057098793314
0.6621000329168488
0.6622117068081131
0.6620734130777874
0.6621952895616381
0.662312601410937
0.66224037223409
0.6624435090029833
0.6625094086077227
0.6626681438145647
0.6628051286730297
0.6628916828695833
0.662958015549896
0.663103714504445
0.6632097878851296
0.6633738977310458
0.6635066005284624
0.6636494036394655
0.663814092596305
0.6638718843037749
0.6638304514134972
0.6639732483880951
0.664126617222651
0.6641223094823131
0.6642386684185979
0.6643805465039829
0.6639894989312146
0.6641484259543957
0.664301890633498
0.664486612249598
0.6645430020637257
0.6646465078122428
0.6647963082741559
0.664704087889318
0.6648154973148522
0.6647518196208276
0.6649125746230005
0.6649403006725491
0.6650780248525364
0.6647763045063152
0.6648925834548844
0.6650151498336683
0.6651813432748879
0.6652422917317433
0.6653584848278983
0.665452082516884
0.6654900613651457
0.665595932338119
0.6656473463672624
0.6657718416927875
0.665896509315003
0.6660045078568687
0.6661406935272811
0.6661668341733147
0.6662027789968474
0.6662097970464933
0.666321265520687
0.6664339862256682
0.666378345032292
0.6665716144911558
0.6665819968365003
0.666305444202867
0.6662628764878719
0.6663790657287452
0.6665198700718749
0.6664592769106046
0.6660834268201744
0.6662234247618395
0.6662757845850809
0.6659740170844691
0.666066284348495
0.6661946885536911
0.6663166323271369
0.6664595917588154
0.666103033868922
0.6661003397320513
0.665910621433474
0.6660175417925729
0.6661403525778926
0.6661092320168056
0.6661623473415523
0.6658951542477874
0.6656209049617391
0.6652928227601573
0.6653785200538342
0.6655279952755192
0.6654013715595523
0.6655445084829732
0.6656623984615447
0.6656709209967543
0.6657596350767497
0.6658962768869693
0.6659981556950915
0.6655360682335326
0.66561098488884
0.6655522952132498
0.6656287966875966
0.665738572172509
0.6658377253098817
0.6654790378641852
0.6656287191747501
0.6652830425162418
0.6653788600234871
0.6654582154021853
0.6655937546759979
0.6655764945189864
0.6656213030295176
0.6656889134640529
0.6654122727310755
0.6654773190232358
0.6653486617620736
0.6651716237325228
0.6652762272380405
0.6651609124821812
0.6651206575356559
0.6651800014345276
0.6652420217090346
0.6653010772183666
0.6654114061903715
0.6655481240231715
0.6656637611475515
0.6657172567697256
0.6658270285735937
0.665913869203484
0.6659770454779456
0.6661227563573048
0.6658650586027899
0.6658197898106758
0.6659835984954838
0.6657001665942005
0.6657943217636275
0.6659168786786698
0.6657770708487707
0.6658326597363858
0.6659550357700242
0.6656914710886316
0.6656325618776272
0.6652798434417582
0.6653822476491404
0.6646054458655352
0.664217279222692
0.664287605360995
0.6643684624687136
0.6643254374134403
0.6643883937790295
0.6641255052707781
0.6642608728305357
0.6643432692710008
0.6643521317063584
0.6641662401697157
0.6638046611530792
0.6638797398441377
0.6638590387094323
0.6639253181447798
0.664027327163927
0.6641535401224318
0.6642250051662009
0.6638666531662732
0.6637015060154672
0.6634942855885088
0.6636549570471333
0.663800487849047
0.6635900420636406
0.6633743684203948
0.6632290014225435
0.6630424614978286
0.6628743679608623
0.662811708267515
0.6627489328351953
0.6628580073541934
0.662975126085147
0.6626473306870171
0.662755837479665
0.662856117959175
0.6629972539485655
0.6630680031704584
0.6629535352705659
0.6630899019404991
0.6632225898759764
0.6632767511217899
0.6634067579113255
0.6628832768213184
0.6629417568306479
0.6630482906416493
0.6629585271708862
0.6630688313000888
0.6628406206574089
0.6626736848093117
0.6627915314392617
0.6629237284681218
0.6629876550812048
0.6629839829368538
0.6626758442058969
0.662520610242307
0.6623751780679532
0.6623564164236857
0.6620331070267433
0.6621218199142056
0.6622492575883033
0.662338903164605
0.662359548290582
0.6623723894308075
0.6621218883257564
0.6621503253390397
0.6622377007084449
0.6621797985264428
0.6618416447053129
0.6619637092155681
0.6620833582334077
0.6621522177506984
0.6622390479467977
0.6622281905297251
0.6622682407995774
0.6623770513969961
0.6625159804945341
0.6626373793971599
0.6627205709182336
0.6628473130475115
0.6628261218859385
0.6629600098714897
0.6630374299488684
0.6631767250102244
0.6633054568964083
0.6634322054988586
0.6635254280376698
0.663655733220154
0.6638136482440504
0.663464219850999
0.6635914983178254
0.6636885663754428
0.6638539853588719
0.663981820647454
0.6641306242338171
0.663892947490103
0.6639989880630891
0.6641293693382659
0.6642347014367878
0.664333052929179
0.6644591260312231
0.6645993973817076
0.6647136466093485
0.6648202996045022
0.6649328949267117
0.6648754205938682
0.6649683430935501
0.6651369126253092
0.6652894070613028
0.6653234653942465
0.6652191603473285
0.6653379715653472
0.6653729332860627
0.6655038593178418
0.6656199375171126
0.6656350312865201
0.665456888016199
0.6652131538388498
0.6653270240944107
0.6652731545012877
0.6653744716776328
0.6654641861051429
0.6655647983531651
0.665257298037857
0.6653541396262974
0.6654727564514628
0.6656195281175634
0.6657314180937203
0.6658663089399052
0.6658912281688399
0.6660064977495758
0.6661172776845637
0.6662240596681471
0.6663343202782673
0.666441692569738
0.6665689023937318
0.6666009553983874
0.6667393991048132
0.666764089904165
0.6669142705127425
0.6670583992995053
0.6671101498067931
0.667199368287542
0.667336394804239
0.6674227736770686
0.6674991609604999
0.6675451713453113
0.6676822452353559
0.6677373579653443
0.6678294612264496
0.6679330319764025
0.6680439086822209
0.6677290373059525
0.6678141109169828
0.6679799955301737
0.6681248312516146
0.6682326145826605
0.6683129541325992
0.6684195519896781
0.6684915081288029
0.6685993959418346
0.6687159494259778
0.6686395362720902
0.6687614559169812
0.6688617737371316
0.6686419121807843
0.6683546188263865
0.6683755187418488
0.6685215075907918
0.6683653212574207
0.6684483456407939
0.6685857103046914
0.6683260461214744
0.6684070118178104
0.6684826936007442
0.6682807241392661
0.6683676660496194
0.6684724158408669
0.6685127272308856
0.6686190853494235
0.6684925261891612
0.6683654835953373
0.6684897298566173
0.668537961807111
0.6682598867240503
0.6683215967972493
0.6683613076837367
0.6681670568008686
0.6682344803878805
0.668334789313548
0.6680659265976271
0.6681494032054287
0.6682541781545496
0.6683641595419056
0.6682763790906593
0.6681597320107877
0.6682768633450811
0.6683680144021954
0.6680422799237477
0.6681173262945338
0.6678557388195805
0.6679139998106951
0.6680129950856502
0.6679922384714067
0.6680959878114467
0.6681476042150716
0.6681724688010776
0.6678495811603926
0.6676072315475834
0.6677257754598065
0.6678473845982674
0.6679196179410075
0.6679130602971789
0.6680431803703379
0.668162084141734
0.6678346395772892
0.6677322778690626
0.6678158154257664
0.6675642958083581
0.6673816685496478
0.6673031641344691
0.6674087251211118
0.6675129914540742
0.6672155428602161
0.6671682000350625
0.6672466923742318
0.6673253351832281
0.667344961896988
0.6673849045352758
0.667364473273756
0.6674867555478234
0.6673133564582053
0.6673845173029133
0.6674716200520338
0.6674415132007159
0.6671905662211891
0.6671181214515274
0.6668690999268839
0.6669877347509906
0.6667622668271771
0.666805730622653
0.6667282271446727
0.666803428097363
0.6668477026177231
0.6669857649429747
0.6669850322069217
0.6670003410496872
0.6669026846553381
0.6670138814689053
0.6668842844540895
0.6670074783783656
0.6670563947969725
0.6671643309699711
0.6672351585458152
0.6673209154402443
0.6673886695306368
0.6674777902602027
0.6672067481773221
0.6673240430884942
0.6674447825475711
0.6675555702761464
0.667494344665512
0.6676008470356467
0.667709635418026
0.6677407443001405
0.6677445697661929
0.6677194085801695
0.6678079882385505
0.6679447017008802
0.6679149822668121
0.668018433061379
0.6681249194312803
0.6682415038842393
0.6682800114142372
0.668391567160544
0.6684296257893678
0.6685262931997973
0.668633365333084
0.6686603543834455
0.6685680877055874
0.6686725119746064
0.6687358688996108
0.6688481939741884
0.6689606634438743
0.6690790122954968
0.6691512661891804
0.6692610613783264
0.6692898668714066
0.6694348711429211
0.6695225982332268
0.6696114967687998
0.6697154096918135
0.6698065039389265
0.6699314966654194
0.6699438946960976
0.670044164926421
0.6701581649029652
0.6701148707554867
0.6701558914460657
0.6700792218516317
0.6701286353061583
0.6701658911814966
0.6700103941460085
0.6700368918744004
0.6701368865290865
0.670242821984573
0.6703522426222662
0.6701745528091827
0.6701382363977849
0.670161104158361
0.6700899569723029
0.6701255514561478
0.6701395292743122
0.6702401638896084
0.6703186362288921
0.6703481988647799
0.6704586684168308
0.6705433673153652
0.6706497414567439
0.6707248403106073
0.6707814947737885
0.6708692721937902
0.6708781557089654
0.670932701025979
0.6709231732343749
0.6710034911689507
0.6711350713683343
0.6712158470949408
0.6712561901406406
0.6713380996529091
0.6713653601783519
0.6714701251315665
0.671582642737401
0.671653706854212
0.6716314275704272
0.6715996510602416
0.6715070065853587
0.6715891764230337
0.6716906331724319
0.6713877126517888
0.6713924689863149
0.6714983736333997
0.6715087213895161
0.6716289581118869
0.6715509303150413
0.6715849015477129
0.6716307666388356
0.6717177433223382
0.6714544997928409
0.6715421039090034
0.6712917476453115
0.6710153089274826
0.6710758220202198
0.671071266547893
0.6711215665237779
0.6711610415510812
0.6711912802824731
0.6705330328081316
0.6705995800579558
0.670698976932508
0.6707462931094346
0.6707454826855843
0.6707582970024402
0.6708667637505099
0.670906747845453
0.6708910371756355
0.6709498573202416
0.6709285950421738
0.670585372726106
0.6703737546165329
0.6704256964433233
0.670537331018896
0.6701500918395952
0.6702357714140075
0.6703585503573186
0.6701472195627515
0.6701658574713744
0.6700494745724715
0.6700488127864813
0.6700470671275063
0.6701798998223526
0.670088710047795
0.6701691270548372
0.6702616210219206
0.6703337278495318
0.6704030344371936
0.6701149610612581
0.6701995733955987
0.6702306572153831
0.6703243373923432
0.6704599703120339
0.6703643505787629
0.670309029963807
0.6703997042867452
0.6704506633464927
0.670222582808808
0.6700021432107721
0.6700684371593754
0.6701162097974904
0.6702019985082552
0.6702869346325884
0.6703589573317941
0.6704701023048963
0.67046843275709
0.670556337168585
0.6705518466834993
0.6703358847332734
0.6704070793520697
0.670532941901445
0.6706284967521317
0.6707320933350384
0.6708425080473085
0.6706544375245657
0.6706792582035049
0.670744420216203
0.6708384749865557
0.6708509887040758
0.6709381227866394
0.6710306606851909
0.6709221573229225
0.6710087698922752
0.6711021482005464
0.671189820717669
0.6712966346240233
0.6710195037246478
0.6709431137106436
0.671029359397856
0.6709807289626907
0.6710592262974122
0.6710158229560255
0.671116227981626
0.6712254308393601
0.6712810690079649
0.6710462625374791
0.6709597173127428
0.6709767328438228
0.6707714527355909
0.6708644710181608
0.670938854806303
0.6710670943167776
0.6711518427263662
0.6712177452206034
0.671268283978894
0.671338187736192
0.6714502885332547
0.6715151153231145
0.6716096434820342
0.6717161532001584
0.6718042613341892
0.6715871452939638
0.671701352572691
0.6715390156792431
0.671615641537664
0.6717162157208134
0.6715967514323133
0.6716408248333346
0.6716645102622988
0.6717070091777124
0.671775007066204
0.6719024024371967
0.6719428750022772
0.6720007868209026
0.6717274216111887
0.6718209635212992
0.6719043171151375
0.6717192222178268
0.6717906673264783
0.6718193109700592
0.6719207473532854
0.6718673305383115
0.6719349549658562
0.671990159314415
0.6720720518284542
0.6721445265891888
0.672214947542492
0.6722720690073676
0.6723447776500109
0.6724519444476934
0.6724557477836987
0.6723344358703096
0.6724080574834292
0.6725099500411476
0.6726023803220087
0.6727085228202699
0.672762495372705
0.6728502095773907
0.6726709180984182
0.6727058753968833
0.672800267357881
0.6728250664237173
0.6729009098197283
0.6729721859788174
0.6728087703826002
0.6728759615669616
0.6729819137348654
0.6728775182029245
0.6726094645452902
0.6725635423020754
0.6726348084898126
0.6727562490974812
0.672872571602673
0.6729715481434875
0.6730328864406179
0.6731270410296685
0.673021177419044
0.6731289944192472
0.6730454373339911
0.6731162922420049
0.6729947256475534
0.6730573914099229
0.6730937328723609
0.673180665911963
0.6732549222467967
0.6730211650469283
0.673120479415672
0.6732196736768243
0.6733229715052251
0.6733598123936541
0.6733820772833571
0.6734842385070281
0.6735893296398003
0.6736360654130403
0.6737498270882362
0.6737205399352475
0.673567193003157
0.6736106409393027
0.6736734285846205
0.6735479923884795
0.6736522613156345
0.6737237513639648
0.6737474810767748
0.6738375855222668
0.6739136927780086
0.674030894911257
0.6741153435760419
0.6741225706931661
0.6741771814946056
0.6736724469631192
0.6737342803052215
0.6738095690239623
0.6738849998469791
0.6740088377851736
0.6740716973382094
0.6741593273009407
0.6742578930197561
0.6743290908391072
0.6742002111789434
0.6743043923718394
0.6744044661706509
0.6742274242480962
0.6738875284643678
0.6739579666072297
0.6740825947022189
0.6741893133277164
0.6742263782644833
0.6742711795118478
0.674377669007404
0.6744672699513568
0.6744691821070865
0.674419612377602
0.6744916453879978
0.6745083564561702
0.6746288839343713
0.6746010726000868
0.674689340700649
0.6746802556248785
0.674523737530774
0.6745907267598971
0.674697800782254
0.6747486957967054
0.6747042388777948
0.6747874089832598
0.674853795593887
0.6748815384177594
0.6749314487298518
0.674905735721072
0.6749506459506253
0.6750620628582965
0.6749555196598601
0.6749582116348902
0.6750526549504077
0.6751186275770333
0.6752075754763914
0.6749465848657558
0.6749984503260045
0.6750226725597981
0.6750839673960211
0.6751388352121132
0.6752377773046111
0.6753066628597219
0.675360835901949
0.6754222747620086
0.6755175355884867
0.6754151070303304
0.6755084291402562
0.6755803088627804
0.6756283717713939
0.6757158889952587
0.6758047268923568
0.6758384878251915
0.6759129089845142
0.6759934348373483
0.6760963882447764
0.6760205266445289
0.6760598266070413
0.676119387231557
0.6762091589498407
0.6762628149217763
0.6762793988483607
0.6761041487278031
0.6758755971731288
0.6759365900440534
0.6758381334279738
0.6758845149068865
0.6759278646042042
0.6759816674702255
0.6759973063889441
0.6760465162808287
0.6760201364521761
0.6760505289309462
0.6761060132907604
0.675940871975299
0.6757827922424073
0.6758655974294624
0.6759208263070577
0.6758791148033119
0.6757433871424953
0.6754663373563076
0.6755073535712767
0.6753661064359174
0.6753757088689054
0.6754447605672566
0.6755268865453355
0.6754814141594371
0.6754834477970916
0.6755827207930037
0.675583575615819
0.6756410573124699
0.6757370453152144
0.6758081383544988
0.6759038566788171
0.6759803412814749
0.6760002064396361
0.6757722823047355
0.675832885560952
0.6759035901852671
0.6756329205369698
0.6756781220549134
0.6756367539794457
0.6756434910124416
0.6757472494564928
0.6758065005033472
0.6755647655397042
0.6755426527147181
0.6756591525827735
0.675732250405207
0.6756446191244468
0.6756304251220223
0.6756929547428385
0.6754731152337228
0.675343939337752
0.6753649038030567
0.6754441143360701
0.6755059899133274
0.6755637904699908
0.6754491471728115
0.6755338868983151
0.6756168961905479
0.6756649170397003
0.6756229581478187
0.6755368018901572
0.6755938245417438
0.675641026108478
0.6757153428965961
0.6757431319099638
0.6757342974911568
0.6758094049596663
0.6759064783607797
0.6760307594741527
0.6760990362499936
0.6761061266255708
0.6761836466804709
0.6761890216084697
0.6762868407247864
0.6760808145765921
0.6761518114405862
0.6762343780832852
0.6762995657525199
0.6763736753016841
0.6764665331739345
0.6764683098050646
0.6765482798360127
0.6764522464164093
0.676363549413068
0.676252574763639
0.6760570827891924
0.6761085990204484
0.6761960317232628
0.6762964587058995
0.6762837491720797
0.6763314721281769
0.6763223573183054
0.6763889547416319
0.6764621823323113
0.6765049781727905
0.6764296093466953
0.6764873721328439
0.6765509114648764
0.6766313885257025
0.6766734550067238
0.6766117985397665
0.676704545001441
0.6768037375034602
0.6768955545830807
0.6766589083458058
0.6765021648372351
0.6762703214207615
0.676081904179619
0.6761521453494069
0.6759219666760623
0.6757348422161233
0.6758235856048714
0.6758087806522214
0.6756128920151596
0.6755174878438118
0.6755643227518024
0.6753369833126192
0.6752295218664194
0.6751119997273972
0.6750531887183179
0.6751287469178453
0.6751320952525613
0.6751174718351363
0.6751726968443861
0.6751969239363008
0.6752385922245517
0.6748549264672966
0.6749012201259111
0.6746775611520367
0.6744449126543273
0.6743237360372575
0.6740909115182832
0.6740879023697387
0.6741552258380138
0.6742136547506854
0.6741003881335879
0.6739892991986979
0.6740143639996281
0.6740910295066704
0.6740373996911959
0.6738817487541866
0.6736459792745871
0.6737028956855738
0.6737183954706423
0.6736218083928077
0.6736778924826691
0.6734440883297812
0.673459592040071
0.6735069352230212
0.6733922189970372
0.6732537122295129
0.6732839399412606
0.673394737086788
0.6735025143986746
0.6734777971621322
0.6732638418018678
0.673328656871639
0.673416245746107
0.673474546660642
0.673519559362908
0.6734132611082287
0.6734921751923291
0.6735924037856298
0.6736445744822975
0.6736716687735447
0.6737270727509561
0.6738062004930105
0.673885158227208
0.6739392044557043
0.6740235140859776
0.6738264325348128
0.6739087430083645
0.673980729796998
0.6740213562905437
0.6740538065874107
0.6741517036047626
0.6742147497875741
0.6741841922992812
0.6740199848003772
0.6740979611209936
0.6740836274292376
0.6741780937849923
0.6742812655108853
0.6743690387101454
0.6744746584672432
0.6745680083072061
0.6744813049619406
0.6745813368474207
0.6746127687523884
0.6747127669666035
0.674802473211809
0.6748434569702437
0.6749384525986848
0.6750381403183544
0.6751195986583841
0.675222066115512
0.6753204888308004
0.675294318754754
0.6753700719258775
0.675349914970848
0.6754102105686822
0.6755188022542401
0.6756024855929642
0.6756864877253315
0.6757631925805386
0.6758172621574811
0.6758870892047801
0.6759872319875202
0.6760645402969457
0.6761517069022215
0.6762365847205151
0.6762611375171816
0.6763697899680304
0.6764380417991078
0.6765162558311397
0.6766164977146176
0.6767003917100878
0.6766678550567251
0.6767243645685692
0.6768055055607302
0.6768452420655384
0.6768912011587682
0.6769795884611266
0.6770756281300523
0.6771424946167646
0.6772413018899478
0.6773052870147652
0.6773858139996551
0.677439285733839
0.6775509393299923
0.6775636380643051
0.6775211918116869
0.6776248125363558
0.6776838148060836
0.6777745369806198
0.6778481149101271
0.6779220929608857
0.6780128858227606
0.6780935225753154
0.678178128307192
0.6782457473990545
0.6783360598481708
0.6784026564694621
0.6784731944041927
0.678537372664752
0.6785844958877015
0.6786894715931099
0.6787806621839729
0.6788344343703098
0.6788733448240044
0.6789515761587092
0.6789773772518656
0.6790731574380913
0.6791536658020194
0.6792365199980595
0.6793386740095588
0.6794250528087006
0.679516337809338
0.6796196708516583
0.6797029083285955
0.679740498323764
0.6797883789545026
0.6796775582677478
0.6797458513600294
0.6798435325503079
0.679915977962672
0.6799081293693737
0.6799444356047794
0.6799759085850726
0.6800156425906652
0.6800569103581221
0.6799974264906669
0.6800655121847655
0.6801472613875802
0.6801307967501884
0.6800256693433464
0.680115179970159
0.6801639091408057
0.6801894006783429
0.6800815732573899
0.680152097535993
0.6801305040251882
0.679992701883055
0.6800279403393333
0.6799896747021335
0.6800534968231906
0.680071460600161
0.6801361432883184
0.6801912446805434
0.6801799215935537
0.680218521592906
0.6800849703109327
0.6801210326805263
0.6801264140814267
0.6801769880030296
0.6802196665477424
0.6799911016154896
0.6800598227385226
0.6800929736993944
0.6801578311504793
0.6800610290044796
0.6801380648422263
0.6801660617936383
0.6802507192614745
0.6803043342606105
0.6803723158124737
0.6803153260407787
0.6802820954888806
0.6803282593581781
0.6804116432699048
0.6804383770978292
0.6805039856965956
0.6805002473779003
0.6805560647911151
0.6805585467416025
0.6805114045049722
0.6805860765680014
0.6805979032612159
0.6806690174399834
0.6807258268104428
0.6807988136062472
0.6808710707458894
0.6809246652881242
0.6809322250796169
0.6809760453484124
0.6810510930505506
0.6811434918296274
0.6812055926483647
0.6810292834046071
0.6810245118190519
0.6809989907079949
0.6809020355388168
0.6808169242119231
0.6808864526614818
0.6809126244616976
0.6809630072520794
0.6810440979570175
0.6811247398080454
0.6810559495805839
0.6810791955856887
0.6808817138125021
0.6809174661968159
0.6808703762762708
0.6809493763810507
0.6808425043668032
0.6805744442981748
0.6805946454898356
0.6806191168964467
0.6805452221766717
0.6805377733725876
0.680352260221672
0.680319517709863
0.680265031093707
0.6801656204826144
0.6802057105267892
0.6801803055577902
0.6802398964256382
0.6801577693697155
0.6802013143436705
0.6801172313893161
0.6798851685940968
0.6797786589959981
0.6797904863133197
0.6795647071016784
0.6796416277152666
0.6796765696384736
0.6797388071110774
0.6797147994484338
0.6797999792308502
0.6798725433868436
0.6797634922124912
0.6798024178900918
0.6798944212773649
0.6797758095065908
0.679728535823685
0.6795537768059008
0.6795998834504793
0.6795800400302825
0.6796325650364898
0.6796997099538901
0.679753694747717
0.6798008358665582
0.6796488152156258
0.6797153612536626
0.6798058499464122
0.6798630106125518
0.6799627435369711
0.6797779935482968
0.6797142201260108
0.6797431181747075
0.6798121635335077
0.6798691126950499
0.6799373789209628
0.6800137010710822
0.6800832166155506
0.6800269318523856
0.6800668105499423
0.680143051362104
0.6802094012512794
0.6802871579546438
0.6803564925770172
0.6802837171735374
0.680236376465604
0.6802954461561214
0.6803788455667533
0.6804545160473804
0.680281125072745
0.6803419542413459
0.6804404624665497
0.6804977240027035
0.6804152038574801
0.6802427762367915
0.6800396804149756
0.6801077526067785
0.6801786948947054
0.68024783367302
0.680322930107239
0.6804149814297032
0.6804766766835708
0.6805481704455063
0.6806036474486823
0.6806881592556587
0.680677127271955
0.6807387116796082
0.6807850520120008
0.6808864270150476
0.6809870078553446
0.6809996302897501
0.6810745709529868
0.6811263399672307
0.681196268477981
0.6812696347349632
0.6813277623835698
0.6813897468791849
0.6814547373109074
0.6815468229095181
0.6813720999500255
0.6814520120492933
0.6812674371111612
0.6812214420929791
0.6812795776393115
0.6813066209354527
0.6813800537754989
0.6813050859817439
0.6812346673194648
0.681199389781528
0.681258475622835
0.6812639641879336
0.6813228439882602
0.6813905685078873
0.6813419857214383
0.6814286001268393
0.6814721638493136
0.6815474374375525
0.6816423584482173
0.6816962225497766
0.6817620676685288
0.6818571241550123
0.6819566805850281
0.6820320229374811
0.6821163675697116
0.6821552883001809
0.6822527363626768
0.6822991418308194
0.6822472707613702
0.6823445777455552
0.6824261167435609
0.6824926129211583
0.6823045748687403
0.6822993013495405
0.682394567573229
0.6824892371701289
0.6824753415389468
0.682525557563917
0.6824868806703565
0.6825600141215759
0.6824364208228864
0.6825191695531357
0.6826113514370076
0.6826811149919059
0.6827220839038861
0.6827899572431788
0.6828753983605437
0.6829242638115716
0.6829876572364026
0.6830721485280093
0.6831490990746799
0.6831408054846271
0.6831888746887771
0.6832438863619656
0.6833158472561011
0.6833843876617184
0.683434424457407
0.6835179700827804
0.6835867179167612
0.6835948924620012
0.6834223971158604
0.6834434077303547
0.6832173418636884
0.6832902342348915
0.6833722149862753
0.6833641513407093
0.6833753170917023
0.6834642240978793
0.683542927266523
0.6835981711527451
0.6835353353324872
0.6835102143639692
0.6834318660146075
0.6833747707244198
0.6834450749814049
0.6834661039064864
0.6833682752812685
0.6834233132762992
0.6834119095254749
0.6833169211244211
0.683232455528904
0.6833164500746685
0.6833392173096634
0.6832554299333871
0.6833213723155728
0.6832755290214724
0.6833600135128305
0.6834104730458844
0.6834603846363162
0.6834204083339618
0.6834866694824774
0.6835465363236081
0.6834265100570017
0.6833347571894713
0.6831116998005476
0.6830094548486536
0.6830709393251652
0.6831127688255617
0.6831836168143501
0.6832788871602429
0.6833332071930341
0.6829245013762862
0.6829545868675717
0.6830143400604695
0.6828321101433721
0.6829017124009066
0.6827029681431227
0.682770785691245
0.6826556890646026
0.6826804895652739
0.6827413070575088
0.68279633282534
0.6828638690815617
0.6827788302903596
0.6826641048484307
0.6825681292936496
0.6826347779436518
0.6826951738352128
0.6827766323127136
0.6828374564173428
0.6826720265311975
0.68259165281245
0.6826618089638219
0.6826646535385249
0.682725812319671
0.6826301798987575
0.6824877049718258
0.6825429930604021
0.6826236085151601
0.6826789594613675
0.6827589255666269
0.6828421563921327
0.6829173055884316
0.6829774831185252
0.6829630301128177
0.683017723802426
0.6829784077758587
0.6829545529381803
0.682859781542818
0.6828504777559983
0.6828722378542738
0.6828521853279987
0.68279652391271
0.6828502322112304
0.6829183883998466
0.682970557359064
0.6829549425757189
0.6827984960620238
0.6828438128708895
0.6827797625311174
0.6826355710076795
0.6826070894178973
0.6826735583635927
0.6827089753731823
0.68251959433871
0.6824905810919857
0.682409627259403
0.6823800975648855
0.6824455750223158
0.6823898077245909
0.6824326353177261
0.6823519166097897
0.6823386132011601
0.6822814796062809
0.6823575285729819
0.6823839067244349
0.6824108341583287
0.6822758612526161
0.6823080362053856
0.6823733633935464
0.6823938558605593
0.6823040422185123
0.6821645677932319
0.6821528190474923
0.682120020459935
0.682195462018416
0.6822437144643333
0.682321050656411
0.6823988636891972
0.6824747035944815
0.682372382015457
0.68246030109302
0.6825048490702346
0.6825339751391893
0.682607861070721
0.6826802974693041
0.6826799983040478
0.6827358961331843
0.6828292706896408
0.6827245517779946
0.682796126501821
0.6828833281089975
0.6829586996742709
0.6830484575562595
0.6830985308794149
0.6830091329434209
0.683074903190322
0.6829905858946378
0.6830615991192847
0.6831003520188594
0.6831400149228019
0.6831713922444196
0.6832067385871562
0.6831950468333314
0.6832627067541501
0.6833367808204978
0.6833982138640979
0.6834572690196471
0.6835436847272017
0.6834773973145172
0.6835522497927844
0.6835778881402859
0.6836246667164615
0.6835733289171516
0.6836100061386299
0.6836639829955045
0.683702009126334
0.6837624044950738
0.6837105257590441
0.6837491474273618
0.6836715410231193
0.6837394573882132
0.6837725878237851
0.6838226033147066
0.6838437874325826
0.6839099935685004
0.6839696750693178
0.6839798221403633
0.6838861929389669
0.6839234662734704
0.6837313746153724
0.6837541182519933
0.6836690605894864
0.6835886930969206
0.6836036998879421
0.6836457110817125
0.6835993096959506
0.6836438545503983
0.683639991279863
0.6836528502102345
0.6837166834660956
0.6837760305367795
0.6837858745661
0.683725849001583
0.6837842519161884
0.6838392178265426
0.6839000733933381
0.6839538092629572
0.683998560869766
0.6840613970780559
0.6841092445574161
0.6840085878357018
0.6840527506493881
0.6841122096402964
0.6841493864324844
0.6842119822967103
0.6842725261350017
0.6843243712151226
0.6843566303588997
0.6842471085921574
0.6842625953990606
0.684330008274145
0.6843978723959905
0.6844356570759678
0.684506502188222
0.684415282504733
0.684408324930869
0.6843980704767642
0.6844556793931817
0.6845277301922755
0.6844427721068146
0.6843593206831696
0.6844204063290389
0.6843290616130142
0.6843256520989779
0.6841326936857868
0.6841981883168994
0.6842301938251242
0.6841500503343219
0.6841672529881163
0.6840978532421622
0.6840805871327347
0.6841597532363654
0.6840700918175958
0.6839053053956204
0.6839779209377596
0.683933887083514
0.683989789957132
0.6839735477375921
0.6839576359850827
0.683915009405318
0.6837522873022093
0.6838015518704492
0.6837141775416632
0.6836532434671524
0.683431781451128
0.6835099831289725
0.6835740447269981
0.6836327844535484
0.6836945421315191
0.6836546474742629
0.6837005242258467
0.6837420681184192
0.6837557052880725
0.6838250221224088
0.6838930496359028
0.6838184261324302
0.683661947995529
0.683666627675393
0.6836197697568851
0.6836647337703124
0.6837404785555515
0.6838185600388422
0.6837413010318798
0.6837936347226355
0.6837837519651856
0.6838235736818952
0.6836979188659339
0.6835936348640343
0.6836577818829493
0.683730384810187
0.683804488981648
0.6838808325779364
0.6838389549321864
0.6839207630503826
0.6837713366049384
0.6836438299947354
0.683682442930015
0.683726789727208
0.683792381895823
0.6837510651686061
0.6838081859507238
0.6838693433518348
0.6839358622505393
0.6839736391118255
0.6839100004273716
0.6838130371115148
0.6838749896828691
0.6837749911306303
0.683781399577639
0.6838258403052633
0.6838003209114367
0.6837470330254295
0.6836648170878596
0.6836454227075043
0.6835390666215964
0.6834967381248246
0.6834048771554959
0.6834797932985784
0.6835551450143554
0.683550797170432
0.6835942613453203
0.6835703891406569
0.6836486841441928
0.6836878534650542
0.6835944999366174
0.6835679974009586
0.6835717388669643
0.6836618046078943
0.683739286013073
0.6838035019985331
0.6838771257845937
0.6839458120942715
0.6840248006344349
0.6840501715961748
0.6839820520990364
0.6840104325498466
0.6841012807859582
0.6841601334009194
0.6842037524165311
0.684248105234806
0.684329727774801
0.6841868326503313
0.6842658551208514
0.6843464054662314
0.6844192631929624
0.6844701634748794
0.6845354169195127
0.684605999881848
0.6846826930198869
0.6847019781522787
0.6847880928828499
0.6848632197359384
0.6849060575105623
0.6849897266937354
0.6849293187997467
0.6850011658219896
0.6850804577885493
0.6851372035028469
0.6852129449420417
0.6852780951487812
0.6853263913642256
0.6854007676312885
0.6853558065874027
0.685410903451424
0.6854903013678075
0.6855472208489136
0.6856057258216947
0.6856851219873957
0.685772875050783
0.6858515569986648
0.6859272736323729
0.6860091195815644
0.6860852132098423
0.6861459588232203
0.6862143391677618
0.6862378603845599
0.6863002145429118
0.6863516712315242
0.6863955269807744
0.6864751477575338
0.6865464148585406
0.6866091576068495
0.6866649553038101
0.6867127481461162
0.6867332818926438
0.6868000937225032
0.68688000625825
0.686943794403225
0.6870172577587362
0.687070657322281
0.6871051901663674
0.6871785509861211
0.6872374544254953
0.6873093193322621
0.687365629381136
0.6874324734257518
0.6875117032748794
0.687579434189111
0.6876228568855811
0.6877087019524706
0.6877749796662277
0.6878446114237526
0.6879251742284239
0.6879170848840811
