0.5
0.6634615384615384
0.7475961538461539
0.7980769230769231
0.8317307692307692
0.8557692307692307
0.8590921945701357
0.8747486173956762
0.8872737556561086
0.8975215960510078
0.9060614630467572
0.9132875043508528
0.9194812540400775
0.9248491704374058
0.9295460972850679
0.9336904445035933
0.9336706049941343
0.9355168889418115
0.9387410444947208
0.9416581376140198
0.9443100404497463
0.9467313430388877
0.9489508704122674
0.9509928355957767
0.9528777265344007
0.9546229959220155
0.9562436032105149
0.9577524444791179
0.9282200287062715
0.9304631528092006
0.9325703299968006
0.93455355558513
0.9364234539969832
0.9358746543489188
0.937607771798948
0.939249672541081
0.9172871889140269
0.9193045745502703
0.9212258942038352
0.9230578501525832
0.9248065353763881
0.9264775012569129
0.92807581644698
0.9296061182247038
0.9310726574283558
0.9324793378890016
0.9324964177978882
0.914212174311655
0.8966311709595078
0.8985815262244228
0.9004596461091557
0.9022694707253529
0.9040146587481145
0.9056986121034106
0.9073244981016277
0.9086834049134646
0.9102053481649067
0.9116773916376132
0.9131019498370065
0.9144812839665779
0.9158175139046001
0.914548526511196
0.9155275892408243
0.9143008093019066
0.915561091518055
0.9167848438148948
0.9179736317603963
0.9063632531003852
0.9076459482633936
0.908893975989564
0.9101087229763698
0.9112915029372071
0.9124435613406199
0.913566079784971
0.9146601800408574
0.914590564153983
0.9156450016335634
0.9056294594255258
0.9067529182418885
0.9078499427331604
0.908921455026961
0.9042212084174557
0.9053096037763482
0.906373540812569
0.9074138348035404
0.9084312651903147
0.9094265775252026
0.9104004852937488
0.911353671620411
0.912286790866512
0.9122535004313495
0.9131581035196861
0.9140442453205055
0.914912485266763
0.9149941296448647
0.9158357719256086
0.9166609114165339
0.917470028781422
0.9182635861969852
0.9190420282332045
0.9198057826838346
0.9205552613503408
0.9212908607822821
0.92201296297694
0.9144091258061844
0.9151733300400577
0.9159240085352784
0.9166615172323375
0.9173861996911866
0.9180983876248834
0.9187984014058672
0.9194865505464955
0.9201631341553484
0.9208284413707205
0.9173505203676567
0.9180279751187416
0.9186944143454184
0.9193501045523103
0.9199953037158918
0.9206302616229085
0.9212552201928068
0.9218704137850505
0.9224760694921431
0.9230724074191267
0.9236596409502784
0.9242379770036854
0.9248076162743344
0.925368753466317
0.9259215775147146
0.9264039587368771
0.9269411561183597
0.9274705680305455
0.9279923625051459
0.9285067027729663
0.929013747434151
0.9295136506212344
0.9300065621553516
0.9304926276959394
0.930109919918726
0.930588619097365
0.9310608053620087
0.9315266107311844
0.9319861636792972
0.9324395892547686
0.9312313800544059
0.9316838051856269
0.932130316262845
0.9325710284949045
0.9330060541175179
0.9334355024885596
0.9338594801797152
0.9342780910646536
0.9346914364038698
0.9350996149263455
0.9355027229081695
0.9359008542482425
0.9362284858960093
0.9366173365917654
0.9366226860669667
0.934996444986242
0.935192525767665
0.9355782845428574
0.9359594781254441
0.9363361870776473
0.9367084900771933
0.9370764639720933
0.935995097128324
0.9363629413977014
0.9367265817325717
0.9370860897909093
0.9370648877770248
0.9374184558232213
0.9377680733884547
0.9381138063140744
0.9384557189863723
0.938793874376557
0.9391283340794174
0.9394591583507249
0.9397864061434237
0.9401101351426526
0.9404304017996438
0.9407472613645392
0.9410607679181661
0.9413709744028073
0.9390601316048869
0.9393775267527781
0.9396916328317791
0.9400025007037803
0.9403101801873507
0.9393392098802724
0.9390831168803161
0.9390424672130349
0.9393487864732709
0.9396520425409045
0.9398400602845942
0.9401378817683339
0.9400222600190645
0.9401312888961445
0.9379843069990902
0.9382853540524927
0.9385834924387125
0.9388787641096802
0.9390062209387214
0.93929666750568
0.9395843610246104
0.9398693404537396
0.9401516440196844
0.9404313092345458
0.9407083729125246
0.9409828711860777
0.9412548395216258
0.9415243127348293
0.9417913250054465
0.9420559098917854
0.9423181003447637
0.9425779287215892
0.9428354267990708
0.943090625786575
0.9433435563386346
0.9435942485672247
0.9438427320537127
0.9440890358604946
0.9428775844666352
0.943125942795041
0.9433721508348893
0.9436162363916355
0.9438582267933882
0.9440981489011088
0.9443360291185509
0.9403346052663536
0.9405863579867487
0.9408359951380649
0.9410835432755625
0.9413290285119144
0.9415724765263878
0.9418139125737993
0.9420533614932488
0.9422908477166371
0.9425263952769773
0.9427600278165018
0.9429917685945727
0.943221640495401
0.9434496660355801
0.9436758673714378
0.9439002663062129
0.9441228842970613
0.944343742461895
0.9445628615860608
0.9447802621288606
0.9449959642299197
0.9432644624235776
0.9434843676079824
0.943702574682855
0.9439191032417671
0.9441060060260017
0.9443193418808643
0.9445310554098344
0.9447411650484335
0.9449496889539112
0.9451566450104754
0.9453620508344062
0.9455659237790539
0.9457682809397266
0.9459691391584684
0.9461685150287322
0.9463664248999502
0.9465628848820016
0.9467579108495855
0.946951518446496
0.9471437230898059
0.9461311705395419
0.9463249433073853
0.9465173270231294
0.9467083365694754
0.9468979866172709
0.9470862916292664
0.9472732658637919
0.947458923378356
0.9467660850507127
0.9469522176204654
0.9471370530991398
0.9473206049981011
0.9475028866417062
0.947683911170528
0.9478636915445124
0.9480422405460723
0.9481018821871413
0.9482784063973891
0.9484537338333302
0.9486278766244338
0.9488008467368095
0.9489726559759477
0.949143315989406
0.9493128382694414
0.9494812341555894
0.9496485148371935
0.9498146913558826
0.9499797746080013
0.9501437753469916
0.9503067041857268
0.9504685715988026
0.9506293879247806
0.9507891633683897
0.9509479080026852
0.9511056317711654
0.9512623444898475
0.9514180558493048
0.9515727754166637
0.9517265126375632
0.9518792768380773
0.9520310772266006
0.9521819228956995
0.952331822823926
0.9524807858776013
0.9526288208125621
0.9527759362758771
0.9529221408075307
0.9530674428420753
0.9532118507102536
0.9533553726405902
0.9534980167609554
0.9536397911000988
0.9537807035891562
0.9538851114392426
0.9540244313442601
0.9541629119727412
0.954300560885736
0.9544373855537427
0.9545733933580599
0.9547085915921133
0.9548429874627599
0.9549765880915683
0.955109400516077
0.9552414316910296
0.9553726884895897
0.9545285188351367
0.9546610887510693
0.9547928879116766
0.954923923019179
0.9550542006983144
0.9551837274974546
0.9553125098897033
0.9554405542739736
0.9555678669760479
0.9556944542496204
0.9558203222773204
0.9559454771717188
0.9560699249763185
0.9561936716665261
0.9563167231506089
0.9564390852706351
0.9565607638033987
0.956681764461328
0.9568020928933799
0.956921754685919
0.9570407553635822
0.9571591003901289
0.9565899819824636
0.956708913538676
0.9568271951956742
0.9569448322659857
0.9570618300043934
0.9571781936087175
0.9572939282205858
0.9572504849385579
0.9573654029897983
0.9574797048584585
0.9575933954871791
0.95770647976588
0.9552783286795888
0.9553966399793783
0.9555143269451319
0.9543156050321184
0.9544355115805905
0.9545547903460864
0.9546734462459661
0.9547914841463672
0.95490890886287
0.9550257251611528
0.9551419377576357
0.9552575513201159
0.9553725704683933
0.9554869997748846
0.9556008437652301
0.9557141069188902
0.9558267936697328
0.9559389084066117
0.9560504554739366
0.9561614391722348
0.9562718637587028
0.9563817334477512
0.9564910524115413
0.9565998247805125
0.9567080546439027
0.9568157460502612
0.9569229030079528
0.9570295294856559
0.9571356294128518
0.9572412066803079
0.9573462651405528
0.9574508086083455
0.9575548408611368
0.9564388534444024
0.9553282966233698
0.9554367230878762
0.9555446244847579
0.9556520046188527
0.9545540479812168
0.953461369981262
0.9535729734105636
0.9534448084024042
0.9535559186448805
0.9536664997909642
0.9537765556109382
0.9538860898393483
0.9539951061754255
0.9541036082835023
0.9542115997934234
0.9537322298408567
0.9538405852744847
0.9539484343743106
0.9540557806811305
0.9541626277028022
0.9542689789146287
0.9543748377597338
0.9544802076494341
0.954585091963606
0.9546894940510459
0.9547934172298279
0.9548968647876543
0.9549998399822032
0.9551023460414692
0.9552043861641022
0.9553059635197392
0.9554070812493325
0.955507742465474
0.9548571995019632
0.9549586439974644
0.955059633584914
0.9551601713173863
0.9552602602206957
0.9553599032937008
0.9554591035086036
0.9555578638112453
0.9556561871213974
0.9546503235736681
0.9547502127287922
0.9548496628107069
0.9549486767080518
0.955047257284183
0.955145407377449
0.9552431298014633
0.9553404273453732
0.9554373027741251
0.9555337588287265
0.9556297982265046
0.9557254236613614
0.955820637804025
0.9559154433022997
0.9560098427813097
0.9561038388437428
0.9561974340700888
0.9562906310188759
0.9563834322269037
0.9564758402094738
0.9565678574606166
0.9566594864533158
0.9567507296397298
0.9568415894514111
0.9569320682995213
0.9570221685750453
0.9571118926490013
0.9572012428726493
0.9572902215776957
0.9573788310764972
0.9574670736622601
0.957554951609239
0.9576424671729312
0.957729622590271
0.9578164200798186
0.9579028618419501
0.9579889500590423
0.9580746868956564
0.9577527425231602
0.957838610932666
0.9579241309916261
0.9580093048155297
0.958094134502771
0.9581786221348219
0.9582627697764018
0.9583465794756459
0.9584300532642719
0.9585131931577433
0.9585960011554324
0.9586784792407802
0.9587606293814546
0.9588424535295073
0.958923953621528
0.9590051315787977
0.9580997960135536
0.9581822767300623
0.9582644333573117
0.9583462678017092
0.9584277819547391
0.9585089776931087
0.9585898568788921
0.9586704213596725
0.9587506729686829
0.9588306135249451
0.9589102448334075
0.9589895686850805
0.9590685868571709
0.9591473011132148
0.9592257132032086
0.9593038248637388
0.9593816378181103
0.9594591537764726
0.9558110201119233
0.95408446321756
0.9541712600734814
0.9542577293940975
0.9543438730298901
0.954429692817428
0.9545151905794965
0.9528160683717227
0.9529040980949098
0.9529917999606549
0.9530791757971593
0.953166227419057
0.9532529566275402
0.9533393652104838
0.9534254549425678
0.9535112275853991
0.9535966848876318
0.9536818285850858
0.953766660400864
0.9529371052630196
0.9512870611637008
0.9513756301434031
0.9514638776386056
0.9515518053965067
0.9516394151516667
0.9517267086261223
0.9518136875294986
0.9519003535591218
0.9519867084001288
0.9520727537255765
0.9521584911965505
0.952243922462271
0.9523290491601991
0.9515241932008394
0.9516102958772145
0.9516960932249499
0.9517815868652597
0.9518667784079006
0.9519516694512729
0.9520362615825206
0.9521205563776305
0.9522045554015294
0.9522882602081817
0.9523716723406849
0.9524547933313643
0.9525376247018671
0.9526201679632552
0.9527024246160968
0.9527843961505575
0.9528660840464909
0.9529474897735263
0.9530286147911582
0.9531094605488326
0.9531900284860338
0.95327032003237
0.9533503366076571
0.953430079622003
0.9535095504758904
0.9535887505602585
0.9536676812565845
0.9537463439369639
0.9538247399641894
0.9539028706918303
0.9531361428697157
0.9532151712965796
0.9532939336344641
0.9533724312249945
0.9534506654007915
0.9534089916372582
0.9534869030224802
0.9535645542695211
0.953641946679072
0.9537190815431666
0.9537959601452545
0.9538725837602706
0.9539489536547072
0.9540250710866829
0.9541009373060119
0.9541765535542721
0.9542519210648737
0.954327041063125
0.9544019147663003
0.9540089258948099
0.9525276569685626
0.9526049734881578
0.9526820385719168
0.952758853444365
0.9528354193220888
0.9529117374138008
0.952987808920402
0.9528844235655125
0.9529602940589658
0.9530359205958485
0.9531113043509113
0.9531864464913746
0.9532613481769884
0.9533360105600922
0.9534104347856742
0.9534846219914296
0.9535585733078183
0.9536322898581234
0.9535076745017714
0.9535812383079395
0.9536545696850202
0.9537276697328355
0.9538005395442799
0.9538731802053738
0.9539455927953183
0.9540177783865482
0.9540897380447853
0.9533802228290902
0.9529329317898352
0.9530062449801937
0.9530793301357455
0.9531521883187646
0.9532248205849371
0.9532972279834123
0.9533694115568537
0.9534413723414882
0.9535131113671562
0.9535846296573606
0.9521932657627061
0.9522664766880312
0.9523394637267345
0.951648869125625
0.9517225751178116
0.9517960567386368
0.9518693150110705
0.9519423509518731
0.952015165571643
0.9520877598748629
0.9520914724045768
0.9521637326271943
0.9518592691744425
0.951931661250872
0.9520038359336784
0.9520757942006445
0.9521475370236974
0.9522190653689535
0.952290380196761
0.9523614824617435
0.9524323731128421
0.9525030530933579
0.9525735233409939
0.9511623033064146
0.9512345484198667
0.9513065801061003
0.9513783993094835
0.951357959840692
0.951429492252691
0.9513172609865344
0.9513886433018033
0.951459816591259
0.951530781771681
0.9516015397544961
0.9516720914458161
0.9517424377464773
0.9518125795520783
0.9518825177530187
0.951952253234536
0.9520217868767437
0.9520911195546674
0.9521602521382826
0.9522291854925502
0.9522979204774531
0.9523664579480314
0.9505927240666139
0.9506634068648019
0.9507338877121378
0.9508041674728909
0.9508742470064052
0.9508018796564672
0.950871763350137
0.9509414487921936
0.9510109368250659
0.9510802282864165
0.9511493240091758
0.9512182248215747
0.9512869315471781
0.9513554450049176
0.9514237660091243
0.9514918953695602
0.9515598338914516
0.9516275823755196
0.9516951416180118
0.9517625124107343
0.9518296955410814
0.9518966917920674
0.9519635019423562
0.952030126766292
0.9520965670339286
0.9521628235110602
0.9522288969592493
0.9522947881358572
0.9523604977940723
0.9519675214101281
0.9520335000895097
0.9520992977574254
0.9521649151577577
0.9508623639742313
0.9509294918922994
0.9509964366509729
0.9510631989988598
0.9511297796804941
0.9511961794363629
0.9510362569857482
0.951102603520998
0.951168770498642
0.9512347586466169
0.9513005686889291
0.9513662013456826
0.9514316573331043
0.9511609158581942
0.9512264716758342
0.9512918517406119
0.9513570567583621
0.951422087431145
0.9514869444572717
0.9515516285313287
0.9513942140237415
0.9514588493774333
0.9514750213751212
0.9515393781106979
0.9516035643648559
0.9516675808141087
0.9517314281313953
0.9517951069861033
0.9518586180440926
0.9516588040729819
0.9517223273264996
0.9517856838523179
0.9518488743059845
0.9519118993396154
0.9519747596019166
0.9520154222693673
0.9520779836484163
0.9519543702024457
0.9519648326599197
0.9520272159941277
0.9520894375038629
0.952151497817977
0.9522133975620676
0.9522751373584991
0.9523367178264236
0.9523981395818019
0.9523604031384236
0.9511990157105972
0.9512343033882186
0.9512967434607049
0.9513590238399111
0.951421145137689
0.9510579378947412
0.9509787416539695
0.9510411096671324
0.9511033191847091
0.9511653708101092
0.9512272651436833
0.9511081709563405
0.9511699811068381
0.9512316351710972
0.9512931337396078
0.951275762034646
0.951337050384288
0.9513981847431017
0.9514591656907264
0.951519993803896
0.9515806696564567
0.9516411938193862
0.9517015668608102
0.9514500686477668
0.9514739019810748
0.951534257824382
0.9515944637152833
0.9510341728173736
0.9510948491831513
0.9511553753599048
0.9512157519045774
0.9512759793713619
0.9512239632551097
0.9512840322658793
0.9513320116384131
0.951391800321904
0.9514514422846992
0.9514088138832065
0.9514682890192123
0.9513748070032965
0.9514341784233168
0.9514934050349957
0.9515524873674744
0.9516114259473193
0.9516702212985376
0.9517288739425929
0.95178738439842
0.9515430897441846
0.9516016833478796
0.951660135421131
0.9517184464761116
0.9517485979695699
0.951806662231941
0.9518645869167585
0.9517723125026927
0.9518301394661187
0.9507492061181136
0.9508080481657623
0.9508667497789296
0.9509253114597652
0.9509837337080274
0.9510420170210975
0.951100161893994
0.9511581688193868
0.9512160382876101
0.9512080245670858
0.9512656982969119
0.9513232358431966
0.9513806376877211
0.951437904309997
0.9514950361872794
0.9504351886844923
0.950493295145589
0.9504341695072452
0.9504921412388158
0.9505499775224152
0.9506076788321907
0.9506652456400786
0.9507018901237838
0.9505931005505502
0.9505951770335124
0.9506041540129786
0.9506613913779693
0.9507184962490597
0.9507381765256318
0.9507950608483504
0.9507364736962761
0.9507932289109118
0.9508498535036495
0.9509063479249097
0.9508583393843425
0.9508949222757477
0.9509511709329347
0.951007290874659
0.9510315365104847
0.9510874365829614
0.9511432091752271
0.9511988547228635
0.95125437365947
0.9513097664166752
0.9502863882615353
0.9503426890675811
0.9503988624962377
0.9503293597012011
0.9502828151745529
0.9503388661157316
0.9503947908160517
0.950380285989487
0.9504360384771392
0.9504916658189158
0.9505471684357106
0.950602546746533
0.9506578011685167
0.9507129321169318
0.9507679400051942
0.9508228252448762
0.9508775882457171
0.9509322294156328
0.9508478602718377
0.9509024131461198
0.950956845060592
0.9505681885322856
0.9506228697396615
0.95067743010459
0.9507318700272118
0.9507861899059029
0.950840390137284
0.9508944711162309
0.9509484332358834
0.9509668673766607
0.9510206317764669
0.9510742784010272
0.9511278076369123
0.9511291771940096
0.9511825296206537
0.9512357656843171
0.9512513228473836
0.9512318255791419
0.951284834464382
0.9511826173337398
0.9512355646034428
0.9512883971445009
0.9513411153294093
0.9513691495044833
0.9514216666216491
0.951417294188457
0.9514696462421333
0.9515218855895583
0.9515740125943006
0.9515434034755924
0.951595395531949
0.9516472761369523
0.951699045648583
0.9517507044232905
0.9518022528160006
0.9518536911801244
0.9519050198675656
0.951956239228729
0.951874370889124
0.95192551395938
0.9519765484456226
0.9519567783341567
0.9520076715774468
0.9520584571101691
0.9521091352739004
0.9521597064087749
0.9522101708534914
0.9521434466364581
0.9521938219557882
0.952244091333332
0.952253854327245
0.9522422306297225
0.9522922911846179
0.9523422469006549
0.9522177605893921
0.9522154431802078
0.9522512167118428
0.9523010068925395
0.952350693343693
0.9524002763891211
0.9524497563512946
0.9524991335513451
0.952548408309072
0.9525577244264081
0.9526068365129232
0.9526558470232511
0.952575624040789
0.9526245656052464
0.9526068947860324
0.9526175601497574
0.9526663075158585
0.9527149546818237
0.9527635019562777
0.9528119496465789
0.9527814834308312
0.9528298135399093
0.9528780448144083
0.9529261775571923
0.9529742120698891
0.9530221486528964
0.9530699876053883
0.9531177292253218
0.9531653738094424
0.9532129216532906
0.9532603730512083
0.9533077282963438
0.9533549876806592
0.9534021514949356
0.9534329280770033
0.9534799180587621
0.9534260068510416
0.9534729091603558
0.9535197170988262
0.9535664309509881
0.9536130510002342
0.9536595775288197
0.953706010817869
0.9537523511473807
0.9537985987962333
0.953844754042191
0.9528928131698935
0.9529397794578597
0.9529866521874834
0.9529749007630065
0.9530216453944548
0.953068297186516
0.9531148564154975
0.9531613233566121
0.9532076982839818
0.9532539814706444
0.9533001731885589
0.9533462737086096
0.953392283300613
0.9534382022333218
0.953443020275743
0.9534887990168681
0.9535344878194056
0.9535800869481402
0.9536255966668186
0.9536710172381537
0.9537163489238306
0.9532728334312365
0.9533184654298388
0.953364008390395
0.9534094625732504
0.9534548282377361
0.953500105642174
0.9535452950438823
0.9535903966991796
0.9536354108633899
0.9536803377908478
0.9537251777349031
0.9537699309479254
0.9537402758678568
0.9537849281112276
0.953829494236482
0.9538739744925162
0.9539183691272684
0.9539626783877229
0.9538868256707318
0.9539310801566524
0.9539752497825809
0.9540193347923677
0.95406333542893
0.954107251934256
0.9531959747117782
0.9532406350412518
0.952808565799077
0.9528535100221256
0.952898368718584
0.9529431421323497
0.952987830506393
0.9530324340827626
0.9530769531025894
0.9531213878060907
0.953165738432575
0.953210005220446
0.9532541884072067
0.9532982882294639
0.9533423049229329
0.9533862387224405
0.9533997436112095
0.9533825116482901
0.9534262839378222
0.9534699741029837
0.9535135823746773
0.9535571089829407
0.953600554156951
0.9527534942985814
0.9527975675315118
0.9528415586148934
0.9528854677781943
0.9529292952500285
0.9529730412581604
0.9521326460053624
0.9506780793769574
0.9507237055754986
0.9507692474372587
0.9508147051958578
0.9508600790840535
0.9509053693337456
0.9506436394049546
0.9506890454404606
0.9507343680089896
0.9507796073404781
0.9508247636640189
0.9508698372078649
0.9509148281994328
0.9509597368653071
0.9510045634312437
0.9510493081221741
0.9510939711622086
0.9511385527746405
0.9511830531819496
0.9512274726058059
0.9512718112670733
0.9513160693858135
0.9513602471812892
0.9514043448719679
0.9514483626755259
0.9511906416836627
0.9512347731107119
0.9512788248061855
0.9513227969859633
0.9513666898651464
0.9514105036580607
0.9514542385782605
0.9514978948385319
0.9515414726508962
0.950731532789639
0.9499244933397022
0.9490748292132803
0.9491203387492827
0.9491657670182566
0.9492111142376872
0.9492563806242846
0.949301566393987
0.9493466717619639
0.9493916969426199
0.949436642149598
0.949481507595783
0.9495262934933044
0.9491281302572607
0.9491731496110154
0.9492180893549491
0.9492629497000419
0.949307730856529
0.9493524330339043
0.9493970564409228
0.9494416012856051
0.9494860677752396
0.9495304561163861
0.9495747665148792
0.949618999175831
0.949224942208981
0.9492694037306895
0.9493137874544597
0.9493580935843071
0.9494023223235348
0.9494464738747359
0.9494033644816455
0.9494474382059647
0.9494914352136183
0.9495353557047369
0.9495791998787554
0.9496229679344163
0.9496666600697723
0.9497102764821902
0.9497538173683528
0.9497972829242626
0.9498406733452441
0.9498839888259477
0.949495823175537
0.9487214978987489
0.9471354459282195
0.9471808232278519
0.9472261226933512
0.947271344524805
0.947316488921616
0.9465518453508098
0.9465974885230124
0.9466430538058426
0.946688541398506
0.9467339514995293
0.9459741998813329
0.9460201011558602
0.945263493689947
0.9453098805597012
0.9453561888742146
0.9454024188328659
0.9454485706343596
0.9454946444767293
0.9452593466051596
0.9453055022994218
0.9453515802250331
0.9452773304581289
0.9453233545704434
0.9453693013313085
0.9454151709355644
0.945460963577397
0.9453669756224563
0.9446215915628371
0.9446678945799251
0.944714120231905
0.9447602687125128
0.9448063402148377
0.9448523349313253
0.9444819333202251
0.9445281213956659
0.9445742326829513
0.944481839909405
0.9442512878984153
0.9442975140278527
0.9443436635605554
0.944389736686747
0.9444357335960218
0.9444816544773474
0.9445274995190672
0.9443669982818402
0.9444128622568758
0.9444586506734681
0.9445043637181814
0.9445500015769658
0.9445955644351606
0.9446410524774962
0.9446044314336263
0.9446498376373692
0.944695169465676
0.944692290006693
0.9447375129911518
0.9447826620818454
0.9448277374597378
0.9448727393052029
0.9449176677980267
0.9449625231174094
0.9450073054419681
0.9450520149497388
0.9450966518181794
0.945141216224171
0.9451857083440217
0.9452301283534674
0.9452744764276751
0.945318752741245
0.9453629574682124
0.9454070907820507
0.9454511528556729
0.9454951438614345
0.9455390639711352
0.9455829133560215
0.945626692186789
0.9456555143646787
0.945699164553944
0.9457427446787
0.9457862549075062
0.9450724258363974
0.9451163678957282
0.945160239703965
0.9452040414294411
0.9452477732399523
0.9452914353027594
0.9453350277845899
0.9453785508516404
0.9454220046695786
0.9447144240426213
0.9440090879220145
0.94330598564502
0.9433508385044781
0.9433956204503243
0.9434403316506005
0.9434849722728179
0.9435295424839591
0.9435740424504809
0.9436184723383152
0.943662832312872
0.9437071225390411
0.9437513431811942
0.943795494403187
0.943839576368361
0.9438835892395456
0.9439275331790605
0.943971408348717
0.9440152149098204
0.9440589530231721
0.9441026228490712
0.9441462245473169
0.9441897582772099
0.9442332241975547
0.9442766224666617
0.9443199532423486
0.9443632166819427
0.9444064129422828
0.9444495421797209
0.9444926045501243
0.9445356002088771
0.9445785293108826
0.9446213920105648
0.9446641884618704
0.9447069188182705
0.9446794373292834
0.9447220900375877
0.9447646770252321
0.9448071984439963
0.9448496544451933
0.9448920451796704
0.9449343707978121
0.9449766314495405
0.9450188272843184
0.9450609584511503
0.9451030250985845
0.9447624719041708
0.944804702430238
0.9448468684329651
0.9448889700601155
0.9449310074590017
0.9449729807764873
0.945014890158988
0.9449672022221673
0.9450090522585003
0.9450508386929543
0.9450925616704083
0.9451342213353019
0.945165709163453
0.9452072502928747
0.9452487285288377
0.9452901440140654
0.945079544257945
0.9451210249646989
0.9448605562666123
0.9449021395575122
0.9449436601757808
0.9449851182629979
0.9450265139603169
0.945067847408467
0.9451091187477545
0.945150328118064
0.9451914756588606
0.9452325615091913
0.9452735858076863
0.9453145486925607
0.9446075071452963
0.9446489066167871
0.9446902442518754
0.9447315201890009
0.9447727345661903
0.944813887521059
0.9448549791908125
0.9448621893659276
0.9449031840206741
0.944944117762115
0.9449849907259144
0.944877435094812
0.9449182968923696
0.9449590981539309
0.9449998390139205
0.9450405196063658
0.9450811400648977
0.9451217005227524
0.9451622011127724
0.9451616717936954
0.9452020832367362
0.9452424351636605
0.9452214081081072
0.9452616864844983
0.9453019056715045
0.9453420657994991
0.9453087994269389
0.9452902445886495
0.9453303249955443
0.9453703467195592
0.945410309889479
0.9454502146337119
0.9454900610802907
0.9455298493568743
0.9455695795907497
0.9456092519088323
0.9456488664376678
0.9455064727939723
0.9455461044501221
0.9455856785021205
0.9456251950754668
0.945664654295296
0.9457040562863799
0.9457434011731289
0.945782689079593
0.945821920129463
0.9458610944460722
0.9459002121523973
0.9456985994841767
0.9457377779838273
0.9457768999896068
0.94581596562362
0.9458549750076203
0.9458939282630106
0.9459328255108445
0.945971666871828
0.9460104524663207
0.9460491824143361
0.9460878568355445
0.9458876983898649
0.9459264330366868
0.9459651122691355
0.946003736206041
0.9460423049658938
0.9460808186668461
0.9460301190814917
0.9460685865661093
0.9461069992537403
0.9461453572613888
0.9461836607057265
0.9462219097030926
0.9462601043694967
0.9462982448206184
0.9463363311718095
0.9460200049271803
0.9460582343854471
0.946096409732662
0.946134531083629
0.9461725985528278
0.9461399907854883
0.9461780006720194
0.945549138091791
0.9455874837691911
0.9455272533091142
0.9455655604446213
0.9456038137401626
0.9454079309121616
0.9454462411360829
0.9454844976289748
0.9455227005037968
0.9452107098171695
0.9452490508179973
0.9452873381950476
0.9453255720607394
0.9453637525271774
0.9454018797061536
0.9454399537091479
0.9454779746473296
0.9455159426315586
0.9455538577723855
0.9455917201800543
0.9456295299645018
0.9456672872353598
0.9457049921019557
0.9457426446733135
0.9457802450581553
0.9458177933649017
0.9458552897016734
0.9458927341762919
0.9459301268962806
0.9459674679688661
0.9460047575009787
0.9460419955992538
0.9459068874010462
0.9459441416108252
0.9459813445415817
0.9460184962991184
0.9460555969889471
0.9460926467162899
0.9461296455860797
0.9461665937029616
0.9462034911712941
0.9462403380951494
0.9462771345783149
0.9463138807242942
0.9463505766363076
0.9463872224172938
0.94642381816991
0.9464603639965334
0.9464968599992625
0.9465333062799169
0.9465697029400395
0.9466060500808967
0.9466423478034793
0.9466785962085041
0.9467147953964142
0.9464117324415998
0.946448063470453
0.9464843452702697
0.9465205779410414
0.9465567615824886
0.9465928962940623
0.9466289821749446
0.94666501932405
0.9467010078400258
0.946736947821253
0.9467728393658478
0.9465842156805285
0.9466201616995861
0.9460198657833231
0.9460561183919307
0.9460923223393187
0.9461284777233969
0.9461645846418129
0.9462006431919523
0.9462366534709403
0.946272615575642
0.9463085296026637
0.9463443956483533
0.9463802138088017
0.9464159841798431
0.9464517068570566
0.9464873819357661
0.9465230095110418
0.9465585896777011
0.9465941225303091
0.9466296081631793
0.9466650466703751
0.9467004381457099
0.9467357826827486
0.9467710803748077
0.9468063313149568
0.9468415355960191
0.946876693310572
0.9469118045509484
0.946946869409237
0.9469818879772837
0.9470168603466919
0.9470517866088233
0.9470866668547989
0.9467923372518663
0.9468273422931479
0.946862301305447
0.9468972143794907
0.9469320816057681
0.9469669030745307
0.9470016788757933
0.9470364090993347
0.9470710938346987
0.9471057331711943
0.9471403271978972
0.9471748760036502
0.9472093796770639
0.9472438383065175
0.9472782519801597
0.9468780271309766
0.9469126342794255
0.9469471963664832
0.9469817134801028
0.9470161857080092
0.9470506131376986
0.9470849958564403
0.9471193339512771
0.9471212020874955
0.9471554722092794
0.9471896979397139
0.9472238793649955
0.9472580165710984
0.9472921096437739
0.9473261586685517
0.9473601637307412
0.9473941249154311
0.9474280423074908
0.9474619159915709
0.9474957460521044
0.9475295325733064
0.9475632756391756
0.9469543018116441
0.9469883709819641
0.9470223964177908
0.9470563782032829
0.9470903164223834
0.9471242111588201
0.9471580624961063
0.947191870517542
0.9472256353062136
0.9472593569449956
0.9472930355165505
0.94732667110333
0.9473602637875753
0.9473938136513181
0.947427320776381
0.9474607852443782
0.9474942071367164
0.9475275865345951
0.9475355105583978
0.9475688213453449
0.9476020898597196
0.9476353161819392
0.9476685003922168
0.9477016425705624
0.9477347427967836
0.9477678011504859
0.9478008177110734
0.9478337925577499
0.947866725769519
0.9478996174251849
0.9479324676033531
0.9479652763824311
0.9479718053855487
0.948004548113437
0.9480372496555041
0.9480699100894101
0.9481025294926202
0.9481351079424052
0.9481676455158415
0.9482001422898128
0.9482325983410097
0.9479519267077341
0.9479844974669909
0.9480170274873367
0.9480495168451571
0.9480819656166467
0.9481143738778098
0.9481467417044612
0.9481790691722266
0.948211356356543
0.9482436033326597
0.9482758101756388
0.9483079769603554
0.9483401037614987
0.9483721906535724
0.9484042377108948
0.9484362450076002
0.9484682126176388
0.9485001406147778
0.9485320290726015
0.948563878064512
0.94859568766373
0.9486274579432951
0.9486591889760664
0.9486908808347231
0.9487005013365436
0.9485266210438988
0.9485583360032064
0.9483847573890829
0.948416520615305
0.9484482447723682
0.9481726158573268
0.9482044508598715
0.9482254770658205
0.948257240576823
0.948288965138088
0.9483206508212142
0.9482966277093158
0.9482262707360134
0.9479521262279179
0.947678316859808
0.9477102787920867
0.947742201698807
0.9477740856514008
0.9478059307211255
0.9478377369790651
0.9478695044961303
0.947901233343059
0.9479214467506798
0.9479531054456642
0.9476809589660496
0.9477127252326154
0.9477444529478869
0.9477761421819998
0.9478077930049198
0.9478394054864432
0.9478709796961972
0.9479025157036405
0.9479340135780638
0.9476633585849653
0.9476949628370276
0.9477265289427385
0.9477580569711204
0.9477895469910294
0.9478209990711552
0.9472486780400493
0.9472803986184979
0.9473120810712512
0.9473437254670042
0.9473753318742869
0.9474069003614649
0.9474051243087568
0.947436637116241
0.9474681121838361
0.9474995495792976
0.9473315873287519
0.9473630687469654
0.9473945125529708
0.9474259188141332
0.947457287597657
0.9474886189705862
0.9475199129998052
0.9475511697520388
0.9475823892938531
0.9476135716916556
0.9470501866906499
0.9469967658174783
0.9470282404220998
0.94705967766814
0.9470910776220736
0.947122440350217
0.9471537659187298
0.9471850543936151
0.9472163058407195
0.9472475203257339
0.9472786979141938
0.9473098386714802
0.9473409426628193
0.9472540158529887
0.9472851160794905
0.9473161796528085
0.9473472066377008
0.9473781970987734
0.94740915110048
0.9474400687071228
0.9474709499828531
0.9475017949916711
0.9475326037974272
0.9475633764638216
0.9475941130544056
0.9476248136325811
0.9469059236614878
0.9463521775072998
0.9463835321668513
0.9464148501971277
0.9464461316622783
0.9464773766263026
0.9465085851530511
0.9465397573062253
0.9465708931493784
0.9466019927459154
0.9466330561590941
0.9465810269736196
0.946612066469858
0.9466430699155781
0.9465579607629864
0.9465889596256528
0.946619922547609
0.9466508495913242
0.946681740819123
0.9466354357993588
0.9466663002089601
0.9466971289371631
0.9464390716703016
0.9464699959938176
0.9465008846285586
0.94653173763627
0.9465625550785545
0.9465933370168733
0.9466240835125458
0.9466547946267503
0.9466854704205245
0.9467161109547656
0.946746716290231
0.9467772864875384
0.946807821607167
0.9468383217094565
0.9468687868546086
0.9468992171026873
0.9469296125136188
0.9469599731471923
0.9469902990630601
0.9470205903207384
0.9465102928432032
0.9465408060817411
0.9465712845275326
0.9466017282400525
0.9466321372786402
0.9466625117024997
0.9466928515707008
0.9467231569421786
0.9467534278757341
0.9467836644300353
0.9468138666636163
0.9468440346348792
0.946874168402093
0.9469042680233949
0.9469343335567906
0.946964365060154
0.9467115571613643
0.9467416806451623
0.9467717700911255
0.9468018255569125
0.9466907635786073
0.9461871663254183
0.9462174834148125
0.9462477663633402
0.9462780152286393
0.9457762973925194
0.9458067601467933
0.9457248922298103
0.945755349641578
0.945785772889115
0.9458161620298722
0.945846517121172
0.9458768382202083
0.945907125384047
0.9456577366114609
0.9456881123875305
0.9457184542241855
0.9457487621782759
0.9457790363065246
0.9458092766655282
0.9458394833117569
0.9458696563015554
0.9458997956911426
0.9459299015366122
0.9459599738939333
0.9459900128189506
0.9460200183673845
0.9460037200044191
0.9460336846437063
0.9460636160443476
0.9460935142616179
0.9461233793506697
0.9456296069330153
0.9456596790530746
0.9456897179259032
0.945719723606607
0.9457496961501705
0.9457796356114563
0.9458095420452062
0.9458394155060412
0.9458692560484622
0.9458990637268495
0.9459288385954644
0.9459585807084482
0.9459882901198234
0.9460179668834938
0.9460476110532448
0.9460772226827435
0.9461068018255396
0.9461363485350651
0.9461658628646349
0.9461953448674473
0.9462247945965839
0.9462542121050103
0.9457665025835841
0.9457961221889453
0.9458257094584928
0.9458552644451493
0.9458847872017223
0.945914277780904
0.9459437362352716
0.9459731626172884
0.9460025569793029
0.9460319193735501
0.9460612498521515
0.946090548467115
0.946119815270336
0.9461490503135968
0.9461782536485677
0.9462074253268069
0.946236565399761
0.9462656739187649
0.9462947509350427
0.9463237964997073
0.9463528106637615
0.9463817934780977
0.9464107449934983
0.9464396652606362
0.9464685543300748
0.9464974122522689
0.946526239077564
0.9465550348561975
0.9465837996382986
0.9466125334738885
0.946641236412881
0.9466699085050826
0.9466985498001926
0.9467271603478039
0.9467557401974028
0.9467842893983693
0.9468128079999779
0.9468412960513973
0.946869753601691
0.9468981806998175
0.9469265773946304
0.9469549437348791
0.9469832797692087
0.9470115855461606
0.9470398611141723
0.947068106521578
0.9470963218166092
0.9471245070473941
0.9471526622619588
0.9466769679404036
0.9467053161764799
0.9467336342869069
0.9467619223196807
0.9467901803226957
0.9468184083437448
0.946846606430519
0.9468747746306088
0.9469029129915035
0.9469310215605923
0.9469591003851634
0.9469871495124055
0.9470151689894074
0.9469110933586681
0.9469391234044133
0.9469671238669967
0.9469950947932272
0.9470230362298149
0.9469192306259003
0.9469276791421389
0.9469556119425905
0.9469835153555611
0.9470113894274037
0.947039234204373
0.9470013984721228
0.9470292192603265
0.9470570108556777
0.9470847733041017
0.9471125066514265
0.947140210943385
0.9471678862256135
0.9471955325436535
0.9467279993156936
0.9467558321269184
0.946289489922193
0.9463175079243202
0.9463454967105953
0.9463734563266919
0.9464013868181884
0.9464292882305684
0.9464571606092205
0.9464850039994394
0.9460211234758036
0.9460491498914444
0.9460771472189526
0.9461051155035901
0.9461330547905246
0.94616096512483
0.9461888465514873
0.946216699115384
0.946244522861315
0.9462723178339824
0.9458112927122531
0.9458392682968104
0.9458672150107956
0.9458951328988766
0.9459230220056298
0.9459508823755394
0.9459787140529978
0.9460065170823067
0.9460342915076758
0.9460620373732246
0.9460897547229814
0.9461174436008843
0.9461451040507812
0.9461727361164298
0.9462003398414983
0.9462279152695653
0.9462554624441197
0.9457987014794892
0.9458264259288602
0.9458541220301236
0.9458817898267358
0.9459094293620642
0.9459370406793883
0.9459646238218988
0.9459921788326985
0.9460197057548021
0.9460472046311369
0.9460746755045427
0.9461021184177719
0.9461295334134903
0.9461569205342765
0.9461842798226229
0.9462116113209355
0.9462389150715339
0.9462661911166523
0.946293439498439
0.9463206602589568
0.9463478534401832
0.946375019084011
0.9464021572322479
0.946429267926617
0.9464563512087573
0.9464834071202233
0.9465104357024857
0.9465374369969317
0.9465644110448647
0.9465913578875047
0.9466182775659888
0.9463932809526054
0.9464202732582688
0.9464472383950286
0.9462226673495583
0.9462497047214288
0.9462767149200613
0.9463036979863997
0.9463306539613061
0.9463575828855604
0.9463844847998605
0.9464113597448229
0.9464382077609829
0.9464650288887941
0.9463249896684628
0.9463518405990938
0.9463786646787943
0.9464054619478204
0.9464322324463479
0.9464589762144726
0.9464856932922099
0.9465123837194955
0.9465390475361857
0.946565684782057
0.9465300445007911
0.9465566597100988
0.9465832484366112
0.9466098107198352
0.946636346599199
0.946662856114053
0.9466893393036686
0.9463849442634847
0.9464115390331953
0.9464381074322865
0.9464646494999612
0.9464911652753452
0.9461463676687731
0.946137671508903
0.9461643096535575
0.9461909214629229
0.9458881262118708
0.9459148481248525
0.9459415436588482
0.9459682128528991
0.9459948557459696
0.9459940916201433
0.946020695515897
0.9460472732138211
0.9460738247525938
0.946100350170817
0.9461268495070161
0.9461533227996416
0.9461797700870681
0.9462061914075949
0.9462325867994459
0.9462589563007704
0.9462852999496425
0.9463116177840621
0.9463379098419543
0.9463641761611702
0.9463904167794867
0.9464166317346068
0.9464428210641597
0.9464689848057014
0.9464951229967142
0.9465212356746074
0.9465473228767174
0.9465733846403075
0.9465994210025686
0.946625432000619
0.9466514176715047
0.9466773780521999
0.9467033131796064
0.9463646144371759
0.9463906763349226
0.9464167129175671
0.9464427242219761
0.9464687102849446
0.9464946711431963
0.9465206068333838
0.9465465173920885
0.9465724028558212
0.9465982632610217
0.9461663500470362
0.9461923692108607
0.9457614736346068
0.9453314095018189
0.9453577685136311
0.9453841021191667
0.9454104103551401
0.9454366932581949
0.9454629508649041
0.94458049586606
0.9446071142638188
0.9446337071038265
0.9446602744228746
0.9446868162576838
0.9447133326449045
0.9447398236211167
0.9447662892228308
0.9447927294864867
0.9448191444484549
0.9448455341450362
0.944420454800416
0.9444469970856116
0.9444735140321101
0.9445000056761788
0.9440762687784894
0.9441029118138498
0.9441295294748908
0.9437069514259138
0.9437337193995581
0.9436812477331769
0.9437080024848475
0.943734731828397
0.9437614358000019
0.9433137311340626
0.9433406094028468
0.9433674621945991
0.9433942895455254
0.9434210914917632
0.9427650639690652
0.9427921254045409
0.9428191612621002
0.9428461715779897
0.9428731563883872
0.9429001157294026
0.9429270496370774
0.9429539581473853
0.9429808412962318
0.9430076991194555
0.9430345316528267
0.9430613389320489
0.9430881209927582
0.9431148778705237
0.9431416096008477
0.9431683162191659
0.9431949977608469
0.9432216542611938
0.9432482857554427
0.9432748922787642
0.9428596464780347
0.9426523151828671
0.9426791507864315
0.9427059612865314
0.9424989926276783
0.9425258622572916
0.9425527067868305
0.9425795262514491
0.9426063206862361
0.9426330901262145
0.9426598346063422
0.9426865541615117
0.9427132488265505
0.9427399186362216
0.9427665636252229
0.9427931838281879
0.9428197792796857
0.9428463500142212
0.942872896066235
0.942899417470104
0.942925914260141
0.9429523864705955
0.9429788341356532
0.9430052572894365
0.9430316559660047
0.9430580301993537
0.943084380023417
0.9431107054720648
0.9431370065791049
0.943009247641992
0.9430355713151366
0.9430618706820271
0.9430881457763132
0.9431143966315825
0.9431406232813604
0.9431668257591109
0.9431930040982361
0.9432191583320768
0.943245288493912
0.9432713946169599
0.9432974767343774
0.9433235348792605
0.9433495690846444
0.9433755793835036
0.9434015658087521
0.9433619975937676
0.9433879664165123
0.9434139114364865
0.943439832686401
0.9434657301989072
0.9432627710546514
0.9432887258711864
0.9433146569521781
0.9433405643301707
0.9433664480376489
0.9433923081070381
0.9434181445707044
0.943443957460955
0.943469746810038
0.9434955126501429
0.9435212550134002
0.9435469739318822
0.9435726694376029
0.9435983415625174
0.9436239903385236
0.9436496157974607
0.9436752179711101
0.9437007968911959
0.9437263525893842
0.9437518850972838
0.943777394446446
0.9438028806683652
0.9438283437944782
0.9438537838561655
0.9438792008847503
0.9439045949114993
0.9439299659676226
0.9439553140842737
0.9439806392925502
0.9440059416234929
0.9440312211080873
0.9440564777772623
0.9440817116618915
0.9441069227927923
0.944132111200727
0.9441572769164024
0.9441824199704698
0.9442075403935254
0.9442326382161104
0.944257713468711
0.9442827661817589
0.9443077963856304
0.9443328041106481
0.9443577893870796
0.9443827522451383
0.9444076927149836
0.9444326108267205
0.9444575066104003
0.9444823800960204
0.9445072313135243
0.9445320602928025
0.9445568670636911
0.9445257732473908
0.9445505606588085
0.9445753259287242
0.9446000690867917
0.9446247901626119
0.944649489185733
0.9446741661856503
0.9446988211918064
0.9447234542335917
0.9447480653403444
0.94477265454135
0.9447972218658423
0.9448217673430028
0.9448462910019615
0.9448707928717963
0.9448952729815335
0.944919731360148
0.9449441680365632
0.9449685830396511
0.9449929763982329
0.9450173481410782
0.9450416982969059
0.945066026894384
0.9450903339621298
0.94511461952871
0.9451388836226408
0.9451631262723877
0.9451873475063663
0.9452115473529419
0.9448187713958595
0.9448431017435686
0.9448674106454004
0.9448916981296975
0.9449159642247527
0.9449402089588087
0.9449644323600587
0.9447687575876927
0.944793035056885
0.9448172911926245
0.9448415260230186
0.9448657395761253
0.9448899318799532
0.9444998486428818
0.9445241694804616
0.9445484690120076
0.9443538330798658
0.9443781858881459
0.9444025173903821
0.9444268276145227
0.9444511165884674
0.9444753843400671
0.9444996308971237
0.9445238562873913
0.9445480605385748
0.9445722436783311
0.9445964057342692
0.9446205467339492
0.9446446667048839
0.9446687656745378
0.9444752631655411
0.9444994148562041
0.9445235455453971
0.9445476552605012
0.9445717440288504
0.9445958118777306
0.9446198588343808
0.9446438849259928
0.944667890179711
0.9445473868318509
0.9445714130940555
0.9445954185452923
0.9446194032125887
0.9446433671229251
0.9446673103032353
0.9446912327804063
0.9443070502898834
0.9443310973320725
0.9443551236172119
0.9443791291721656
0.9444031140237515
0.9444270781987414
0.9444510217238604
0.9444749446257881
0.9442836080159621
0.944307582367074
0.9443315360950881
0.9443554692266036
0.9443793817881736
0.9444032738063058
0.9444271453074624
0.9444509963180601
0.9444748268644702
0.9444986369730188
0.9445224266699871
0.9445461959816109
0.9445583701901725
0.9445821037645774
0.9446058170278361
0.9444156520077215
0.9444394161582098
0.9444631599974584
0.9444868835514963
0.9441074666641284
0.9441313116015584
0.9440840629967532
0.9441078975820061
0.9441317118565771
0.9441555058464166
0.9441792795774314
0.9442030330754836
0.9442267663663915
0.9442504794759295
0.9442741724298285
0.944297845253775
0.9443214979734125
0.9443451306143406
0.9443687432021155
0.9443923357622503
0.9444159083202146
0.944039444187796
0.9440631362097317
0.9440868081791732
0.9441104601215679
0.9441340920623198
0.9441577040267904
0.9441812960402984
0.9442048681281192
0.944228420315486
0.9442519526275892
0.9442754650895767
0.9442989577265541
0.9443224305635847
0.9443458836256893
0.9443693169378469
0.9443927305249943
0.944018977177202
0.9440425085024743
0.9440660200535237
0.9440895118552651
0.9441129839325719
0.9441364363102754
0.9441598690131654
0.9439736384601201
0.9439971197516288
0.9440205813688254
0.9440440233364265
0.9440674456791068
0.9440908484215006
0.9441142315882001
0.9441375952037568
0.9441609392926813
0.9441842638794429
0.9442075689884702
0.9442308546441512
0.9442541208708328
0.9442773676928217
0.9443005951343836
0.9443238032197443
0.9443469919730888
0.9443701614185621
0.944393311580269
0.9444164424822739
0.9442316539407012
0.9442548328043999
0.9442779924085527
0.9443011327771538
0.9442412319333278
0.9442643683516126
0.9442874855775141
0.9443105836349032
0.9443336625476115
0.944356722339431
0.9443797630341145
0.9444027846553752
0.9444257872268873
0.9444487707722856
0.9444717353151659
0.9444946808790853
0.9444487654112846
0.9444717015114451
0.9444946186796203
0.9445175169392409
0.944540396313699
0.9445632568263479
0.9445860985005027
0.9446089213594399
0.9446317254263977
0.9446545107245762
0.944677277277137
0.944700025107204
0.9447227542378627
0.9447212972601924
0.9447439989861636
0.9445614275580083
0.9445841762541273
0.9446069062884775
0.9446296176840132
0.944652310463651
0.9446749846502697
0.944697640266711
0.9447202773357791
0.9447428958802407
0.9446836963318235
0.9447063113374115
0.9447289078591371
0.9447514859196522
0.9447740455415714
0.9447965867474728
0.9447964430745626
0.944818956760095
0.9448414520895854
0.9448639290854738
0.9448863877701641
0.9449088281660232
0.9449312502953817
0.9449536541805341
0.9449760398437385
0.9449984073072166
0.9450207565931543
0.9450430877237014
0.9450654007209714
0.9450876956070425
0.9451099724039566
0.9451322311337197
0.9451544718183027
0.9451766944796405
0.9451988991396326
0.9452210858201429
0.9448608745856605
0.9448831710375062
0.9449054494647343
0.9449277098891931
0.944949952332695
0.9449721768170177
0.9449943833639035
0.9450165719950596
0.9450387427321584
0.945060895596837
0.9450830306106981
0.9451051477953092
0.9451272471722032
0.9451493287628784
0.9451713925887983
0.9448135377716048
0.9448357099139224
0.9447574626408646
0.944779639492474
0.9448017985456472
0.9448239398218021
0.9448460633423227
0.9448681691285582
0.9448902572018241
0.9449123275834012
0.9449343802945368
0.9449564153564437
0.9447784327903012
0.944800512585267
0.9444450986718949
0.9444672851340866
0.944489453882536
0.9445116049384489
0.9445337383229967
0.9445558540573177
0.944577952162516
0.9446000326596625
0.944622095569794
0.9446441409139144
0.9446661687129936
0.9446881789879685
0.9447101717597427
0.9447321470491863
0.9447541048771366
0.9447760452643975
0.9447979682317399
0.944819873799902
0.9448417619895886
0.9448353106282016
0.9448571753485233
0.9447601637893519
0.9446830310512175
0.9447049300888061
0.9447268117943507
0.9447486761884194
0.9447705232915478
0.9447923531242388
0.9448141657069633
0.9448359610601597
0.9448577392042338
0.9448795001595597
0.944901243946479
0.9449229705853013
0.9449446800963044
0.9449663724997337
0.9449880478158031
0.9450097060646946
0.9448345743425125
0.94485627592617
0.9448779604421251
0.9448996279105047
0.9449212783514044
0.9449429117848878
0.9449645282309871
0.9449861277097034
0.9450077102410059
0.945029275844833
0.9450508245410915
0.9449743939672117
0.9449959472794063
0.944886969487467
0.9449085401452019
0.9449300939244878
0.9449516308451273
0.9449731509268924
0.9449946541895236
0.9450161406527308
0.9450376103361932
0.9450590632595592
0.9450804994424467
0.9449069111041305
0.9448850717192512
0.9449065506468742
0.9448306228904867
0.9448521062927879
0.9448735729699803
0.9448950229415873
0.9449164562271021
0.9449378728459873
0.9449592728176757
0.9447864059673191
0.9448078481397589
0.9448292736645495
0.9448506825610707
0.9448720748486732
0.9448934505466767
0.9449148096743718
0.9449361522510188
0.944957478295848
0.9449787878280601
0.9450000808668264
0.945021357431288
0.9450426175405566
0.9450638612137144
0.9450850884698143
0.9451062993278793
0.9451274938069032
0.9451486719258508
0.9451698337036571
0.9451909791592285
0.9452121083114415
0.9452332211791443
0.9452543177811554
0.9452753981362647
0.945296462263233
0.9453175101807924
0.9453385419076459
0.945359557462468
0.9453805568639044
0.9454015401305722
0.9454225072810597
0.9454434583339268
0.945464393307705
0.9454853122208974
0.9455062150919783
0.9455271019393942
0.945547972781563
0.9455688276368746
0.9455896665236905
0.9456104894603442
0.9456312964651413
0.9456520875563592
0.9456303890859206
0.9456511646346076
0.9456719243119817
0.945692668136223
0.945713396125484
0.9457341082978894
0.9457548046715363
0.9457754852644941
0.9457961500948049
0.9458167991804831
0.9457104967690154
0.9453505003865377
0.9453712954777148
0.9452018883664642
0.9452227241503554
0.9452435440955662
0.9452643482201499
0.9452851365421324
0.945305909079512
0.9453266658502598
0.9453474068723197
0.9453681321636082
0.9453888417420147
0.9454095356254015
0.9452408198922101
0.945261554152001
0.9452822727159101
0.9453029756017536
0.9449662625767239
0.9449870614192875
0.9450078445468207
0.9450286119771278
0.9450493637279859
0.9450700998171452
0.9450908202623292
0.9451115250812347
0.945132214291532
0.9451528879108646
0.9451735459568492
0.9451941884470763
0.9451395425349773
0.9451601822857166
0.9451808065120101
0.9450761019481584
0.945096742270613
0.9451173670856879
0.9450128042991993
0.9450334451384264
0.9450540704873425
0.9450746803633787
0.94509527478394
0.9451158537664047
0.9451364173281258
0.9451569654864299
0.9451774982586176
0.945198015661964
0.9452185177137179
0.9452390044311024
0.9452594758313151
0.9452051935159821
0.9448727027067841
0.9448932802720299
0.9449138424808836
0.9449343893505289
0.9449549208981238
0.9449754371408006
0.9449959380956662
0.9450164237798019
0.9450368942102636
0.9450573494040818
0.9450777893782619
0.9450982141497836
0.9447468765237056
0.9447674090853838
0.9446641027174719
0.9446846507669642
0.9447051835617797
0.9443752835739743
0.9443959082370911
0.9442311951502722
0.9442518579160558
0.9442725053760869
0.9442931375473657
0.9443137544468669
0.9443343560915407
0.9443549424983115
0.9443755136840793
0.9443960696657185
0.9444166104600792
0.9444371360839862
0.9444576465542394
0.9441091381975774
0.9441297545243211
0.9441503556472841
0.9441709415832785
0.9441915123490916
0.944212067961486
0.9442326084371997
0.9442531337929461
0.9442736440454137
0.9442941392112668
0.944314619307145
0.9443350843496635
0.9443555343554131
0.944192348334717
0.9442128357251962
0.9442333080790585
0.944253765412852
0.9442742077431003
0.944294635086303
0.9443150474589354
0.9443354448774486
0.9442642857984015
0.9442846868650931
0.9443050730023543
0.9440816012614367
0.9441020467454362
0.9441224772839064
0.9439602111248696
0.943980678542282
0.9439281116643914
0.9439485758572147
0.9439690251181204
0.9439894594634457
0.9440098789095035
0.9440302834725831
0.9438685238064729
0.9438889649849848
0.9439093912809494
0.9439298027106143
0.9439501992902031
0.9439705810359157
0.9439909479639288
0.9440113000903954
0.944031637431445
0.9440519600031838
0.9440722678216944
0.9440925609030364
0.9441128392632456
0.9441331029183351
0.9441533518842944
0.9441735861770899
0.944193805812665
0.943851954326129
0.9437817943716135
0.9438021338092504
0.9438224585348167
0.9437704619843703
0.9437907834654023
0.9438110902632834
0.9438313823939214
0.9438516598732015
0.9438719227169861
0.9438921709411141
0.9439124045614022
0.9439326235936439
0.9439528280536102
0.9439730179570491
0.9439931933196861
0.944013354157224
0.9440335004853431
0.9440536323197009
0.9440737496759325
0.9440219618435545
0.9440420761224465
0.9440621759514255
0.9440822613460569
0.9441023323218839
0.9437837510217965
0.943803907439501
0.9434858824252127
0.9435061238713355
0.9435263508230464
0.9435465632959086
0.9435667613054628
0.9435869448672276
0.9436071139966995
0.9436272687093525
0.943647409020639
0.9436675349459888
0.9436876465008099
0.9437077437004884
0.9437278265603883
0.9437478950958518
0.9437679493221991
0.9437879892547286
0.943808014908717
0.943828026299419
0.9438480234420679
0.943868006351875
0.9438879750440301
0.9439079295337015
0.9439278698360357
0.943947795966158
0.9439677079391717
0.9439876057701593
0.9439187425803225
0.9439386436652834
0.9439585306309928
0.9439784034924711
0.9436437780392657
0.9436637483517961
0.9436837045160356
0.9437036465470143
0.9437235744597411
0.9437434882692033
0.9437633879903674
0.9437832736381784
0.9438031452275605
0.9438230027734165
0.9438428462906282
0.9438626757940567
0.9438824912985416
0.9439022928189021
0.943922080369936
0.9439418539664205
0.9439616136231119
0.9439813593547458
0.9440010911760368
0.9440208091016791
0.9440405131463458
0.9440602033246899
0.9440798796513431
0.9440995421409172
0.944119190808003
0.9439631404949995
0.9439828232696763
0.9440024922221799
0.9440221473670651
0.9440417887188661
0.9440614162920969
0.9440810301012512
0.9441006301608021
0.9441202164852027
0.9441397890888856
0.9441593479862634
0.9441788931917285
0.9441984247196531
0.9442179425843892
0.9442374468002687
0.9442569373816038
0.9442764143426864
0.9442958776977886
0.9443153274611622
0.9443347636470396
0.9443541862696331
0.9443735953431351
0.9443929908817185
0.944412372899536
0.9444317414107207
0.9444510964293864
0.9444704379696269
0.9443157319348306
0.94433510711509
0.9443544688169629
0.9443738170545092
0.9443931518417686
0.9444124731927618
0.9444317811214896
0.9444510756419335
0.944426969055456
0.9444462518559225
0.9444655212794896
0.9444631060501971
0.9444823562734033
0.9445015931561914
0.9445208167124242
0.9445400269559447
0.9445592239005776
0.9442516768760874
0.9442709536129905
0.944290217023425
0.9443094671212054
0.9443287039201272
0.944347927433967
0.9443671376764821
0.9443863346614108
0.9444055184024728
0.9444246889133685
0.9444438462077795
0.9444629902993689
0.9444821212017804
0.9445012389286394
0.944520343493552
0.9445394349101062
0.9445585131918708
0.9445775783523963
0.9445966304052144
0.9442911706797555
0.9441385981623518
0.944157774750693
0.9441769381773399
0.9441960884558382
0.9442152255997148
0.9442098626250738
0.9442289819319192
0.9442480881388626
0.944267181259363
0.9442862613068607
0.9443053282947775
0.9443243822365173
0.9443434231454652
0.9443624510349881
0.9443814659184347
0.944332138461681
0.9443511507094742
0.944370149975193
0.9443891362721298
0.9444081096135586
0.9444270700127354
0.9444460174828981
0.9444649520372667
0.9444838736890426
0.9445027824514102
0.944521678337535
0.9445405613605651
0.9445594315336305
0.9445782888698436
0.9445971333822987
0.9446159650840722
0.944634783988223
0.9446535901077923
0.9446723834558032
0.9446911640452614
0.9445968225123877
0.9445308127354162
0.9445496222258416
0.9445684189640701
0.9445872029630656
0.944591245827621
0.9446100093745808
0.9446005498814501
0.9446192975803058
0.9446380325946562
0.9446567549373702
0.9446754646212995
0.9446941616592781
0.9447128460641229
0.9447315178486335
0.944750177025592
0.9447688236077637
0.9447874576078961
0.9448060790387196
0.944824687912948
0.9448432842432773
0.9448618680423867
0.9448804393229383
0.944898998097577
0.9449175443789309
0.944936078179611
0.9449545995122112
0.9449731083893086
0.9449916048234634
0.945010088827219
0.9450285604131017
0.9450470195936211
0.9450654663812702
0.9447483303187261
0.9447668649278107
0.9447853871059033
0.9448038968655058
0.9448223942191032
0.9448408791791637
0.9448593517581393
0.9448778119684647
0.9448962598225582
0.9449146953328216
0.9449331185116401
0.944951529371382
0.9449699279243997
0.9449883141830283
0.9450066881595871
0.9450250498663786
0.9450433993156888
0.9450617365197878
0.9450800614909286
0.9450983742413483
0.9451166747832679
0.9451349631288917
0.9451532392904076
0.9451715032799879
0.9451897551097882
0.9450970685578937
0.9451153330061445
0.9451335853064418
0.945151825470901
0.9451700535116219
0.9451882694406878
0.9448743576939457
0.9448096583720021
0.9448279757771225
0.9448462810273625
0.9448645741348161
0.9448828551115618
0.944901123969662
0.9449193807211631
0.9448824194600212
0.9449006703145045
0.9449189090863302
0.9449311193023237
0.9449493359350387
0.9449675405197163
0.9449857330683048
0.9450039135927369
0.9450220821049297
0.945040238616784
0.9450583831401855
0.9450765156870039
0.9450946362690934
0.9451127448982922
0.9451308415864234
0.945148926345294
0.9451669991866959
0.9451850601224051
0.9452031091641824
0.9452211463237729
0.9451294864094402
0.9451475359204896
0.9450011539619495
0.9450192337929942
0.9450373017411399
0.9450553578180974
0.9450734020355628
0.9450914344052161
0.9451094549387229
0.9451274636477325
0.9449814723510294
0.9449995112125537
0.9450175382491932
0.9450355534725716
0.9450535568942969
0.9450715485259622
0.9450895283791452
0.9451074964654086
0.9451254527962998
0.9451433973833514
0.9451613302380806
0.9451792513719897
0.945197160796566
0.9452150585232817
0.9452329445635941
0.9452508189289454
0.9452686816307629
0.9452865326804594
0.9453043720894322
0.9453221998690641
0.9453400160307229
0.9453578205857617
0.9453756135455189
0.9453933949213179
0.9454111647244675
0.9454289229662617
0.9451393072816282
0.9451571365610297
0.9451749542554544
0.9450845001185304
0.9451023298262841
0.9451201479600633
0.945137954531134
0.9451498521072894
0.9451676374989537
0.9451854113603803
0.9451491663577792
0.944842995587984
0.9448608573122107
0.9448787074717082
0.9448965460777045
0.9449143731414127
0.944932188674032
0.9449499926867464
0.9449677851907261
0.9449855661971266
0.9450033357170887
0.9450210937617394
0.9449958018227158
0.9450135508379391
0.945031288402185
0.9450490145265312
0.9448518141135097
0.944869586651662
0.9447262652642098
0.9447440667890844
0.9447618568512901
0.9447796354618947
0.944797402631952
0.9448151583725014
0.9448329026945682
0.9448506356091633
0.9448224518757229
0.9448401767546578
0.9448578902495984
0.9448703296290937
0.9448880220778648
0.944905703174407
0.9449079166207641
0.9449255800011358
0.9449432320588277
0.9449608728047236
0.9449785022496933
0.9449961204045926
0.9450137272802633
0.9450313228875336
0.9450489072372177
0.945066480340116
0.9450840422070149
0.9451015928486873
0.945115328837584
0.9451328582758345
0.9451503765203186
0.9451678835817549
0.9451853794708481
0.9452028641982896
0.945220337774757
0.9452378002109142
0.9452552515174117
0.9452726917048863
0.9452901207839611
0.9453075387652461
0.9453249456593373
0.9453423414768176
0.9453597262282564
0.9453770999242092
0.9453944625752186
0.9454118141918137
0.9454291547845102
0.9454464843638101
0.9454638029402025
0.9454811105241631
0.9454984071261542
0.9455156927566247
0.9455329674260108
0.9455502311447347
0.9455674839232059
0.9455847257718207
0.945601956700962
0.9456191767209997
0.9456363858422905
0.9456535840751781
0.945670771429993
0.9456879479170528
0.9456419024215038
0.945659077175873
0.9456762410807448
0.9456933941463966
0.9457105363830929
0.945727667801085
0.9457447884106114
0.9457618982218978
0.945778997245157
0.9457960854905888
0.94581316296838
0.9458302296887049
0.9458472856617248
0.9458643308975884
0.9458813654064311
0.9458983891983762
0.945915402283534
0.9459324046720019
0.9459493963738649
0.9459663773991951
0.9458263125821728
0.9458433215892114
0.9458603199189072
0.9458773075813109
0.9458942845864612
0.9459112509443832
0.9459282066650904
0.945945151758583
0.945962086234849
0.9459790101038641
0.9459959233755911
0.9460128260599806
0.9460297181669707
0.9460465997064867
0.9460634706884422
0.9460803311227378
0.9460971810192619
0.9461140203878907
0.9461308492384879
0.9461476675809048
0.9461644754249807
0.9461812727805423
0.9461980596574042
0.9462148360653689
0.9462316020142263
0.9462483575137545
0.946265102573719
0.9462818372038736
0.9462985614139595
0.9463152752137062
0.9463319786128308
0.9463486716210383
0.9462098816112059
0.9462266021951005
0.9462433123870846
0.9462600121968432
0.9462767016340491
0.9462933807083633
0.9463100494294345
0.9463267078068999
0.946343355850384
0.9463599935695002
0.9463766209738493
