0.15517241379310345
0.36354928596307906
0.5226619644723093
0.47197572542400124
0.4210908822977788
0.48664932768381036
0.5110454344506068
0.556826710964642
0.6011440398681778
0.5507229115080686
0.5565534734800973
0.5582760807832478
0.5779230273939682
0.5493948255677037
0.5631345720466453
0.5571583302520463
0.5632421267195251
0.5715415007110312
0.5752224901916085
0.5954499906586749
0.5820204456287351
0.6001934697318336
0.6099076307152295
0.6255113254866203
0.6227549727312177
0.6367270107782097
0.6354153318218451
0.6189491044087506
0.5864610728588064
0.5993841643319687
0.5952902719063247
0.5915072246933936
0.585321303987868
0.578610989988205
0.5777148698656737
0.5653113990461403
0.546528587714523
0.550936981362284
0.5616289579965154
0.560195726415201
0.5669445248408296
0.5765679798443667
0.5761111880120012
0.5751175832608073
0.5727513515582584
0.5644639090094504
0.5607421983968289
0.5497472533302245
0.5391751907661817
0.5478699984875744
0.5545592746098585
0.5510031852346675
0.5530686045459533
0.5609095062205857
0.5684800319754032
0.5682742353007186
0.5754696647123734
0.5824291784056131
0.5833577400442322
0.575965507008983
0.5825910459619676
0.5784357991010143
0.5772206084411156
0.5835307486136363
0.5896552964281416
0.5868031492749388
0.5810176497398422
0.5728147785169101
0.5745570418248976
0.580306270989426
0.576519471326851
0.5692845660023749
0.572880270939407
0.5728616594072167
0.5698296552796992
0.564659909588703
0.5673889759606238
0.5637571130860706
0.5586991580361041
0.5620809778963128
0.5671730595486814
0.5721480818527195
0.5706969041548982
0.5731797104752551
0.5669044177071361
0.5716637098202444
0.5763195390613287
0.5789777097355585
0.5763644716887264
0.5808237930393714
0.5786315698865693
0.581686914526914
0.5770389150450035
0.581311249236468
0.5818139262177876
0.5848542723828479
0.5832053742875912
0.5815687604240366
0.5778258655383025
0.5776137673479906
0.5743416490783797
0.5738928092689901
0.5778382462202031
0.5783983438593654
0.5724812565826201
0.574512673934561
0.5729683139882374
0.5767142059707968
0.5753606270630416
0.5721247595883602
0.5757818129252118
0.5793768823072015
0.5829115303550402
0.5863872676020815
0.5898055546466924
0.5931678041987687
0.596475383026421
0.599729613808466
0.6029317768979983
0.6060831120019824
0.6091848197814943
0.6122380633769514
0.6090424194748045
0.6120497854788445
0.61501123749809
0.6179278190321953
0.6187499611994174
0.6215951107427053
0.624398109922389
0.6241962030517112
0.6269392964600929
0.6296426348915415
0.6305085152160628
0.6331477401073766
0.6357495291846292
0.6383146733453009
0.6408439413638652
0.6433380806599495
0.6417410229028626
0.6381721779184074
0.6391218758766344
0.6395332145531437
0.6400349091822213
0.6373366372386535
0.6336386950610535
0.636048966804073
0.6360675283863266
0.6384307262539478
0.6401489919217411
0.6405860710333539
0.6400887075235873
0.6423666270962227
0.644615893592473
0.6436275847980605
0.6451509469352706
0.6469004560811729
0.6477206417328194
0.6498686866003023
0.6512776820825821
0.6481575354033697
0.6454983982611523
0.6459078465708222
0.6480030664135985
0.6461332142883902
0.6456963450319001
0.6460120639561332
0.6442046724496431
0.6418766595894877
0.6399998377393814
0.6420452932067713
0.6402155560597376
0.6422368169807503
0.6442354939808579
0.646211963458742
0.646232891837423
0.6435004922680567
0.6454485770097613
0.6423587645092903
0.6437514198362672
0.6444719916531569
0.6463732109491294
0.6482542045079106
0.649359435474233
0.6512049121296318
0.6530310644221469
0.6543173609616149
0.6553113323874813
0.6570880780968242
0.6588466007732509
0.658036158932571
0.6574031496655698
0.6565179966730308
0.6565689950147073
0.6582861500396338
0.6580763370746396
0.6586042061106708
0.658370249977668
0.6565474392127413
0.6582228175580449
0.659881930094171
0.6589306307360492
0.6568939167308137
0.6548766928117528
0.6531868037983635
0.6548304682353381
0.6564586264040393
0.6580714967026119
0.6591195408356673
0.6585387363450013
0.6591791820100708
0.6588815571832712
0.6604463206824305
0.6614076057109833
0.6606739347759334
0.6622093468357708
0.6629801756037779
0.6621887240830725
0.6636968101362731
0.6651914909801119
0.6666729445598459
0.6669666026601696
0.6684272754555197
0.6698751912832248
0.6713105165385151
0.6727334147353181
0.6741440465683556
0.6746842008749292
0.6757691890274783
0.6771488946060847
0.6742796196289403
0.6756539672254427
0.6762528237420661
0.676677614344726
0.6780247909516229
0.679360787669666
0.6806857430925186
0.6806904033341881
0.6819990492221627
0.6795069248230052
0.6808097422017735
0.6821020104519687
0.6833838571840173
0.6846554079583786
0.6851167863265452
0.6835255413041855
0.6847813923307562
0.6860273156812275
0.684840654535299
0.6860765735371214
0.687302836921742
0.6885195574006457
0.6897268459378525
0.6909248117836523
0.6921135625075614
0.6928344258683613
0.6940068135558867
0.694898694221345
0.6956755931068702
0.695314553132882
0.6958334207276206
0.6967970596012999
0.6979284138565189
0.6990513565559371
0.7001659811612855
0.7012723797547863
0.7022174567900015
0.7033082353365583
0.7043910519959139
0.7042538724128985
0.704600778672272
0.7056672018539606
0.7067259529264284
0.7077771143854734
0.7088207675483824
0.7098569925749006
0.708669556431018
0.7090565255538124
0.7100809744074961
0.7110982341464172
0.7121083801808703
0.7131114868701355
0.7141076275407253
0.7150968745042522
0.7160792990749272
0.7170549715866973
0.7180239614100304
0.7173764457970012
0.716880024455612
0.7171617870845761
0.7171959456662929
0.7181481478694366
0.7190939594537673
0.7200334445392063
0.7209666663907423
0.7218936874326335
0.7228145692623267
0.7237293726641012
0.724638157622443
0.7228584199968553
0.723764111434774
0.7246639026027389
0.7247461626592235
0.7256369517768313
0.7257155422549705
0.726597485849006
0.7274737759584643
0.7277054891343159
0.7285726691052257
0.7288571425943577
0.7277812936902265
0.7286400277795317
0.7294933610255081
0.7303413442197855
0.7311840275190986
0.7320214604551762
0.7314302964993112
0.7322617816494682
0.7330881341752414
0.7339094014547023
0.7341121333520805
0.734925246094123
0.7352978607619546
0.7361024265347146
0.7345788838280437
0.7353807603119469
0.7353563385256842
0.7361510642358172
0.736804939655906
0.7375905965524555
0.7379464068518318
0.7383001055173838
0.7382008800713616
0.7389731488617116
0.7397408748944713
0.7404226383763709
0.7386475234493445
0.7382433032643609
0.7390042238944063
0.7397607333903646
0.7405128699990629
0.7412606715264431
0.7420041753438958
0.7427434183944864
0.7434784371990736
0.7439243675774238
0.7437640710786243
0.7444899518970984
0.7452117316939992
0.7459294451258471
0.7466431264597633
0.7464601448207125
0.7471683567066882
0.7478726231225471
0.7479193821759648
0.7486176664358651
0.7493120927716777
0.7500026930670725
0.7506894988553497
0.7496602125571159
0.7503442010473971
0.7510244620799654
0.7517010260417046
0.7521133434612288
0.7519883948382017
0.751399028095601
0.7520673102781397
0.7511234300897264
0.751788875463818
0.7515618829070257
0.7502273371091105
0.7508881113495626
0.7501062046033775
0.7507638198544212
0.7514179830569031
0.7516947497429919
0.7523430663232974
0.7529880062547472
0.7536295958488907
0.754267861144619
0.7549028279116871
0.7555345216541828
0.7548776205702389
0.7555061394918536
0.756131443482923
0.7567535571475075
0.757372504839244
0.7579883106645251
0.7586009984856276
0.7592105919237953
0.7598171143622743
0.7604205889493038
0.76102103860106
0.7616184860045573
0.762212953620506
0.7628044636861266
0.7633930382179228
0.7639786990144132
0.7633268997575874
0.7639098384281352
0.7644899125351914
0.7650671431417229
0.7656415511047014
0.7662131570776168
0.7667819815129511
0.7673480446646187
0.7677251121668276
0.768286162620531
0.7688445092166261
0.7694001714540861
0.7699531686448436
0.7700685481891905
0.7694239931815791
0.7699729836740039
0.7705193661355858
0.7710631591068285
0.7716043809529116
0.7721430498657585
0.7726791838660744
0.7732128008053559
0.7737439183678727
0.7742725540726206
0.7747987252752485
0.7753224491699573
0.7758437427913727
0.7763626230163927
0.7766074043516353
0.7771221338346961
0.7776344967454208
0.7768338933780494
0.7769285110549459
0.7774378066918067
0.7779447820751967
0.777597180297753
0.7781014950816584
0.7786035278982157
0.7791032942009285
0.7796008093040796
0.7797590097326098
0.7802528236121331
0.7807444280335825
0.781233837792436
0.7817210675523638
0.7816505762911364
0.7810260739046815
0.781510529493388
0.7819928462053232
0.7824730381740339
0.7829511194088162
0.7834271037960776
0.7839010051006814
0.7843728369672738
0.7848426129215934
0.7853103463717639
0.7857760506095691
0.7855182380902123
0.7859814816364536
0.7864427284432717
0.786901991392856
0.7873592832568198
0.7878146166973834
0.7882680042685428
0.788719458417224
0.7891689914844214
0.7896166157063228
0.7900623432154196
0.7905061860416026
0.7909481561132449
0.7913882652582696
0.791826525205206
0.7922629475842308
0.7926975439281968
0.7931303256736494
0.7923460263840515
0.7927777394269121
0.7932076611293459
0.7931182042740057
0.7935456460007123
0.7924717936846846
0.7928988064548806
0.7933240655792033
0.7937475818382623
0.7941693659244826
0.7945894284430041
0.7941349256792272
0.7945533506270336
0.7949700781105488
0.7953851184382602
0.7944516804885533
0.7948660924230522
0.7952788367038911
0.7956899233771765
0.7960993624084847
0.7965071636836677
0.7958044436851862
0.7962112077415903
0.7958211258176507
0.7962262426315047
0.7966297550223334
0.7970316725025264
0.7964458112155391
0.7954685556816503
0.7958703856311952
0.7952902476201537
0.7956908537891945
0.7960898950903874
0.7964873806750066
0.7952620485465857
0.7956595979668836
0.7950866142498935
0.795482965092737
0.7956203853660457
0.7960141803846084
0.7964064608069457
0.7967972353543411
0.7970391504649207
0.7956814398937433
0.7955942615733353
0.792569188335414
0.7914609717129313
0.7918551853769901
0.791390278509212
0.7909760380062352
0.7913689401904339
0.7917603680700016
0.790295843329553
0.7906870824278188
0.7904561319329191
0.7908456186765382
0.7912336602003294
0.7900608103422586
0.7900791822270233
0.7900974863188555
0.7904840471175316
0.7908691867368008
0.7907941974033388
0.7911773582139554
0.7915591180709683
0.7904969719213473
0.790877886517854
0.7912574184842462
0.7916355753348182
0.7920123645295112
0.7923877934744037
0.7920861938465219
0.7924601395410426
0.7928327425221179
0.7932040100086374
0.7935739491678349
0.7939425671157494
0.7943098709176821
0.7946758675886471
0.794596514360248
0.7949607049376235
0.7953236063448136
0.7956852254148757
0.7960455689326625
0.7964046436352459
0.7967624562123369
0.7971190133067012
0.7974743215145703
0.7973039118615728
0.7976576572160902
0.7980101700083966
0.7983614566692515
0.7970448569180897
0.7973965989338296
0.797747123849169
0.7980964379703276
0.7984445475600339
0.7987914588378996
0.7991371779807898
0.7994817111231899
0.799825064357568
0.8001672437347345
0.8005082552641974
0.800848104914514
0.801186798613639
0.8005982734114857
0.8009362424396019
0.8012730677485027
0.8016087551340627
0.8019433103530609
0.8022767391235103
0.8026090471249834
0.8029402399989347
0.8027413627565844
0.803071226698463
0.8033999892582319
0.8037276559428015
0.8040542322224308
0.8043797235310314
0.8047041352664691
0.804236724545335
0.8045603002072436
0.8048828079626772
0.804655104270262
0.8042172859054451
0.8045387681945987
0.8045699003971726
0.8048897532606797
0.8038950069205144
0.8040334334383782
0.8039907413153529
0.8043089381638668
0.8046261035801329
0.8038634939195394
0.8041803541878438
0.8036423023831766
0.803958498353574
0.8032018662554706
0.8035177541105983
0.8038326295046518
0.8041464972974445
0.8044593623177361
0.8047712293634813
0.8050821032020745
0.8053919885705926
0.8056612076363536
0.8057710947874847
0.8055915640873583
0.8057407085358774
0.806047111203802
0.8056526363130173
0.8059582139288773
0.8059005570298221
0.8057165821601264
0.8054989766585717
0.8058028845075427
0.8061058441260956
0.8057403032028908
0.8056912413758055
0.8055718660931133
0.8058733050604108
0.8061738107801315
0.806473387579544
0.8067720397592052
0.8069434738842067
0.8072404839243849
0.8059912799859664
0.8055226869078869
0.805820052830046
0.8061165107646566
0.8064120648641008
0.8067067192554797
0.8061320455614309
0.806426230621277
0.8067195242112448
0.8070119303773398
0.8065859304825098
0.8068776560775589
0.8065660933425023
0.8068569713976264
0.8071469759450774
0.8074361109136755
0.8077243802087148
0.8080117877121399
0.8082983372827187
0.8085840327562169
0.8088688779455678
0.8091528766410424
0.8094360326104177
0.8082368681176616
0.8085205413896769
0.8088033766313465
0.8090853775507693
0.8091210888258541
0.8094017931069926
0.8086244042771731
0.8089050136550658
0.8091848013363908
0.8087992307868559
0.809078355997386
0.8093566674317921
0.8096341686436818
0.809910863166002
0.8101867545111893
0.8094737038788279
0.8097494293435474
0.8100243579138602
0.8102984930395256
0.8105718381504197
0.8108443966566781
0.8108767083473055
0.8099859441400067
0.8102577811297921
0.8105288414424637
0.8107991284018896
0.811068645312998
0.8111951479512441
0.8114633366615407
0.8117307645528009
0.8119974348579668
0.8122633507916897
0.8125285155504585
0.8127929323127286
0.8123523788869361
0.8119130647112864
0.81147498456422
0.8117393955255605
0.8120030658399504
0.8115666979156988
0.8118298729186098
0.8120923138210943
0.8123540236904243
0.8126150055768075
0.8128752625135064
0.8126724766662846
0.8129319330697939
0.8131906717515784
0.8134486956856233
0.8137060078295052
0.8139626111245059
0.8142185084957239
0.8144737028521858
0.8147281970869564
0.8149819940772483
0.8138671076284422
0.8141213875360536
0.8136075793675187
0.8138615199950835
0.8141147696277432
0.8137729017342272
0.8134225389850024
0.8130462405388362
0.8123448746410912
0.812598462648333
0.8128513662075121
0.8126543517876457
0.8125700256075815
0.8124859261107971
0.8123428340662742
0.8118725869181136
0.811603829922388
0.811618504809071
0.8116792849857517
0.8119303792724374
0.8113613846057834
0.8108065963070279
0.8106439204663967
0.8102319258769187
0.8099534729949626
0.8094464798648986
0.8096982018201629
0.8096854073586587
0.8092334722589328
0.8090458843568377
0.8088587894584274
0.8088710244042587
0.808559828528799
0.807875475724068
0.8076908890455616
0.8072795437894095
0.8073859445000998
0.8074507321467701
0.8065146339786675
0.8061547601224691
0.8063197128763093
0.8063547046126527
0.8061739956373021
0.8061262653706268
0.8063764250282132
0.8066259399444139
0.8059644946250893
0.8047060221708124
0.8042886640227301
0.8036589730316639
0.8034562905729565
0.8025898074432338
0.8026998828022206
0.8023567407009863
0.8014377117687969
0.8011524326902127
0.8008125607367141
0.7998881196856265
0.7991794005467838
0.7988714057996394
0.7991253560448419
0.7990634072982532
0.7988441838633688
0.7990972100471885
0.7983965594194217
0.7984403947693764
0.798066409312272
0.7973178906523067
0.7971545766223247
0.796908441070986
0.7962888544861094
0.795729800397151
0.7959838678095924
0.795491962383742
0.7957456944403378
0.7954553075931651
0.7957084569649557
0.7954380176818384
0.7950883350945167
0.7951354929221848
0.7944201606824847
0.7938879121793815
0.7937316207229775
0.7933617754120386
0.7927639736720183
0.7927515437111617
0.7926381555159159
0.7926471443370197
0.7929000136731941
0.7928559902177538
0.7931079902296544
0.792903727787091
0.7931550582145338
0.7927997187500314
0.7923986760657559
0.7916371658864568
0.791345333560507
0.7914462438939683
0.790856217260278
0.7911078944958252
0.7913589667380178
0.7906043829816388
0.7905284457445778
0.7892353154916004
0.7891727190636093
0.7887223515061138
0.7882730575304001
0.7880786848428639
0.7877619909612847
0.7873938386890952
0.787463542138045
0.7877153625857488
0.7876976252013009
0.787948573634869
0.7874118378139701
0.7874266823448497
0.7876770631665873
0.7875116299434847
0.7863672364459647
0.7856533467840571
0.7855440427390028
0.7857948684200098
0.785660448839282
0.7854104699858273
0.7855546196817539
0.7852740607012694
0.7850586257469656
0.7848105072169791
0.7843941677955278
0.7846440007413036
0.7839462856731054
0.7840033805258919
0.7842527992550767
0.7836942608476314
0.7839434610079452
0.7840874741818036
0.7838247938155665
0.783600236410632
0.7829782003221771
0.7828449683248626
0.7826643676746053
0.7824841798258344
0.7818049741411016
0.7817427936999747
0.7819913782174007
0.7822393971272785
0.7820469696598685
0.7808714354058469
0.7810566823017003
0.7805973421633501
0.7801910769536502
0.7799744225712167
0.7802224784645976
0.7802967255002836
0.7803070482884842
0.7798738233377165
0.7798455889469134
0.7799199255581318
0.7799940956819792
0.7791458479796722
0.7792684659024759
0.7795148180610668
0.7794509467167648
0.7788613576892406
0.77824218178772
0.7778095670178323
0.7777787017936173
0.7780250668692341
0.7774956924873191
0.7775837977579557
0.7777067868089291
0.7775106424526279
0.7774803109835512
0.7771135313948517
0.777358731030281
0.7773836115456322
0.7769524718892873
0.7764561690959046
0.7761259870925138
0.7755622492130005
0.7749447236027016
0.7746445656075022
0.7738543316210162
0.7733065248784394
0.7732267571691049
0.7725007097785892
0.7721630743299028
0.77186788661371
0.7714117753530043
0.7716591652065184
0.77135926651285
0.7710662219485813
0.7706565543389562
0.7701663958468713
0.770187178719168
0.7702192355162442
0.7704660462192342
0.7700225664026287
0.770269058828778
0.7703203572863295
0.7705660039630287
0.7708111257536664
0.7706555108916028
0.7705954151596135
0.7701297473408422
0.7699874429674621
0.7700193372894946
0.770138587399778
0.7700642092583149
0.7700633263769296
0.7703066456082769
0.7705494504226444
0.76997946075036
0.7702220984499905
0.7704642247951432
0.7706101476207177
0.7708513567189083
0.7705565507543206
0.7703476021925937
0.769901564439988
0.7692774926902899
0.7692199699095319
0.7688386066380997
0.768617743696303
0.7681886770784162
0.7681215052311509
0.7678425026242507
0.7673278298280999
0.7673806377080103
0.7671032719012594
0.76668380616932
0.7664077359765981
0.7663045911272599
0.7664168797727896
0.7666579356244173
0.7662366642385756
0.7662843092805545
0.7665247575220353
0.7667647115225266
0.7663526169679702
0.766079434796721
0.7659775774523254
0.765429203091922
0.7656690505325233
0.7656814189975338
0.7659205195903934
0.7660458696100657
0.7662841121053712
0.7665218698753555
0.76675914439784
0.7669959371446442
0.7672322495816172
0.7674680831686672
0.767703439359792
0.7678119293098832
0.767956005907746
0.7680066878575685
0.7681397456319057
0.7683732403492954
0.7686062652584008
0.768838821775729
0.7690709113120988
0.7692189511870783
0.7694501947229629
0.7696809753088258
0.769911294333517
0.7701411531803367
0.7693725492350469
0.7696024868728983
0.769689678476753
0.7698082846562675
0.7700371034587961
0.7700999596950171
0.7703280351318276
0.7705556584865036
0.7707066696395635
0.7709334681859141
0.7711598185137936
0.7713857219506013
0.7716111798185001
0.7717682471120372
0.7719928846640922
0.7722170804510499
0.7724408357747719
0.7721121401557584
0.7723355596261938
0.7725585414483034
0.7727810869067688
0.773003197281249
0.773224873846404
0.7734461178719197
0.7736669306225319
0.7738873133580504
0.774107267333383
0.7739103006706961
0.7741298052331518
0.7743488839865629
0.7743913577600079
0.7746097591561744
0.774827738112503
0.7750452958534572
0.7750693834057221
0.7752862885326212
0.7755027757305666
0.7756769999494307
0.775892695141787
0.7753875148390571
0.7749632785804145
0.7744333255062454
0.7746493855392855
0.7746257976105397
0.774721757651065
0.7739818132789055
0.7737203802509676
0.7739360900886693
0.7736751985742991
0.7735733826543109
0.7735384669913914
0.7732108629663013
0.7727935218565926
0.7722590779722551
0.7724747417241754
0.7726899974084477
0.772556622124856
0.7721750021347773
0.7718238936421974
0.7712183200806378
0.7714337453912964
0.7711560000769023
0.7706151130222371
0.7701523549609747
0.7701803546279906
0.770140141294012
0.7703553658808153
0.7699098675470248
0.769172407476909
0.7693877317236656
0.7694555020232315
0.7688910791220204
0.7683087219720065
0.7685240484385752
0.7680258591093757
0.7675295149258398
0.7677445662533829
0.7678359914848185
0.7680503626838169
0.7675263309839241
0.7669865078049695
0.766648582843823
0.7665287254873555
0.7667433130558414
0.7669575065241097
0.7668654965792863
0.7667354640434666
0.7663996257064304
0.7666133497451254
0.7663043534734858
0.7663655671537232
0.7660464988138627
0.7662597654512247
0.7664726436247664
0.7666851343948985
0.7668972388181758
0.7671089579473147
0.7673202928312101
0.7675312445149532
0.7677418140398492
0.7671534929944045
0.7673640232900696
0.7675741732238636
0.7672825398946403
0.7674923843131303
0.7677018506335689
0.7672755822235106
0.7674848667718708
0.7676937752473677
0.767213607040646
0.7667351583261596
0.7660493487033276
0.7661467130029672
0.7658197962949288
0.7654339921352842
0.7648791108079418
0.7645541961945777
0.7643682543434753
0.7645777047840588
0.7647867831989931
0.7646997200964799
0.7649083196354015
0.7651165496445818
0.7650294258543359
0.7652371805618032
0.7654445682114837
0.7656515897752864
0.7658582462216926
0.7653792717512086
0.7649086643207667
0.7645290905907866
0.7645163233758562
0.7647230693606009
0.7649294526330915
0.7642903508215939
0.7644171464067684
0.7646232556400083
0.7639679253231327
0.7636500494058199
0.763856288455204
0.7637134320572484
0.7639192565937839
0.7639506584592375
0.7638298317997076
0.7640350187399338
0.7642398494528332
0.7639239432520936
0.764128515225012
0.7643327329607479
0.7645365973786019
0.7647401093946965
0.7644251352069635
0.7646283922085106
0.7641725293451024
0.7630277547849346
0.7631238683001407
0.7633270210717529
0.7631870664692921
0.7633898172685478
0.7625122278373195
0.7625320417210745
0.7622606359213504
0.7624633122760637
0.7626656433558966
0.7622189330780805
0.7624209560746157
0.761975797540138
0.7621775129659514
0.7623788867907051
0.762156908037075
0.7623579588333244
0.7621363727194448
0.7618307724049136
0.7620315896288555
0.7622320684918472
0.7624322098483356
0.7626320145498928
0.7628314834452291
0.7630306173802037
0.7626301842160546
0.7626894492195058
0.7622498016057492
0.7624485893970487
0.7626470450450045
0.7628451693813609
0.7630429632350878
0.763240427432392
0.7630212430631726
0.7632183967711068
0.7634152227089529
0.7632425817893903
0.7629411356634239
0.7631377018859252
0.7631268172944705
0.7633229043662466
0.7635186670590784
0.7637141061772115
0.7639092225222344
0.7641040168930906
0.7638862889319257
0.7640807812804167
0.7642749534768937
0.7644688063112055
0.7646623405706047
0.7646503025241591
0.7646942168109989
0.7646138663600609
0.7646701476597934
0.7645899484118448
0.7647824341449504
0.7649746053588843
0.7651664628238974
0.7653580073077279
0.7655492395756107
0.7656044383490291
0.7657951589036678
0.7657979520827954
0.7659882055741986
0.7659075874419684
0.7660974434132239
0.7659396890599138
0.7654814382995414
0.7649776969601867
0.7649367171843787
0.7648573391144936
0.7648857028440218
0.7650753111481798
0.7647274126970801
0.7649168431216397
0.7651059687506648
0.7650666683065054
0.7652553697777451
0.7654437683573777
0.7649301807323918
0.764505953061083
0.7646943482986341
0.7648253451653589
0.7650131843465369
0.7648814898658134
0.7650689846904818
0.7649905764689489
0.7651776858825882
0.7650462796090142
0.7646252370679355
0.7642055301098579
0.7631801320679843
0.7631916808383243
0.763378881090626
0.763565785607932
0.7632591038513354
0.7634458080281088
0.763435212434706
0.763621483920978
0.7638074622971219
0.7639931482544355
0.764178542482044
0.764363645666909
0.7645484584938368
0.7647329816454874
0.7649172158023821
0.7651011616429123
0.7652848198433478
0.7653119410778453
0.7654951479934753
0.7654180586944684
0.7656008973081126
0.7657834511264086
0.7659657208142479
0.7661477070344546
0.7663294104477921
0.7665108317129725
0.7666919714866629
0.766872830423495
0.766666112506823
0.7668467114909508
0.7668551655252022
0.7670353392767283
0.7672152347676342
0.7671743940882501
0.7673539049640493
0.7675331392437381
0.7677120975661063
0.7678907805679784
0.7680691888842214
0.7682473231477511
0.7684251839895411
0.7684749601776882
0.768396946159672
0.7685742838731792
0.7687513502206366
0.7689281458244435
0.7691046713050971
0.7686447949656784
0.7688212672807312
0.7685740288486914
0.7687502862524623
0.7683287865775876
0.7685049624052853
0.7686808704885639
0.7688565114373198
0.769031885859598
0.7691247853131239
0.7692996907787957
0.7694743314367981
0.7696487078880563
0.7698228207316783
0.7699966705649625
0.770170257983404
0.7703435835807017
0.7705166479487644
0.7706894516777186
0.7708619953559144
0.7710342795699325
0.7712063049045907
0.7713780719429506
0.7715495812663242
0.771460094258661
0.7716312851992911
0.7718022198660582
0.7712249556776767
0.7708727696121478
0.7710438877827137
0.7712147505530251
0.7711367877760779
0.7711041021870292
0.770976697792251
0.7711132816886448
0.7712834576873893
0.7712676453116929
0.771278370360247
0.7712996772071607
0.771469210433842
0.771416270277965
0.7714004181163974
0.7715695006473763
0.771738333241133
0.7719069164514423
0.7720752508304449
0.7720073487280625
0.7721753609987125
0.7723431258286103
0.7723974383527643
0.7725647931775049
0.7727319020730394
0.7726540274508615
0.7727474580983665
0.7728054525219396
0.7729718954138648
0.7731380946119513
0.7733040506510062
0.773469764064273
0.7736352353834371
0.7736788106374152
0.7738438880913631
0.7737657705830361
0.7739305442388387
0.7740950780494363
0.7742593725381276
0.7741811801646746
0.7743451734978883
0.7745089288146533
0.7746724466327717
0.7748357274685451
0.7749987718367793
0.7746447309640423
0.7746269112019569
0.7742339504501993
0.7743969584282135
0.7745597311854803
0.7747222692307684
0.7748845730713803
0.7750466432131574
0.7749515428531891
0.7746904451990045
0.7748523055113615
0.7746165382937861
0.7747782193997446
0.7746210705367739
0.7743049618425021
0.7744665187774752
0.7744234709917157
0.7745847122561963
0.7747457231760133
0.7746209938946599
0.7741998737323355
0.7743608146633887
0.7742625260748562
0.7744231933160841
0.7744058226238251
0.7745661596368857
0.7743204247426629
0.7740984361243491
0.7741522670207148
0.7743123291985882
0.7744721646594956
0.7746317738847898
0.774686384972461
0.774531522195488
0.7746907513464799
0.7748497557562566
0.7744623706177699
0.7741878304867824
0.7741647421545221
0.7741672829671967
0.7740917379100636
0.7742503813525424
0.7744088021375582
0.7745670007335347
0.7747249776075826
0.7745325931694821
0.7746903730203082
0.7748479322000144
0.7750052711712232
0.7750227255907964
0.7751797229909424
0.7753365014267924
0.7754930613561117
0.7754753085278694
0.7752836068517888
0.7752660243713633
0.774958913397744
0.7751151919301067
0.7752712535595793
0.7754270987374159
0.77558272791362
0.7757381415369485
0.7758933400549161
0.7760483239137992
0.7762030935586411
0.7763576494332552
0.7765119919802302
0.7766661216409335
0.776820038855516
0.7769737440629157
0.7767142989534438
0.7768678654603534
0.7770212208792809
0.7769454279162229
0.777098519592327
0.777251401266132
0.7774040733694452
0.7775565363328908
0.7777087905859141
0.7778608365567856
0.7780126746726046
0.7781643053593036
0.7783157290416522
0.778466946143261
0.7786179570865852
0.7787687622929295
0.778919362182451
0.7790697571741636
0.7792199476859419
0.7793699341345248
0.7795197169355197
0.779669296503406
0.7798186732515393
0.7799678475921548
0.7801168199363714
0.7802655906941952
0.7804141602745237
0.7803936101662301
0.7803168195224087
0.7804650537872384
0.7806130881407196
0.7807609229869861
0.7809085587290823
0.7810559957689686
0.7806782323337952
0.7808255270065059
0.7809726239682465
0.7811195236168258
0.7812662263489861
0.7814127325604068
0.7815590426457076
0.781705156998453
0.7818510760111546
0.7818297994072727
0.7819754403956524
0.7821208870665025
0.7822661398084582
0.7824111990091187
0.7825560650550515
0.7827007383317945
0.7828452192238612
0.7829895081147423
0.7831336053869106
0.783277511421823
0.7834212265999252
0.7835647513006543
0.7837080859024419
0.7838512307827182
0.7839941863179148
0.7841369528834681
0.7841851734278931
0.7843276254586338
0.7844698895579354
0.784611966097449
0.7844903508365152
0.7846322268399144
0.7847739161643619
0.7849154191780605
0.7849628747877615
0.7851040679100282
0.7852450757394835
0.785385898640638
0.7855265369770464
0.7856669911113117
0.785807261405087
0.7859473482190797
0.7860872519130542
0.7862269728458348
0.7863665113753087
0.7865058678584298
0.7866450426512209
0.7867840361087771
0.7869228485852688
0.7870614804339446
0.7871999320071346
0.7873382036562527
0.7874762957318006
0.7876142085833698
0.7877195171381147
0.7878570936014083
0.7879944918568478
0.788131712250468
0.7882687551274081
0.7884056208319153
0.7885423097073468
0.7886788220961737
0.7888151583399826
0.7889513187794797
0.7890873037544929
0.7888551621735637
0.7889910340125768
0.7891267310968131
0.7886195802413524
0.788755341589945
0.7888909286620952
0.789026341793165
0.7891615813176566
0.7892966475692148
0.7894315408806302
0.7895662615838416
0.7897008100099389
0.7897641889740787
0.7898984391726904
0.7900325180245267
0.7901664258574191
0.790300162998364
0.7904337297735243
0.7903001915376979
0.7904335883624195
0.7905668155789723
0.7905130135061402
0.7906460211166125
0.790778859935701
0.7909115302845052
0.791044032483311
0.7911763668515925
0.7913085337080157
0.7914405333704394
0.7915723661559195
0.7917040323807105
0.7918355323602682
0.7919668664092522
0.7920980348415289
0.7922290379701731
0.7921973669663323
0.7923281426951136
0.7924587539261231
0.7925892009695384
0.7927194841347586
0.7928496037304054
0.7923885757572324
0.792518739659579
0.7926487404492659
0.792778578432704
0.7929082539155372
0.7930377672026444
0.7931671185981428
0.7931401560006424
0.7932692819956482
0.7931903034458485
0.7933192371718798
0.7934480102328318
0.7935766229288264
0.793207253530613
0.7933358559848851
0.7934642985852673
0.7935925816296243
0.7937207054150808
0.7938486702380243
0.7939764763941074
0.7941041241782498
0.794231613884641
0.794358945806742
0.7944861202372884
0.7946131374682912
0.7947399977910409
0.7948667014961082
0.7948968577567521
0.7950233085226235
0.7949955677287093
0.795121801985034
0.7952478808761201
0.7953738046886194
0.7954995737084789
0.7955228131185679
0.7952089648351255
0.7952323540182532
0.7953579013180581
0.7954832947608779
0.795467218505195
0.7950186461560486
0.7951440170146687
0.7952692346081806
0.7949130049059894
0.7950382106417
0.7951632635943287
0.7952881640433564
0.7954129122675836
0.7949900116517142
0.7951147894900272
0.7949014863604374
0.7950261663079387
0.7951506947609716
0.7951152918529583
0.7952396150981931
0.7949306246012956
0.7946042486205738
0.7942126943501482
0.7943372629371033
0.7944616808058649
0.7943844165893358
0.7945086556125447
0.7946327445886241
0.7946359837288843
0.7947598462236196
0.7948835593964807
0.7950071235173262
0.794467931762805
0.7945915229042585
0.7945146449858466
0.7946380596134827
0.7947613260843028
0.7948844446649361
0.794459630499216
0.7945827823083836
0.7941750299618734
0.7942982046896041
0.7944212320791438
0.7945441123946972
0.7946668458998378
0.7946700298724348
0.7947383000867658
0.7944134710467617
0.7945359898363644
0.7943605663760688
0.7941853517532258
0.7943077875939437
0.7938355475299759
0.7938731632813799
0.7939460810387347
0.7940683682309965
0.7941905103613458
0.794312507687747
0.7944343604675528
0.7945560689575069
0.794677633413745
0.7947990540917972
0.7949203312465892
0.7950414651324448
0.7951624560030868
0.7948542346560215
0.7948572687157761
0.7949781542380414
0.7946572012614583
0.7947780622377612
0.7948987810246801
0.7947486192981581
0.7948692135288877
0.7949896661339794
0.794690795605564
0.7946157081399108
0.7941968243719506
0.794317388622465
0.7933900521781397
0.7929260813873923
0.7930471064713273
0.7931679901708183
0.7931590058086507
0.7932796831681556
0.7929734652432932
0.7930941100770674
0.7932146143810411
0.7933349784006098
0.7931643355975845
0.7927302351861364
0.7928506708426233
0.7928816250675427
0.79300183306228
0.7931219016045873
0.7932418309369904
0.7933616213014534
0.792934402965758
0.7927541640065657
0.7925290365386208
0.7926489619510263
0.7927687488014301
0.7925172326977011
0.7923484402956829
0.7921798425792493
0.7919595660129213
0.7917913865394116
0.7919112533289686
0.7918511778092167
0.7919708723590676
0.7920904293289761
0.7916929046711191
0.7918124839451312
0.7919319260082722
0.7920512310965702
0.7921703994455119
0.7920439722816993
0.7921630083593858
0.7922819082401871
0.7923434966288434
0.7924621574879127
0.7918429084496844
0.7919616517991142
0.7920802597513382
0.7919820478140777
0.7921005090624751
0.7918394008235854
0.7916733943384753
0.7917918290204886
0.791910129117636
0.7920282948591933
0.7920431379484797
0.7916838863868132
0.7915752220521267
0.7914235134412245
0.7914472449360671
0.7910700818093347
0.7911882548399856
0.7913062942663055
0.7914242003147427
0.7915419732112334
0.7916596131812046
0.7913307973828041
0.7914483574969546
0.7915657852235892
0.7915222961572201
0.7911945588934122
0.7913118653210002
0.7914290400176195
0.7915460832050394
0.7916629951045319
0.7916712846884997
0.7917879954533801
0.791904575523115
0.7920210251171144
0.7921373444542972
0.792253533753093
0.7923695932314433
0.7923738536483994
0.7924897164532831
0.7926054500191206
0.7927210545620309
0.7928365302976509
0.7929518774411377
0.7930670962071694
0.7931821868099462
0.7932971494631925
0.7928777218946754
0.7929927259358223
0.7931076023365238
0.7932223513091602
0.7933369730656407
0.7934514678174049
0.7931266737191012
0.793241094806646
0.7933553893921591
0.7934695576853126
0.7935835998953152
0.7936975162309138
0.7938113069003948
0.7939249721115853
0.7940385120718545
0.7941519269881144
0.7940817644893134
0.7941950308454799
0.7943081726646963
0.7944211901522432
0.7944425587097286
0.7943724292409894
0.7944852254948341
0.794597898068576
0.7947104471655247
0.7948228729885447
0.7949351757400561
0.7947738326461065
0.7944516754519577
0.7945639355964406
0.7945201156066422
0.7946322159254601
0.7947441939974745
0.7948560500225441
0.7944912046793945
0.7946030766420078
0.7947148268723441
0.7948264555689877
0.7949379629300914
0.7950493491533777
0.7950748952521858
0.7951860863019676
0.7952971567540815
0.7954081068046213
0.7955189366492559
0.7956296464832302
0.795740236501367
0.7958507068980673
0.7959610578673115
0.7960712896026614
0.7961814022972604
0.796291396143835
0.7963338495439731
0.7964436426169953
0.7965533173785163
0.7966628740196695
0.7967723127311767
0.796831594297317
0.7969408246229637
0.797008603289516
0.7971176212254507
0.7972265221265643
0.7973353061812174
0.7969632487923064
0.7970720573406491
0.7971807493292187
0.7972893249452095
0.7973977843754154
0.7975061278062306
0.7976143554236512
0.7977224674132752
0.797830463960305
0.7979383452495471
0.7978327781320806
0.7979405431757203
0.798048193392462
0.7977870880220147
0.7974702932475232
0.7974598240739614
0.797567443721106
0.7974094153388855
0.7975169474963489
0.7976243655613376
0.7973174332360135
0.7974248431813045
0.7975321393448737
0.7972864014909765
0.7973936573632036
0.7975007997971733
0.7975491021698433
0.7976560492896692
0.7974988919246798
0.7973419004249834
0.7974487876083036
0.797502847288004
0.797181454850023
0.7972506438830517
0.7973573540704816
0.797132742295784
0.7972394022630312
0.7973459501336235
0.7970214444767713
0.7971279948996182
0.7972344335171944
0.7973407605053867
0.797237332433843
0.7971689350185642
0.7972751292934237
0.797381212428278
0.7970049644278302
0.7971110224401459
0.7968008856735069
0.7969068841681999
0.7970127721326586
0.7969882735541632
0.7970940088283538
0.7971996340189689
0.7973051492978351
0.7969211234944622
0.796612634015507
0.7967182349324252
0.7968237262479766
0.7969291081327028
0.7969307000932353
0.797035917347073
0.7971410256239517
0.7967509310252175
0.7966620790174446
0.7967672175494934
0.7964606398454134
0.7963075884051215
0.7962062944998557
0.7963113969781951
0.7964163911034641
0.7960704784856879
0.796175488537961
0.7962803904995988
0.7963851845374076
0.796489870817851
0.7965944495070505
0.796698920770786
0.796803284774497
0.7965996915037047
0.7967039993542155
0.7968082002771504
0.7969122944368444
0.7966083923954557
0.7965419260395842
0.7962880702491754
0.7963921642347405
0.7961556684069052
0.7962059905986858
0.7963099671340946
0.7964138376251022
0.7964811962341473
0.7965848736685669
0.7966884455251512
0.7967919119650875
0.7966772815782429
0.7967806484915229
0.7966298453164764
0.796733131326981
0.7967819252414633
0.7968850292875103
0.7969620236685602
0.7970649319180946
0.7971677359039517
0.7972704357845066
0.7969589720932282
0.7970616736753763
0.7971642714136598
0.7972667654654971
0.7971166307354641
0.7972190453590201
0.7973213566378501
0.7973395169891841
0.7973408579584436
0.7971910640753411
0.797293183378425
0.7973951998940876
0.7972456047231148
0.7973475425789603
0.7974493779846995
0.7975511110947022
0.7976527420630282
0.797754271043428
0.7978556981893441
0.7979570236539109
0.7980582475899559
0.798075911628886
0.7980101412360121
0.7981111866881201
0.7982121310947761
0.7983129746074723
0.7984137173773986
0.7985143595554429
0.7986149012921917
0.7987153427379312
0.7988156840426481
0.79891592535603
0.7990160668274662
0.7991161086060489
0.7992160508405732
0.7993158936795386
0.7994156372711492
0.799391089016171
0.7994906962212275
0.7995902045605717
0.7995242702659816
0.7996236632901432
0.799520236841986
0.799619533406205
0.799718731656994
0.7995527578730399
0.7996518910293836
0.7997509261796409
0.7998498634690779
0.7999487030426734
0.7997571018594749
0.7998558896730616
0.7999545800627693
0.7998595521066727
0.7999581434603148
0.8000566377274441
0.8001550350513972
0.8002533355752283
0.8003515394417104
0.8004496467933361
0.8005476577723177
0.8006455725205885
0.8007433911798032
0.8008411138913384
0.8009387407962936
0.8010362720354919
0.8010724932538879
0.8011698635459809
0.8012671385638155
0.8013643184471584
0.8014614033355029
0.8015583933680699
0.8016552886838081
0.8017520894213953
0.8018487957192385
0.8019454077154748
0.8020419255479722
0.8020687647742727
0.8021651285694167
0.8020667513778986
0.8021630224132207
0.8022591998452026
0.8018949493005486
0.8018832362497847
0.8019794094360713
0.8020754892956365
0.8021714759642613
0.802105792586027
0.8022016715624872
0.8022974576779534
0.802393151067267
0.8021007012113025
0.8021963509448882
0.8019045147778724
0.801613241729365
0.8017088959040374
0.801804457881915
0.8018999277962301
0.8019953057799584
0.8020905919658199
0.8014148246539998
0.8015102065826002
0.8016054969298961
0.8017006958277224
0.8016998801462702
0.8017949425239567
0.8018899138020956
0.8019847941115774
0.8020795835830414
0.8021742823468773
0.802268890533225
0.8018776705163343
0.8016141186201947
0.8017088135516409
0.8018034181253282
0.8015157122929875
0.8016102736496845
0.8017047449479465
0.8014176804903367
0.8015121086023242
0.8013952090999256
0.8014895581692368
0.8015838176382922
0.801677987634667
0.8012976849839865
0.8013919013495702
0.801486028410542
0.801580066293815
0.8016740151260623
0.8013886092460943
0.8014825153410134
0.8015763326778088
0.8016700613822595
0.8017637015799072
0.8016475108550255
0.8017410733499052
0.8018345476198958
0.8019279337897263
0.8016444067365988
0.8013846871477397
0.8014781531773173
0.8015715312802442
0.8016648215805355
0.8017580242019733
0.8018511392681067
0.8019441669022531
0.8020371072274984
0.8021299603666976
0.8022227264424749
0.8019396138181729
0.8020323387180708
0.8021249768375288
0.8022175282983158
0.8023099932219725
0.8024023717298127
0.802183282968301
0.8022756343768125
0.8023678995964221
0.8024600787477296
0.8025521719511107
0.802644179326716
0.8027361009944725
0.8026284159248422
0.8027202593795072
0.8028120173984005
0.8029036901006793
0.8029952776052793
0.8026803703699773
0.8025862754905111
0.8026778827872673
0.8026147978076196
0.8027063069416911
0.8026432672566702
0.8027346784344115
0.8028260049721734
0.8029172469874569
0.8026383768454646
0.8025615045660002
0.8024987065817584
0.8022723792346074
0.8023636662248038
0.802454868963048
0.8025459875659248
0.802637022149804
0.802727972830841
0.8028188397249769
0.8029096229479397
0.8030003226152439
0.8030909388421918
0.8031814717438736
0.8032719214351678
0.8033622880307418
0.8031082190279729
0.8031985778076756
0.8030021564417087
0.8030924809917125
0.8031827227511114
0.8030438392317567
0.8031340206240499
0.8032241194704463
0.8032633073796038
0.8033532647150498
0.8034431398225841
0.803532932814899
0.8036226438044812
0.803298918098793
0.8033886539938209
0.8034783080503672
0.8032873951408709
0.8033770136396678
0.8034665505187025
0.8035560058894269
0.8036453798630896
0.803734672550737
0.803823884063214
0.8039130145111635
0.8040020640050276
0.804091032655048
0.8041799205712662
0.8042687278635242
0.8043574546414646
0.8044461010145314
0.8043082178166081
0.8043968062195884
0.8044853144520683
0.8045737426228271
0.8046620908404479
0.8046858056015426
0.8047740233948572
0.8045611833541972
0.8045849115463402
0.8046730554743752
0.804682710073585
0.8047707304836466
0.8048586715960413
0.8046892491543371
0.8047771477820805
0.8048649673287372
0.8047528677730839
0.8044320391093248
0.8043701499033757
0.8044579944701007
0.804545760181739
0.804633447144421
0.8047210554640871
0.8048085852464878
0.8048960365971839
0.8047594956045295
0.804846890637831
0.804747779426509
0.8048351015287333
0.8046839310169487
0.8047712036125623
0.8048583982514133
0.8049455150379081
0.805032554076267
0.8047478235288051
0.8048348730947753
0.8049218450764621
0.8050087395775417
0.8050319515622101
0.8051187197190582
0.8052054106800374
0.8052920245481209
0.805323005870544
0.8054094905414144
0.8054958984052948
0.8053159179799041
0.8054022906871002
0.8054639501787886
0.8053285494916527
0.8054148017958211
0.805500977702909
0.8055870773143728
0.8056731007314905
0.8057590480553597
0.8058449193869003
0.805930714826853
0.8059060104475125
0.8059917031581317
0.8053909164769159
0.8054767229511325
0.8055490985556921
0.8056347597457557
0.8057203454966382
0.8058058559079513
0.8058912910791313
0.8059766511094395
0.8060619360979628
0.8059274624880779
0.806012694169023
0.8060978510196951
0.8058904071769191
0.8054760651568896
0.8055613078978375
0.8056464759627093
0.8057315694495908
0.8057540689190408
0.8058390408923921
0.8059239385570652
0.8060087620104931
0.806006136950637
0.8060908504279511
0.8061754899519896
0.8062600556195498
0.8063445475272605
0.8063044172599364
0.806388816206664
0.8064731416351455
0.8062905659418753
0.8063748607347639
0.8064590821959494
0.8065432304210816
0.8064824409540001
0.8065665059231774
0.806650497887605
0.8067344169423413
0.8068182631822796
0.8069020367021484
0.8069857375965125
0.8070693659597723
0.8069623632027519
0.8069793292126874
0.8070628517876712
0.8071154074004669
0.8071987989234239
0.8069334003930365
0.8070167624826768
0.807100052615399
0.8071832708843311
0.8072664173824404
0.8073494922025343
0.8074324954372596
0.807515427179104
0.8075982875203958
0.8076810765533045
0.8075487406063998
0.8076314797548922
0.8077141477910956
0.8077967448066492
0.8078792708930354
0.8079617261415791
0.8080441106434489
0.8081264244896568
0.8082086677710585
0.8082908405783545
0.8082016367922396
0.8082837422559415
0.8083657774539492
0.808447742476424
0.8085296374133729
0.8086114623546493
0.8084084388053022
0.8081451793611663
0.8082270286873774
0.8081192796583233
0.8082010702467043
0.8082827911370977
0.8083644424185555
0.808446024179978
0.8085275365101141
0.8084929747026972
0.8085743977576705
0.8086557516047773
0.8084695641021289
0.8082779179420613
0.8083592940380112
0.8084406010833918
0.8085218391660536
0.8083575877003533
0.8080963783926867
0.8081776246338414
0.8080207572514317
0.8081019667449802
0.8081831075624243
0.8082641797908425
0.808220925956094
0.808231530857858
0.8083124799794883
0.808287875557556
0.8083687326323947
0.8084495215309476
0.8085302423394048
0.8086108951438112
0.8086914800300664
0.8087719970839259
0.808512306590163
0.8085927974238789
0.8086732206182385
0.8083510843083052
0.8084315414517526
0.8083860393361623
0.8083825217022125
0.8084628644604086
0.8085431398734596
0.8082567791110492
0.8083370735921586
0.8084173008531078
0.8084974609782739
0.8083983104598508
0.8083770635731935
0.8084571400196736
0.8081953860688794
0.8080667032354477
0.8081468089519604
0.8082268478301615
0.8083068199536686
0.8083867254059597
0.8082582309370405
0.8083380900661796
0.808417882701456
0.8084976089258832
0.8085772688223366
0.8084489622656538
0.8085285761632989
0.8086081239089726
0.8086876055850902
0.8086839992730996
0.8087633835057665
0.8088427018867264
0.8089219544978844
0.80900114142101
0.809080262737737
0.8090903054170726
0.8091693243303933
0.8091793218517019
0.8092582385920445
0.8090270446116427
0.809105959056018
0.809184808308783
0.8092635924506869
0.8093423115623457
0.8094209657242425
0.8094111897737228
0.8094897507012687
0.8093622312325002
0.8092576980052857
0.8091597856435826
0.8089296787359104
0.8090082761531313
0.8090868089343184
0.8091652771591706
0.809145860349288
0.8092242398727585
0.8090973005296253
0.8091756356545617
0.8092539065177059
0.8093321131981005
0.8092281064121815
0.8093062595844829
0.8093843487492722
0.8094623739851505
0.8095031385248829
0.8094057665138006
0.8094836872960925
0.8095615443915989
0.809639337878367
0.8093637053943886
0.8091694072833433
0.8088956585990636
0.808688115508281
0.8087661064925825
0.8084992279462718
0.8083056776837003
0.8083837291178683
0.808362716919105
0.8081355555208466
0.8080102462262062
0.8080882908415614
0.8078179815575368
0.8076929539452065
0.8075680278575307
0.8076461252488223
0.8077241592750906
0.8078021300134218
0.8077846609223556
0.8078625439608798
0.8078998616830503
0.8079776350184013
0.8075417556771491
0.8076195794718611
0.8073605039210102
0.8070791910350265
0.8069476895368223
0.8066667704498519
0.8066640800662966
0.8067420695458988
0.8068199961307593
0.8066963282564623
0.8065727600339577
0.8066506606541615
0.8067284985524489
0.8066721356422333
0.806481733871393
0.8062353659181202
0.8063132143046536
0.8063910001623626
0.8062680009651879
0.8063457425378343
0.8060796019041878
0.8061072363861829
0.8061849489166895
0.8060622786647196
0.8059174577459289
0.8059451128869434
0.8060227659029949
0.8061003567966338
0.8060446056210521
0.8057715262032851
0.8058490934851528
0.8059265988370549
0.8060040423331295
0.8060481837867927
0.8059457003035616
0.8060230435876176
0.8061003252435587
0.8061775453450148
0.806197834083788
0.8062749539269699
0.8063520124178502
0.8064290096296124
0.8065059456353241
0.8065828205079362
0.806361778879458
0.8064386499477869
0.8065154600073314
0.8065922091306923
0.8066405751970843
0.8067172138910212
0.8067937918569915
0.8067118933255629
0.8065244908869279
0.8066010542067193
0.8066775569542641
0.8067539992014154
0.806830381019913
0.8069067024813827
0.806982963657338
0.8070591646191787
0.8069695595818389
0.8070457057121814
0.8070725015695503
0.8071485470951437
0.807224532695185
0.8073004584404804
0.8073763244017242
0.8074521306495
0.80752787725428
0.8076035642864253
0.807679191816187
0.807649979298119
0.8077255291884182
0.8076888429634859
0.8077643182998424
0.8078397344166334
0.8079150913835289
0.8079903892700896
0.8080656281457674
0.8081408080799054
0.8082159291417379
0.8082909914003908
0.808365994924882
0.8084409397841215
0.8085158260469111
0.8085906537819455
0.808665423057812
0.8087401339429905
0.8088147865058543
0.8088893808146698
0.808963916937597
0.80890844042677
0.8089829110267596
0.8090573236052455
0.8091316782300098
0.8092059749687291
0.8092802138889748
0.8093543950582128
0.8094285185438045
0.8095025844130063
0.8095765927329701
0.8096505435707437
0.8097244369932706
0.8097982730673904
0.8098235646604597
0.8097422061631117
0.8098159494940562
0.8098896356817764
0.8099632647926666
0.8100368368930179
0.8101103520490189
0.8101838103267562
0.8102572117922139
0.8103305565112737
0.810403844549716
0.8104770759732194
0.810550250847361
0.8106233692376168
0.8106964312093615
0.8107694368278693
0.8108423861583134
0.8109152792657669
0.8109881162152023
0.8110608970714921
0.8111336218994092
0.8111581953423105
0.8112308268056404
0.8113034024200942
0.8113759222500634
0.8114483863598406
0.8115207948136194
0.8115931476754952
0.8116654450094647
0.8117376868794266
0.8117750155689248
0.8118471600627658
0.8117276783922437
0.8117997857540238
0.8118718379034288
0.8119438349038485
0.8119392657244668
0.8120111818752414
0.8120405693779223
0.8120829982482698
0.8121547770877472
0.8120737710636586
0.812145498631955
0.8122171714672728
0.8122887896322357
0.8121697317635234
0.8122413134206258
0.8123128405393226
0.81238431318192
0.8120750690581355
0.8121465777837602
0.8122180321094415
0.8120359466726447
0.8121073887301616
0.8121787765004009
0.8122501100452166
0.8123213894263688
0.8123926147055238
0.8124637859442547
0.8125349032040408
0.8126059665462682
0.8124604437959936
0.8125314815066769
0.81260246542129
0.8126733956009186
0.8127442721065558
0.812507792505719
0.8125786512387101
0.8126494564328021
0.8127202081486506
0.8126021559749441
0.8126728721425007
0.8127435349594971
0.8128141444862846
0.8128847007831236
0.8129552039101835
0.8129001046494514
0.8129705488871587
0.8130409400994706
0.8131112783462353
0.8131815636872108
0.8132517961820652
0.813280220493492
0.8133503631604742
0.8132952810363683
0.8133653653903336
0.8134353971481608
0.8134371775011368
0.8135071298155345
0.8135770296919156
0.8136468771892209
0.8137166723663036
0.8137864152819284
0.813856105994772
0.8139257445634234
0.813995331046384
0.8140648655020676
0.8141343479888007
0.8138997442935141
0.8139069983394417
0.8138520579171756
0.8137349926214213
0.8136180146226811
0.8136874823772011
0.8137568983673735
0.8138262626510356
0.8138955752859385
0.8139648363297471
0.8138852363162317
0.8139544496906027
0.8136518643933199
0.8137211130501786
0.8136045747466681
0.8136737895351023
0.8135573553147849
0.8132320160304267
0.8133012663025697
0.8133704652401892
0.8132914098621825
0.8132679685992705
0.8130409164080082
0.8130043674805019
0.81295022848649
0.8128344924552451
0.812903684879476
0.8128804388761947
0.8129495632061258
0.812833998374809
0.8129030888146853
0.8126031245752703
0.8123279728017887
0.8122128076200772
0.8122293686409111
0.8119607997259121
0.812030059099862
0.8120992674728001
0.8121684249010399
0.8121324121303941
0.8122015064988639
0.8122705500626511
0.8121557869057006
0.8122247965357866
0.8122937554794019
0.8121649906872062
0.8121115968068316
0.8119124475670753
0.8119814199002007
0.8120503416670994
0.8121192129233592
0.8121880337244861
0.8122568041259052
0.8123255241829601
0.8121502617640617
0.8122189705198174
0.8122876290315103
0.8123562373542327
0.8124247955429962
0.8122092358010967
0.8120952492235862
0.812163827599782
0.8122323559370314
0.8123008342900813
0.8123692627135993
0.812437641262173
0.8125059699903107
0.8124832074375101
0.812551469830143
0.8126196825412674
0.8126878456251011
0.8127559591357828
0.8128240231273729
0.8127511382708437
0.8126980745325203
0.8127660853987031
0.8128340468922063
0.8129019590667738
0.8126977871556142
0.8127656994880451
0.8128335625908041
0.8129013765174016
0.8127880475146789
0.8124937723345504
0.8122568562884077
0.8123247807253511
0.8123926560306945
0.8124604822577262
0.8125282594596568
0.8125959876896208
0.8126636670006755
0.8127312974458016
0.8127988790779035
0.8128664119498089
0.8129338961142699
0.8130013316239619
0.8130687185314849
0.8131360568893625
0.8132033467500434
0.8132705881659001
0.8133377811892301
0.8134049258722555
0.8134720222671235
0.813539070425906
0.8136060704006002
0.8136730222431288
0.8137399260053395
0.8138067817390059
0.8135816692700396
0.8136485098332271
0.813423752749864
0.8133711893236164
0.8134380095207794
0.8135047818867348
0.8135715064728218
0.8134951218138544
0.8134145855865765
0.8134812708669243
0.8135479084979116
0.8135495634656559
0.8136161291338223
0.8136826472890208
0.8136369932178205
0.8137034564870009
0.8137698723670412
0.8138362409086068
0.813902562162291
0.8139688361786149
0.8140350630080281
0.8141012427009078
0.8141673753075599
0.8142334608782186
0.8142994994630468
0.814365491112136
0.8144314358755065
0.8144973338031075
0.8144744380509588
0.8145402739494503
0.8146060631392518
0.8146718056700535
0.8143830173660229
0.8144487923421512
0.814514520718934
0.8145802025458749
0.8145608821201951
0.8146265010578737
0.8146036406047227
0.8146691980161072
0.8145443727292646
0.8146099047530352
0.8146753904807805
0.814740829961543
0.8148062232442956
0.8148715703779427
0.8149368714113191
0.8150021263931909
0.8150673353722557
0.8151324983971422
0.8151976155164106
0.8152123849676874
0.8152774281267977
0.8153424255131007
0.815407377174897
0.8154722831604192
0.815537143517832
0.8156019582952326
0.8156667275406506
0.8156944909235736
0.8154959319587005
0.8155606702281887
0.8152938283657964
0.815358592100591
0.8154233104349407
0.815417906331775
0.8154575397896523
0.8155221554970089
0.8155867259711086
0.8156512512594323
0.8156020552988659
0.8155966000347754
0.815486290143117
0.8154342916723006
0.8154987575152373
0.8155631783401271
0.8154530341243017
0.8155174259477056
0.8155120135214944
0.8154169455749587
0.8153228492347284
0.8153871966740195
0.8154514992875082
0.8153648750421666
0.8154291406617133
0.815377379188507
0.8154415957522675
0.8155057676591687
0.8155698949557765
0.8155181565164822
0.8155822349615962
0.8156462689077901
0.8155060809303429
0.8154158829687278
0.8151505653022472
0.8150536733883816
0.8151177795674498
0.8151818413208914
0.8152458586948711
0.8153098317354892
0.8153737604887825
0.8148961584407101
0.8149601639184276
0.8150241251476297
0.8148116081728032
0.8148755765292203
0.814643525965107
0.8147075081791335
0.8145742659156389
0.8146382278797936
0.8147021457322488
0.8147660195186217
0.8148298492844663
0.8147213994569484
0.8146130243193944
0.8145047237946718
0.8145685556171788
0.8146323435237431
0.8146960875596704
0.8147597877702033
0.8145435323337414
0.8144355160108246
0.814499218202376
0.8145628766724508
0.814626491466045
0.8145185948640334
0.8143566430876514
0.8144202631551335
0.8144838396322985
0.8145473725639313
0.814610861994755
0.8146743079694316
0.8147377105325623
0.8148010697286865
0.8148074055453035
0.8148706976144952
0.8148656170891743
0.8148150026935381
0.8147075206168247
0.8147114043833451
0.8147436048284858
0.8147411998840329
0.8146846690181375
0.8147478303443072
0.8148109486303909
0.8148740239203669
0.8148689595608436
0.8146766964704553
0.8147397530555283
0.8146893880601579
0.8145203200320722
0.8145078310646167
0.8145708593245335
0.814633844766339
0.8144108433714581
0.8144738403696348
0.8143331977363232
0.8143113750776609
0.8143743417188689
0.8143242713205461
0.8143871909168454
0.8143127354302864
0.8143104934974256
0.8142675650974603
0.8143304187133326
0.8143932298030777
0.8144559984098403
0.8143158848201142
0.8143786371402155
0.8144413470601006
0.814504014622728
0.8144051743512265
0.814265314353133
0.8142605014940395
0.814210722797639
0.8142733624730275
0.8143359599241657
0.8143985151937331
0.8144610283243515
0.8145234993585857
0.8144176348350722
0.8144800784303498
0.8145424800184997
0.8146048396418963
0.814667157342857
0.8147294331636423
0.814791667146456
0.8148538593334451
0.8149160097667001
0.8146425480184563
0.8147047276400535
0.81476686555835
0.8148289618152865
0.8148910164527479
0.8149530295125627
0.8148475529454118
0.8149095390341479
0.8148041476221551
0.8148661067564401
0.8149280244464882
0.8149899007338681
0.8150517356600935
0.815113529266622
0.8151196147055221
0.8151813443834167
0.8152430328532487
0.8153046801562673
0.8153662863336668
0.8154278514265866
0.815361170347906
0.8154226961158674
0.8154471685318476
0.8155086246861827
0.8154368841320261
0.8154983028061918
0.8155596806163029
0.8156210176031282
0.8156823138073824
0.815605095801243
0.8156663565667575
0.8153954610647426
0.8154567507523041
0.8154765128662264
0.8155377349920172
0.815565749010262
0.8156269009502454
0.8156880123519854
0.8157017482183839
0.8155821204298206
0.815643185952857
0.8154121379134233
0.8154401286023997
0.8153419077588391
0.8152376280274373
0.8152987064975109
0.8153322054929402
0.8152941043348652
0.8153551036399065
0.8154160626680874
0.8154169754586861
0.8154778738501547
0.8155387320711803
0.8155995501614964
0.8155284890045545
0.8155892703920326
0.8156500117390707
0.8157107130852218
0.8157713744699864
0.815831995932813
0.8158925775130982
0.815953119250187
0.8158426810124322
0.8159031993558392
0.8159636779368655
0.8160241167946859
0.8160845159684237
0.8161448754971509
0.816205195419888
0.8162654757756047
0.8161383629732427
0.8161986257189087
0.8162588489739155
0.8163190327770685
0.8163791771671218
0.8164392821827792
0.8163357352972481
0.816330391582725
0.8163087008071911
0.8163687502675353
0.8164287604798661
0.8163253861706601
0.8162220793822307
0.8162820787033596
0.8162332486080472
0.8162279522789746
0.8159960655228153
0.8160560602846272
0.8161160159364249
0.8160238742998648
0.8160186547968356
0.8159157506435315
0.8159214204295634
0.8159813223428632
0.8158785307610991
0.8156731481013064
0.8157330528305553
0.8156747781663359
0.8157346434543625
0.8157133010376565
0.8157009883069652
0.8156484721374452
0.8154638879241233
0.8155237245363398
0.8154214478022924
0.8153372398009163
0.8150731201897077
0.8151330058373146
0.8151928527114366
0.8152526608497177
0.8153124302897533
0.8152751364895302
0.8153348600147519
0.8153945449339455
0.815411111047591
0.8154707327817488
0.8155303160130107
0.8154578107757273
0.8152807242497161
0.8152865476720011
0.8152251847091917
0.8152847510584151
0.8153442790148899
0.8154037686157228
0.8153021893021589
0.815361654147844
0.8153406172459619
0.8154000314617772
0.8152503370161478
0.8151288738852744
0.8151882988695608
0.8152476856629831
0.8153070343023461
0.8153663448244071
0.8153375936548367
0.8153968563012889
0.8152303177834817
0.815087810311062
0.8151470960403627
0.8152063437659909
0.8152655535244766
0.8151966023542253
0.8152557773134458
0.8153149143885696
0.8153740136159653
0.8154330750319551
0.8153727084159124
0.8152718859387973
0.8153309233673882
0.8152153390188902
0.8152743567962716
0.8153333368866942
0.8153342460731913
0.8152716147308092
0.8151758826416292
0.8151612317763834
0.81503370009256
0.8149864193298367
0.8148860732261954
0.8149450267060597
0.8150039426478916
0.8150066560371714
0.815065514880303
0.8150256260945312
0.8150844414757413
0.815143219466372
0.8150607321248052
0.8150241817016397
0.8150432276903022
0.8151019441259562
0.8151606232931646
0.8152192652273991
0.8152778699640856
0.8153364375386055
0.8153949679862953
0.8154534613424467
0.8153852150765796
0.81541091694772
0.8154693497058879
0.8155277454812975
0.8155861043090478
0.8156444262241935
0.8157027112617451
0.8155291853310893
0.8155874699486783
0.8156457177471784
0.8157039287614672
0.8157621030263784
0.8158202405767014
0.815878341447182
0.8159364056725218
0.8159618203378641
0.8160198216551229
0.8160777864246077
0.8161357146808519
0.8161936064583454
0.816116563639639
0.8161744250104258
0.8162322499789662
0.8162900385796017
0.816347790846631
0.8164055068143097
0.8164631865168499
0.8165208299884212
0.8164737800156358
0.8165313839767105
0.816588951788453
0.8166464834848808
0.8167039790999686
0.8167614386676488
0.8168188622218113
0.8168762497963032
0.8169336014249294
0.8169909171414527
0.8170481969795931
0.8171054409730287
0.8171626491553956
0.8172198215602876
0.8172769582212566
0.8173340591718125
0.8173911244454233
0.8174481540755153
0.8175051480954729
0.8175621065386391
0.8176190294383151
0.8176759168277604
0.8177327687401933
0.8177895852087904
0.8178463662666874
0.8179031119469782
0.8179598222827156
0.8180164973069115
0.8180731370525365
0.8181297415525202
0.8181863108397511
0.8182428449470771
0.8182993439073049
0.8183558077532007
0.8184122365174898
0.8184686302328571
0.8185249889319466
0.8185813126473618
0.8186376014116661
0.818693855257382
0.8187500742169922
0.8187029311892332
