0.2368421052631579
0.4488551888195064
0.5866413916146298
0.5541615981401887
0.5094203794025381
0.570384641311598
0.5952404073014945
0.6357692509346617
0.6721923258411956
0.6191647406637132
0.6313974661757796
0.6392386867263606
0.6585138454666855
0.6320042267833992
0.6468517886963933
0.645953386265336
0.6532769635715829
0.6624027374186925
0.6684982868222678
0.684284082687874
0.6741592817265372
0.6883262694775573
0.6975247961281136
0.709623804282989
0.709748707469363
0.720498755340868
0.7215523712215514
0.7060756436872659
0.672619150546152
0.6828498020915847
0.6813739396483068
0.6800501071987577
0.6762045197203517
0.6713099497281196
0.6722443390041483
0.6596144272489785
0.6403837058865295
0.6453037438687579
0.6537488928242636
0.6540493061694359
0.6601635701900606
0.6677154908525037
0.6687278870140952
0.6692295849990654
0.6684451967150936
0.6606343617967098
0.6581909053300063
0.6452852013039277
0.6328758705096215
0.6398027408773644
0.645591226275579
0.6434586928304313
0.6462540733156021
0.6524601422048021
0.6584522087185124
0.6593549121590752
0.6650323302897572
0.6705236035636957
0.6722972197139271
0.6649675228262374
0.6702024052820774
0.6668846060399755
0.666786680882816
0.6704031619008471
0.6752501742258348
0.673639339296512
0.668411524559309
0.659945547867005
0.6621864227149187
0.6667514710566089
0.6639566895377589
0.6559039443063154
0.659290473168138
0.6601620405284533
0.6581346729268274
0.6532413228485753
0.656040812689951
0.6511855028551438
0.6463368949523967
0.6495172452078587
0.6535926260775348
0.6537429024061454
0.6533070127809008
0.6558959332017058
0.648793385795761
0.6526527991386647
0.6564283121915053
0.6590820486889258
0.6573896864688309
0.6609961108217906
0.6595931908077478
0.6624152541327538
0.6579425437421578
0.6613976695629441
0.6622836928673146
0.6650450074982148
0.664291971092523
0.6635338635727095
0.6602554672418305
0.6607700410232008
0.658074097239963
0.6583692474752325
0.6615324951837951
0.6626162430898993
0.6566832176888802
0.6587564826103087
0.657983669237019
0.6609838124893259
0.6603891062293543
0.6575696599112851
0.6604964149547784
0.6633735639805853
0.6662023575605804
0.6689840045809089
0.6689648530278988
0.6716782558719323
0.6743475383445182
0.676973767873998
0.679557977731006
0.6821011683839345
0.6846043087903602
0.6870683376279355
0.6843262058116982
0.6867544657669928
0.6891456530512143
0.6915006102250687
0.6926329760365937
0.6949267597975146
0.6971865615767924
0.6975397701676711
0.6997475090715567
0.7019232517594439
0.7030399395679577
0.705161082856758
0.7072521390067101
0.7093137436615925
0.7113465146849379
0.7133510527774036
0.7122934593099733
0.7088899740776079
0.7100199742539507
0.7107869299128072
0.7116093889961664
0.7094050089425411
0.705653036319459
0.7075895295015678
0.7080605849750814
0.7099562954622562
0.7115049645237901
0.7122598576530154
0.7123091579227413
0.7141299860371544
0.7159279106532729
0.715544270302599
0.716945712540398
0.7184643375430064
0.7194102097631964
0.7211211231182988
0.7222603339423752
0.7192480561609285
0.7169596166131708
0.7176523173079337
0.719323013655224
0.7180116167641266
0.7180657753051126
0.7186789359822033
0.7171925748582512
0.7152889676020583
0.7139288748001764
0.71555427892063
0.7141928212498153
0.7157984795574006
0.7173861975487
0.718956274228985
0.7193370615972159
0.71680916158437
0.7183566525046741
0.7152289377783287
0.7164837457960277
0.7173359837218555
0.7188475560014177
0.7203430477248144
0.7214157137319686
0.7228819468175898
0.7225876259791032
0.7237583592867778
0.7247578841954818
0.7261766579882886
0.7275808802550153
0.7269299573965714
0.7266240523674855
0.7261627900709177
0.7265338313268427
0.7279011621702085
0.7280400317787566
0.7287263022484988
0.7287489969829067
0.7273412001425907
0.7270452268085618
0.728370249979394
0.7279090960780689
0.7262410349476569
0.7245766203229235
0.7233240576620451
0.7246353180522723
0.7259342080614597
0.7272209019203262
0.7282035145281751
0.7280557240951537
0.7287913759360981
0.7288695848574267
0.7301133023580807
0.731030750670412
0.7307381866522131
0.7319565658981307
0.7327544683449451
0.7324037552785796
0.7335983813710859
0.7347823885649922
0.7359559178191294
0.7364413712479168
0.7375973301459522
0.737869830887673
0.7390095272751178
0.7401393561613727
0.7412594451434358
0.7418930479062918
0.7428377911330297
0.743932098404804
0.7407798437505464
0.7418735996840884
0.7425379963240712
0.7430922306490751
0.7441626796880373
0.7452242453324853
0.7462770377071445
0.7465426087898756
0.7475813685899171
0.7450742337521351
0.7461105173547686
0.747138409997057
0.7481580131825528
0.7491694267842293
0.749728304632648
0.7485120342733323
0.7495100023912954
0.750500081433227
0.7497325832998503
0.7507140241496548
0.7516877974928202
0.7513569759720958
0.7523207086233668
0.7532769993236627
0.7542259339416486
0.754911292935044
0.7558467460154445
0.7566342601483249
0.7573567380305382
0.7573289767549513
0.7578995103351616
0.7587163661016966
0.7596166781684812
0.7605102964652527
0.7613972953672332
0.762277748151856
0.7630735042404716
0.7639413668623014
0.7648028947204681
0.764930884194212
0.7653800073996274
0.7655049893223725
0.7663484965550259
0.7671859571408501
0.7680174358653471
0.768842996591805
0.7680508389636586
0.7685170904160838
0.7693321710836328
0.7696402787540161
0.7704457323248063
0.7712455729787268
0.7720398591836618
0.7728286485982512
0.7736119980858434
0.77438996372816
0.77516260083868
0.7748478029834911
0.7746859829980803
0.7750731114926254
0.7752995714644675
0.7760561385639138
0.77680762803182
0.7775540908143224
0.7782955771782746
0.7790321367225328
0.7797638183890145
0.7804906704735393
0.7812127406364552
0.7796602146268024
0.7803802792848846
0.7810956529679958
0.781342559475057
0.7820501887324193
0.7822924231466465
0.782992447509519
0.7836879845367322
0.7840240896624578
0.7847119110329596
0.7850779049661883
0.7843656331150295
0.7850458677108811
0.7857218241017274
0.7863935425214712
0.7870610627010917
0.7877244238764777
0.7874603812641368
0.7881183986596038
0.7887723542192964
0.789422285437083
0.7897273977176101
0.790370433198596
0.7907750261555422
0.7914109683252821
0.790156777784562
0.7907907452232793
0.7909453070242872
0.7915730988950852
0.7921275033476344
0.7927480182630146
0.793135901908294
0.7935214835734827
0.7936199870021354
0.7942287776009491
0.7948339870785934
0.7953943434008197
0.7937184015260286
0.7935909426294512
0.7941909689590168
0.7947875168750775
0.7953806165372883
0.7959702977576419
0.7965565900054649
0.797139522412326
0.7977191237768622
0.7981454750511522
0.7981928311300263
0.7987645228265418
0.7993329846264668
0.7998982438247021
0.8004603274094642
0.8004883307398014
0.8010456259053327
0.801599816362421
0.801780557613266
0.8023296419412072
0.8028756926540768
0.8034187348230738
0.8035663285657105
0.802859172995543
0.8033978091348993
0.8039335099274474
0.8044662993026445
0.8048593308749814
0.804920754864229
0.804586335211845
0.8051116407623508
0.804485144597917
0.8050079115909707
0.8049945571600615
0.8033765488992655
0.8038967167593203
0.8034246937599553
0.8030648042149731
0.8035816944926241
0.8038945092271378
0.8044065340072236
0.8049158919915799
0.8054226039604329
0.80592669047867
0.8064281718986218
0.8069270683628007
0.8065665017774636
0.8070624851062393
0.8075559314358909
0.8080468601822279
0.8085352905634436
0.8090212416026227
0.809504732130211
0.8099857807864478
0.8104644060237616
0.810940626109129
0.8114144591263993
0.8118859229785833
0.8123550353901081
0.8128218139090382
0.8132862759092638
0.8137484385926568
0.8133852737237037
0.8138449159066503
0.8143022994056511
0.8147574408286765
0.8152103566212715
0.8148480549384554
0.8144875162808598
0.8149377892995956
0.8152890295192091
0.8157351912836555
0.8153759900195182
0.8150185156845354
0.8154621163663471
0.8155618310571999
0.8152064726696331
0.8156464572585149
0.816084351659326
0.8165201707312234
0.8169539291928517
0.8173856416240006
0.8178153224672383
0.8179076406237538
0.8183340864302555
0.8187585394993437
0.819181013766245
0.8196015230365561
0.8200200809877474
0.820436701170646
0.8207070552095129
0.8211201725938229
0.82153139058786
0.8210232910681631
0.8212040158025609
0.8216122258121441
0.8220185760950321
0.8218986038067042
0.8223024618479589
0.8227044924772622
0.8231047080698642
0.8230526704390763
0.8232681002109411
0.823664360075939
0.8240588469661494
0.8244515727541714
0.8248425492068348
0.8249143276689147
0.8245634459372024
0.8249515799063679
0.8246021650868542
0.8249885039302753
0.825373144580978
0.8257560982112829
0.8261373758957221
0.826516988612107
0.8268949472425817
0.827271262574663
0.8276459453022668
0.8275861055938204
0.827958489815
0.828329268931778
0.8286984532996666
0.8290660531852897
0.829432078767334
0.8297965401374894
0.8301594473013753
0.8305208101794574
0.8308806386079511
0.831238942339714
0.8315957310451269
0.8319510143129641
0.8323048016512526
0.8326571024881197
0.8330079261726311
0.8333572819756172
0.8337051790904906
0.8331937834967972
0.8335405739676978
0.8338859254739889
0.8339340764712329
0.8342771878834824
0.8334406811632513
0.8337833958110636
0.8341247030065234
0.8344646114020019
0.8348031295790939
0.8351402660493407
0.8347971426290094
0.8351329207943975
0.835467336776559
0.8358003988478615
0.8351220142037244
0.8354544294976686
0.8357855071043131
0.8361152550820152
0.8364436814245363
0.8367707940616872
0.8363289054814935
0.836654943518383
0.8364826672887241
0.836807106440929
0.8371302606856005
0.8374521376407673
0.8367865515704699
0.8360478742278872
0.8363699805653569
0.8360372289694772
0.836358095448989
0.8366777085438152
0.8369960755836908
0.8359235429185752
0.8362421379808692
0.8359135033465394
0.8362308853516718
0.8364091489486212
0.8367243529005506
0.837038344529588
0.8373511308164794
0.8375860903359881
0.836290514637449
0.8363303091842149
0.8331503460314232
0.8318884129025164
0.8322062041824737
0.8319678572933392
0.8317706913234323
0.8320869118284634
0.8324019457649954
0.8309516373488438
0.8312670260851333
0.831208800710673
0.8315225389993149
0.8318351131384628
0.8307997282488124
0.830907101928369
0.8310140793950859
0.831325287352001
0.8316353511620157
0.8316821539252832
0.8319904283686436
0.8316881911443255
0.8304798552931622
0.8307880737380837
0.8310951734227696
0.8314011604274385
0.8317060407883292
0.8320098204980976
0.8318967050904087
0.8321990491460015
0.8325003075855957
0.8328004862458366
0.8330995909216043
0.8333976273663872
0.8336946012926503
0.8333973985619991
0.8334395752202244
0.8337348951223162
0.8340291696442236
0.834322404326831
0.8346146046719336
0.8349057761425815
0.8351959241634206
0.8354850541210287
0.8357731713642493
0.8357517661901241
0.8360384123224276
0.8363240596877196
0.8366087134969583
0.8352898148223509
0.8355752744153798
0.8358597462589518
0.8361432354709398
0.8364257471339209
0.8367072862954804
0.8369878579685123
0.8372674671315166
0.8375461187288941
0.8378238176712378
0.8381005688356213
0.8383763770658844
0.8386512471729152
0.8382885116089543
0.8385625988774138
0.8388357586085857
0.8385449324397649
0.8388172006818564
0.83908855219586
0.8393589916039341
0.8396285234972162
0.839541840522981
0.8398101652043807
0.8400775939769943
0.840344131320366
0.8406097816842256
0.840874549488737
0.8411384391247423
0.8408820418907674
0.8411450467802042
0.8414071836667055
0.8413389675486385
0.8411065021414861
0.8413674110049647
0.8414688182106149
0.8414555031780826
0.8403414558593939
0.8405056822677471
0.840561770589263
0.8408205988837609
0.8410785881886494
0.8405266810880206
0.840784311651691
0.8404207637544862
0.8406777351494064
0.8401300217488447
0.8403866348760536
0.8406424255252907
0.8408973976444503
0.8411515551562003
0.8414049019581841
0.8416574419232188
0.8419091788994935
0.8421400242856084
0.8421921003168515
0.8421541093641063
0.8423203247064261
0.8425690308188766
0.8423670098479582
0.8426148604614048
0.842657168714042
0.8426146558799799
0.8425479662776637
0.8422731517470214
0.8422072029923459
0.8420281773292312
0.8420759208679529
0.8420775689021672
0.8423224098806135
0.8425664928374547
0.8428098212874741
0.8430523987237588
0.8432283810943925
0.8434695682004011
0.842245564753297
0.8419766843580647
0.8422183102229607
0.8419502924465387
0.8421912218787849
0.8424314178881018
0.8420629810828008
0.8423026427200044
0.8425415781098227
0.8427797905483857
0.8425300013705764
0.8427675126807264
0.8425023005632353
0.8427391392090048
0.8429752666276099
0.8432106860179733
0.8434454005598626
0.8436794134140332
0.8439127277223705
0.8441453466080301
0.8443772731755776
0.8446085105111266
0.8448390616824751
0.8435874482577603
0.8438188277721719
0.8440495237429664
0.8442795391946729
0.8443356119516416
0.8445645301693598
0.8439473170916403
0.8441761333422391
0.8444042795598932
0.8442017621233162
0.8444292048063479
0.8446559843911783
0.8448821037734328
0.8451075658319016
0.8453323734286622
0.844806904221794
0.8450314962562054
0.8452554391806907
0.8454787358052496
0.8457013889236857
0.8459234013137237
0.8460141592271966
0.8447361816935942
0.8449583044665647
0.8451797926030411
0.8454006488190139
0.8456208758149982
0.8456982287654747
0.8459174074177965
0.8461359642867075
0.8463539020143467
0.8465712232279049
0.8467879305397299
0.8470040265474312
0.846750030265909
0.8464967484605654
0.8462441781209672
0.846459824434963
0.8466748666976591
0.846423106977336
0.8466375998446861
0.8468514944055722
0.8470647931598819
0.8472774985935956
0.8474896131788823
0.8474237468637936
0.8476350713141207
0.8478458111878219
0.8480559689071757
0.8482655468810968
0.8484745475052275
0.8484078699983427
0.8486161009461471
0.8488237606156313
0.849030851354514
0.8478693864415803
0.8480772151486272
0.8477506373000941
0.8479580614999578
0.84816492128023
0.8479907841589254
0.8477447541487594
0.8475414068106237
0.8470106126915912
0.8472173551068728
0.8474235395129364
0.8473596263869081
0.847372793588464
0.8472419161777268
0.8472155326753359
0.8469264755904741
0.8468082616869461
0.8468829229243388
0.8469846505613916
0.8471886710273098
0.846761410199675
0.8463873192634761
0.8463297402246537
0.8460914602862478
0.845964186828915
0.8456363649430587
0.8458402799167138
0.8458970722768354
0.84562100714388
0.845465285722997
0.8454055415893267
0.8454771878602068
0.8453222672041288
0.844797558012035
0.8447389991126728
0.8444930448425114
0.8446190988526102
0.8446354058295507
0.8437458085749697
0.8435491356967006
0.843707330386302
0.8437920241411005
0.8437353721046955
0.8437687439978305
0.8439703327152527
0.8441714018741249
0.8436569527654637
0.842484782858989
0.8422294903724475
0.8417608104567216
0.8416873487112401
0.8408962055101046
0.8407954511177509
0.8405736310101699
0.8396926825586915
0.839555471166715
0.8393728527691849
0.8384779991323841
0.8378913181208241
0.8377350531349389
0.8379399331183545
0.837964148659369
0.837853362577934
0.8380573206124271
0.8374930386630257
0.8375828728793718
0.8373686921698321
0.8367378594303622
0.8366919371060741
0.8365837074717345
0.8360749639818339
0.8356709203242932
0.8358753097268751
0.8355468044619082
0.8353372757549661
0.8351932408700101
0.8353972096313096
0.8352690391831538
0.835074163029642
0.8351166920732445
0.8345228798619112
0.834148153232155
0.8341062021839581
0.8338923219535889
0.8334320780949857
0.8334866885018313
0.8334185846989901
0.8334863140081353
0.8336893794788571
0.8337233004070661
0.8339255834965953
0.8338469749737935
0.8340486169944563
0.8338457297819377
0.8335280334643186
0.8328584250862021
0.8327096557556087
0.832831035342554
0.8323830844965393
0.8325847895693473
0.8327860097741919
0.832115810247358
0.8321277880086416
0.8309344998395619
0.830955467998039
0.8306599761905632
0.8303651887735701
0.8302924097026858
0.8301204975457437
0.8299025593554915
0.8300054823772128
0.8302068976824531
0.8302303214721781
0.8304309948510525
0.8300408756127396
0.8301102718548106
0.8303103775416718
0.8302579115512867
0.8291892310077391
0.8285704509749208
0.8285166315892969
0.8287171969324674
0.8286870596790757
0.8285687232351944
0.8287130265325671
0.8285639274826748
0.8284212744890219
0.8282887128627695
0.8280119783811927
0.8282112692521298
0.8276088167503245
0.8276873295495261
0.8278863049195613
0.827450449896586
0.8276492397008526
0.8277927744680335
0.8276623065827663
0.8275321382793254
0.8270273032219981
0.8269963441117781
0.8269302507766739
0.8268547528503204
0.8262713449973911
0.8262893996361146
0.8264872477003103
0.8266846455982622
0.8266088675919006
0.8255173238904179
0.825682568791367
0.8253655687649679
0.8250786343047007
0.8249535858622413
0.8251509324396233
0.8252539906988879
0.8252898611898261
0.8249985666669712
0.8250380913438472
0.8251408139619221
0.8252433065181424
0.8243676460263493
0.8244981586794911
0.8246940312702505
0.8247096562938282
0.8242367056743473
0.8237243582416021
0.8234073995529575
0.8234448417922361
0.823640579218187
0.8231714312899276
0.8232819462144707
0.823412216407149
0.8233311874707173
0.8233684660480846
0.8231394089438298
0.8233339750506021
0.8234060134174574
0.8231064005768195
0.822740928556853
0.8225452296171524
0.8220980172252828
0.8215764101968472
0.8214072947563121
0.8206153981374263
0.8201824552239068
0.8201604939015739
0.8194760544413288
0.819237752536398
0.8190722741352376
0.8187476893522966
0.8189438498616555
0.8187682225100411
0.8186039659702534
0.8183183588374334
0.8179537916404104
0.8180231125764018
0.8180993123358776
0.8182517298306834
0.8179384938431759
0.818133629433912
0.818221280794261
0.8184156965367271
0.81860969686094
0.8185569978986879
0.8185727509215394
0.8182334828161916
0.8181468962443267
0.8182220737072858
0.8183486957097197
0.8183292379199957
0.8183835133219779
0.8185757000803674
0.8187674805242571
0.8182988770601343
0.8184905449113367
0.8186198240743261
0.8187606252620173
0.8189512029431298
0.8187730511011209
0.8186600794956749
0.8183394929477974
0.8177928508570628
0.8177420537005499
0.8174802168409928
0.8173703159068699
0.8170668179648124
0.8170762139424759
0.8169197003657059
0.8165160119334874
0.8166027035098804
0.8164471682019517
0.8161465139234768
0.8159917728807679
0.8159752353700328
0.8160362113665514
0.8162260604776281
0.815918463655339
0.8159858554870054
0.8161751704504961
0.8163640962773713
0.81607543834239
0.8159221985765687
0.8158794438120303
0.8154274372225072
0.8156161617243247
0.8156768193732273
0.8158649042514179
0.8159926428511497
0.8161800230519123
0.8163670220111676
0.8165536408912376
0.8167398808497237
0.8169257430395312
0.8171112286088934
0.8172963387013945
0.8174136662996068
0.8175432852569895
0.8176264908218159
0.8177095286334874
0.817893104133353
0.8180763102660157
0.8182591481451453
0.8184416188799394
0.818580114487011
0.8187618979394289
0.818943317461011
0.81912437414355
0.8193050690744755
0.8184873993448603
0.8186683690364407
0.8187723616201463
0.8188673997820026
0.8190474520685016
0.819136869602784
0.8193162973115113
0.8194953693657121
0.8196344828613896
0.8198128859446128
0.8199909364525726
0.820168635429421
0.8203459839151909
0.8204877964574278
0.8206435401658903
0.8208198985334754
0.8209959104209671
0.8207875686562497
0.8209632671183513
0.8211386214110856
0.8213136325447342
0.8211624624901124
0.8213371085228369
0.8215114137828147
0.8216853792664571
0.821859005966295
0.822032294870997
0.8219402058840212
0.8221130794705415
0.8222856177057786
0.8223609223397846
0.8225328865969581
0.8227045182346786
0.8228371708740655
0.8229009273586358
0.8230717075636902
0.8232421587124727
0.8233908936682622
0.8235607101166581
0.8231431579348831
0.8228330397410877
0.8223927744715721
0.8225628963351052
0.8225959872066915
0.8227018546504071
0.821916084015593
0.8217679452585807
0.8216200889396179
0.8214725142517388
0.821452083695838
0.8214777802403143
0.8212674499646825
0.8209626421373915
0.8205121363271625
0.8206821058950344
0.8208517538553987
0.8208076534721582
0.8205410376883899
0.8203060259277675
0.8197487230132152
0.8199184511459712
0.8197475945337364
0.8192812861794923
0.8189202545574417
0.8189858911750134
0.8190075588151099
0.8191770273929984
0.8188359314408491
0.8181071461880585
0.8182768223576591
0.8183662994237617
0.8178656806667433
0.817337433521937
0.8175071942714519
0.81691812712067
0.8158682787371132
0.8160386133543777
0.8161426178046707
0.8163123845472333
0.8158668319169623
0.8153984683001653
0.8151080461378263
0.815073703664634
0.815243672687001
0.8154133295532205
0.8153991888839056
0.8153568713590172
0.8151334937949783
0.8153026305801614
0.8151058274443478
0.8151916585691391
0.8149845815942747
0.815153237399567
0.8153215859993852
0.8154896282323248
0.8156573649339318
0.8158247969367166
0.8159919250701678
0.8161587501607661
0.8163252730319973
0.8157675126039141
0.8159340880898056
0.8161003626263099
0.8159192112298824
0.8160851993171413
0.8162508883267655
0.8159253208796177
0.8160908556629992
0.8162560929894476
0.8156888174863275
0.8151235734084648
0.8143944825556844
0.814500772860222
0.8142837441089438
0.8140033839447074
0.8135007071319225
0.8132851486851697
0.813197070896558
0.81336311794465
0.8135288700601521
0.8135168657388919
0.8136821876664283
0.813551970198758
0.8135399773047768
0.8137048402779821
0.8138694119738497
0.8140336931636344
0.814197684615871
0.8138007142890169
0.8134144460546076
0.8131387957062746
0.8131774635985738
0.8133414868965558
0.8135052224343658
0.8128506750585834
0.8129728556867116
0.8131364839844486
0.8124514099291351
0.8122409096335014
0.8124047482812907
0.812324186164219
0.812487666838292
0.8125541605041323
0.8125164879899816
0.8126793754895558
0.8128419801983323
0.8126326016998329
0.8127949651299023
0.8129570474111751
0.8131188492732763
0.813280371443308
0.8130715184208427
0.8129451984452135
0.8124061024961262
0.8111538460779529
0.8112587211743094
0.8114205919108667
0.8113679607267099
0.8115294607603344
0.8107120314826813
0.810771201396018
0.8106044892919128
0.8107659517903851
0.810927139224976
0.8103983515732328
0.8105594404843856
0.8100326220950991
0.8101936113984083
0.8103543280695358
0.8102327649042202
0.8103931767682065
0.8102717861346749
0.8100099534037595
0.8101701473722218
0.8103300714266681
0.8104249761839495
0.8105844169104558
0.8107435896693546
0.8109024951356272
0.8105950638850473
0.8106141236247357
0.8100942673508869
0.8102530514082857
0.8104115701623307
0.8105698242773871
0.8107278144156045
0.8108855412369248
0.8106266856655369
0.8107842341799582
0.8109415207683373
0.810821691155296
0.8105637478431339
0.8107208259958345
0.8107592866678701
0.810915942887516
0.8110723399570879
0.8112284785191068
0.8113843592139713
0.8114221137502163
0.8113027770254978
0.8114582113113087
0.811613389738213
0.8117683129374414
0.8119229815381502
0.811960107872801
0.8119971732946797
0.8119873395460775
0.8120668674490625
0.8120410253356657
0.8121947121505997
0.8123481478432871
0.8125013330287212
0.8126542683198886
0.8128069543277778
0.8128853614570638
0.8130376109595397
0.8130835683631428
0.8132354094936357
0.8132246664664493
0.8133761468667198
0.81330637099995
0.8129177288641876
0.8124622938084722
0.8124791661120493
0.8124690860101818
0.8125307646242889
0.8126819494915273
0.8124299898223157
0.8125810123747937
0.8127317919304053
0.8127441658918761
0.8128945721843325
0.8130447370541685
0.8125709419340145
0.8120704280157854
0.8122207716733728
0.8123412690285203
0.812491156193833
0.812441282964628
0.8125908513195207
0.8125808187686685
0.8127300378620055
0.8126801332972784
0.8121834214095941
0.811688285134559
0.8107025383476305
0.8107534065926086
0.8109030086427331
0.8110523743547057
0.8108427470232927
0.8109919246675962
0.8110282926206893
0.811177089240673
0.811325651719634
0.8114739806097915
0.8116220764616299
0.8117699398239049
0.8119175712436508
0.8120649712661872
0.8122121404351251
0.8123590792923746
0.8125057883781507
0.8125654626754247
0.8127117815960528
0.8127018660097844
0.812847850525755
0.8129936076515137
0.8131391379179328
0.813284441854233
0.8134295199879904
0.8135743728451426
0.813719000949995
0.8138634048252277
0.8137493872124015
0.8138935440334446
0.8139408034734805
0.8140845895604408
0.8142281535839463
0.8142171750703784
0.8143604154905245
0.8145034352012406
0.8146462347122482
0.8147888145317003
0.8149311751661878
0.8150733171207453
0.8152152408988568
0.8152872314419489
0.8152755170883534
0.8154169600308586
0.8153031495539158
0.8154443550970704
0.8155853448945516
0.8151808631699865
0.8153218388655089
0.8151694476890753
0.8153102173404926
0.8149527682556184
0.815093488583941
0.8152339950515824
0.8153742881456967
0.8155143683519595
0.8156062519701607
0.8157459442035165
0.8158854249421967
0.8160246946661437
0.8160125822741057
0.8161515455805453
0.8161016198857675
0.8162403064469396
0.8163787839854121
0.8165170529733748
0.8166551138815966
0.81679296717943
0.8169306133348173
0.8170680528142957
0.8172052860830021
0.8171844977757515
0.8173214382268558
0.8174581736772848
0.8168467614307049
0.8165812096370636
0.8167181915566775
0.816854969025665
0.8168424000703886
0.8168612248565938
0.8168114398790387
0.8169139205447131
0.817050044023862
0.8170798306606518
0.8171265419964643
0.8171138368466153
0.8172494085020292
0.8172540603562978
0.8172835857425202
0.8174187310193379
0.8175536765248669
0.8176884227017318
0.8178229699912508
0.8178029660859614
0.8179372306651168
0.8180712975055696
0.8181168668230785
0.8182506044210027
0.818384145490495
0.818370647586317
0.8184305370598414
0.8184790596753513
0.8186120420492156
0.8187448297197505
0.8188774231142496
0.8190098226587567
0.819142028778071
0.8192076848950878
0.8193395538338951
0.8193254579491764
0.8194570490213183
0.8194844768292672
0.8196157608461185
0.8196015052059688
0.8197325135536768
0.8198633317586451
0.8199939602345272
0.8201243993937776
0.820254649647656
0.8199827175165393
0.8200095867425887
0.8196880480238441
0.8196738328267149
0.8198039382864359
0.8199338561391494
0.820063586790346
0.8201931306443486
0.8201660914824838
0.8199958306930163
0.8201251440330357
0.8199795293931106
0.8201086688985674
0.820032810149741
0.8197637640425022
0.8198927806752564
0.8199023948044823
0.820031127903264
0.8201596770976188
0.8201095988127526
0.8197417230832763
0.8198702036797957
0.8198402233194667
0.8199684509185275
0.8199948907522575
0.8201228261532865
0.8199664889188025
0.8198327859084757
0.8199030597616747
0.8197944584908774
0.8199220828120595
0.8200495264901826
0.8201202128222264
0.8200454181236141
0.820135335498564
0.8202622689244647
0.8198108774249236
0.8196247821278325
0.8196083651779159
0.819647318507608
0.8196335115374691
0.8196197239591422
0.8197463066089954
0.8198727117235753
0.8199989396761167
0.819774850782786
0.8199009705513075
0.8200269139285443
0.8201526812842896
0.8202006814292649
0.8203261519935152
0.8204514475639522
0.8205765685064162
0.8206020324957175
0.8204949097637557
0.8205203951235465
0.8202976568364558
0.8204224501303193
0.820547070220444
0.8206715174671705
0.8207957922298406
0.8209198948668005
0.8210438257354048
0.8211675851920193
0.8212911735920247
0.8214145912898204
0.8215378386388267
0.8216609159914896
0.8216853694312907
0.8218081756506906
0.8216358565837794
0.8217585279341344
0.8218810306640766
0.8218660024836754
0.821988263291854
0.8221103563897335
0.8222322821221599
0.8223540408330352
0.8224756328653192
0.8225970585610338
0.8227183182612655
0.822839412306169
0.8229603410349703
0.8230811047859696
0.8232017038965449
0.823322138703155
0.823442409541342
0.8235625167457357
0.8236824606500553
0.8238022415871137
0.8239218598888197
0.8238151738689947
0.8239346212087445
0.8240539066957304
0.8241730306586988
0.8242919934255062
0.8244107953231224
0.8244329115811088
0.824416414004079
0.8245348914575176
0.8246532091301693
0.8247713673450411
0.8247546862895898
0.8248726171871069
0.8244359604435759
0.8245538677904909
0.8246716168725107
0.8247892080080758
0.8249066415147728
0.8250239177093376
0.8251410369076579
0.8252579994247765
0.8253748055748937
0.8253960267182257
0.8255125847778263
0.8256289873230046
0.8257452346647892
0.8258613271133803
0.8259772649781517
0.8260930485676539
0.826208678189617
0.8263241541509527
0.8264394767577582
0.8265546463153177
0.826669663128106
0.8267845274997905
0.8268992397332343
0.8270138001304989
0.8271282089928464
0.8272424666207427
0.8273057654691286
0.8274197550628783
0.8275335942745783
0.8276472834016221
0.827596132358538
0.8274901880098272
0.8276036813071891
0.827717025369446
0.8277796797043393
0.827892759363102
0.8280056906233625
0.828118473777052
0.828231109115337
0.828343596928621
0.8284559375065473
0.8285681311380015
0.8286801781111139
0.8287920787132622
0.8289038332310733
0.8290154419504269
0.8288009599152572
0.8289124902345305
0.8290238753320341
0.8291351154912195
0.8292462109948013
0.8293571621247592
0.8294679691623406
0.8295786323880625
0.8296567266601844
0.8297671241153626
0.8298773785686557
0.8299874902977376
0.830097459579563
0.8302072866903714
0.8303169719056877
0.8304265155003256
0.83053591774839
0.8306451789232782
0.8307542992976833
0.830605713142308
0.8307147184749063
0.8308235836077198
0.8302896352892059
0.830398633596663
0.8305074919833147
0.8306162107184121
0.8307247900705156
0.830833230307498
0.8309415316965457
0.8310496945041614
0.8311577189961664
0.8312280185179506
0.8313357911753465
0.8314434262798932
0.8315509240947657
0.8316582848824682
0.831765508904836
0.8317037191967814
0.8318107778995825
0.8319177004819731
0.831906036963264
0.8320127632890016
0.8321193541752395
0.8322258098796307
0.8323321306591747
0.8324383167702201
0.8325443684684668
0.8326502860089674
0.8327560696461299
0.8328617196337192
0.8329672362248596
0.8330726196720363
0.8331778702270981
0.8332829881412587
0.8332849280960586
0.833389846328849
0.8334946325890196
0.8335992871254186
0.8337038101862695
0.833808202019172
0.8333538612657697
0.8334583416035342
0.833562691013557
0.833458185049658
0.8335624039576369
0.833666492510509
0.8337704509526899
0.8337850495824152
0.8338888042331127
0.8338676633695862
0.8339712371455402
0.8340746818575991
0.8341779977468534
0.8338663333632731
0.8339696503201367
0.8340728388531882
0.8341758992017266
0.8342788316044567
0.8343816362994912
0.834484313524352
0.8345868635159727
0.8346892865106996
0.8347915827442944
0.8348937524519355
0.8349957958682199
0.8350977132271649
0.8351995047622097
0.8352394803915977
0.8352177544480763
0.8352312634454238
0.8352095693176864
0.8353109788134909
0.8354122635743683
0.8353085477803254
0.8353538686410814
0.8351117513993678
0.8351571373856816
0.8352582059709756
0.835359150697709
0.83535791014819
0.8349178374184588
0.834814931503626
0.834712151390645
0.8344160535583965
0.8345171426587883
0.8346181084045731
0.8347189510213995
0.8348196707343664
0.8344229999473979
0.8345237771841919
0.8343882789656384
0.8344889547838964
0.8343869971361946
0.8343955568516461
0.8344960449846245
0.8342595067186813
0.8340012665723706
0.8336524254152274
0.8337531200729664
0.8338536928980886
0.8338332251272916
0.8337322181433277
0.8338326213932411
0.8338658478672879
0.8339660494065718
0.8340661301483401
0.8341660903109013
0.833643628108361
0.833743662006071
0.8337233833630384
0.8338232491988564
0.8339229951477167
0.8340226214253725
0.8336174157379974
0.8337171057225763
0.8333400784931932
0.8334398151308394
0.8334198152414071
0.8335193849872281
0.8336188357727794
0.8336518328194159
0.8337226735828774
0.8334640434853325
0.833563290181706
0.8334638877853302
0.8333646037251405
0.8334637324558216
0.8329682129953841
0.8329825770144855
0.8330559375620603
0.833155014156979
0.8332539732233153
0.8333528149700709
0.8334515396057521
0.8335501473383715
0.8336486383754494
0.8337470129240151
0.8338452711906085
0.8339434133812815
0.8340414397015995
0.8337893678557678
0.8338218557809054
0.8339197804386655
0.8336642328647913
0.8337621350231993
0.8338599220025974
0.833781729632728
0.8338793901911107
0.8339769360571171
0.8337483371770625
0.8337285434309176
0.8333266791898374
0.8334243202682265
0.8324534258810357
0.8319666110120993
0.83206481872045
0.8321629117001694
0.8321879187569702
0.8322858254554784
0.8320470915297651
0.8321449661850507
0.832242726833749
0.8323403736749401
0.8322439957185653
0.8318114325199601
0.831909159752662
0.8319583801399525
0.8319914216424185
0.8320888744140876
0.832186214197036
0.8322834411876519
0.8318624682384377
0.8317393114970079
0.8315908214383051
0.8316881677842946
0.831592834739166
0.8314165777846247
0.8313215114769976
0.8312265548190909
0.8310826549510036
0.830987945280333
0.8310852464056754
0.8310758848224815
0.8311730234741075
0.8312700504721109
0.830897016658984
0.8309940907022337
0.8310910533581705
0.8311879048184009
0.8312846452740924
0.8312250737288454
0.8313216821583079
0.83141818005181
0.8314844752153325
0.8315807698009238
0.8310119941885179
0.8311083935072923
0.8312046829066609
0.8311670833103064
0.8312632296182162
0.8310746905006191
0.8309811705780742
0.8310772585993488
0.83117323742969
0.8312691072551133
0.8313081145722216
0.8309919453687125
0.830946031567483
0.8308647590283512
0.8309090546965634
0.8305645799752989
0.8304718775356448
0.8305677102786998
0.8306634347361694
0.830759051091485
0.8307739403725524
0.8304010272492462
0.8304965759662889
0.830592017083425
0.8305935597487316
0.8302218975118022
0.8303172784682562
0.8303501653915694
0.830445367318959
0.8305404624578715
0.8305753933325348
0.830670309078567
0.8307651185359698
0.8308598218831796
0.8307679912594568
0.8308625871279535
0.8309570773027424
0.8309894233728631
0.831083737310713
0.8311779460461783
0.8312720497551827
0.8313660486132578
0.8314599427955444
0.8315537324767934
0.8316474178313669
0.8317409990332394
0.8313199348689742
0.8313894528058211
0.8314830213669722
0.8315764861360421
0.8316698472856341
0.8317631049879689
0.8313959073067426
0.8314891617827898
0.8315823131582554
0.8316753616040242
0.831768307290604
0.8318611503881258
0.8319538910663452
0.8320465294946439
0.8321390658420297
0.8322315002771387
0.8322137614217302
0.8323060530821144
0.8323982432673358
0.8324903321446615
0.8325323972610515
0.8325145419387348
0.8326064154757953
0.8326981882743283
0.8327898604999314
0.8328814323178394
0.8329729038929254
0.8328819267390818
0.8325181213546675
0.832609591523234
0.8326099865788072
0.8327013068261728
0.8327925274876634
0.8328836487260898
0.8325510444632881
0.8326421979502433
0.8327332522495087
0.8328242075228912
0.8329150639318462
0.8330058216374779
0.8330499475292523
0.8331405335588078
0.8332310213388735
0.8333214110292048
0.8334117027892106
0.8335018967779549
0.8335919931541573
0.8336819920761941
0.8337718937020988
0.8338616981895639
0.8339514056959411
0.8340410163782422
0.8340945721047552
0.8341840089931084
0.8342733495055044
0.8343625937976393
0.8344517420248742
0.8345145541659017
0.834603524835705
0.8346709060690013
0.8347596972043025
0.8348483930190077
0.8349369936665297
0.8345898424634913
0.8346784867065441
0.8347670359905792
0.8348554904681004
0.8349438502912848
0.8350321156119846
0.8351202865817271
0.8352083633517154
0.8352963460728304
0.8353842348956304
0.8353386966370194
0.8354264691867864
0.8355141482122597
0.8353198319646994
0.8349631087392051
0.8349843936362071
0.8350720746172718
0.834982639987452
0.8350702288197305
0.8351577247195608
0.8349052414927607
0.8349927320908037
0.8350801300081285
0.8349027450795906
0.8349900981245221
0.8350773587812516
0.8351334365359064
0.8351450632768505
0.8350561095299601
0.8349672496656524
0.8350542922554912
0.8351134984383047
0.8348315629807502
0.834889816262727
0.8349767163594308
0.8348218314694683
0.8349086759324181
0.8349954291242561
0.8347133266617042
0.8348000913196245
0.8348867649338325
0.8349733476475536
0.8349288123500445
0.8349105154341984
0.8349969497193114
0.8350832935446807
0.8346981219535903
0.8347844865711693
0.8344350246853957
0.8345213913913501
0.8346076680381742
0.8346194112320797
0.8347055469553963
0.8347915930007085
0.8348775495079922
0.8345011759050817
0.8341536422158297
0.8342397514358629
0.8343257712846248
0.8344117019011784
0.8344399430556563
0.8345257254685808
0.8346114190338483
0.8342225587410426
0.8341889365012545
0.8342746712807264
0.8339293462070894
0.8338429947979307
0.8337997321587161
0.833885446582564
0.8339710726410267
0.8336559006418413
0.8337415567177209
0.8338271246247112
0.8339126044988755
0.8339979964759968
0.8340833006915795
0.8341685172808495
0.8342536463787545
0.8341187951345523
0.8342038624190987
0.834288842499868
0.8343737355108825
0.8340314901316492
0.8340140827198171
0.8338236555106243
0.8339085693299852
0.8337380337991732
0.8337945454942447
0.8338793441955231
0.8339640564116397
0.8340298050898004
0.8341143543485423
0.8341988175082427
0.8342831947003504
0.8342287641472336
0.8343130403220443
0.8342278541565691
0.8343120451905169
0.8343674178713417
0.8344514526669422
0.8345220575137269
0.834605928746614
0.8346897150035812
0.8347734164137061
0.834506674961924
0.8345903842816195
0.8346740089609513
0.8347575491282273
0.8346726547431457
0.8347561112526141
0.834839483547643
0.8348769275343013
0.8349041513051454
0.8347354338485685
0.8348186486351502
0.8349017796625106
0.8347333180027205
0.8348164083405774
0.834899415170557
0.8349823386184874
0.835065178809944
0.83514793587025
0.8352306099244776
0.8353132010974478
0.8353957095137317
0.8354326124679516
0.8353481450276107
0.8354305121386524
0.8355127968825831
0.8355949993828916
0.8356771197628202
0.835759158145365
0.8358411146532765
0.8359229894090604
0.8360047825349781
0.8360864941530474
0.8361349238538345
0.8362164893471874
0.8362979736808456
0.8363793769758824
0.8364606993531309
0.8364709736491021
0.8365521697892961
0.8363851463799714
0.8363670981922829
0.8364482250647707
0.8364018469269077
0.8364828762251113
0.8362667955933167
0.8361593145559364
0.8362403435794004
0.8363212924950802
0.8361551258485906
0.8362360368975543
0.8361112083173152
0.8361920611992505
0.8362728343446157
0.8362249573610957
0.8363056347220016
0.8363862326369588
0.8364667512232594
0.8365471905979652
0.8366275508779072
0.836707832179687
0.8367880346196774
0.8368681583140222
0.8369482033786375
0.8370281699292119
0.8371080580812075
0.8371878679498594
0.8372349519191952
0.8373146215462538
0.8373942132186872
0.8374737270508541
0.8375531631568899
0.8376325216507067
0.8377118026459944
0.8377910062562209
0.8378701325946325
0.8379491817742548
0.8380281539078931
0.8380695804881021
0.8381484171090913
0.8381055225022256
0.8381842649523704
0.8379712439193358
0.8376126573090736
0.8376308153191226
0.8377096353116862
0.8377883788171148
0.8378670459466894
0.8378486906166134
0.8379272522975162
0.838005737889624
0.8380841475034237
0.8377571802427821
0.8378355962987305
0.8375093427050089
0.8371837186406529
0.8372622221514336
0.83734064999618
0.8374190022842357
0.8374972791247345
0.8375754806265994
0.8368485577809098
0.8369269206253955
0.837005208229512
0.8370834207015707
0.8371082674489028
0.8371863555277864
0.83726436877382
0.8373423072945222
0.8374201711972056
0.8374979605889772
0.8375756755767395
0.8371957657099678
0.8369869807215676
0.8370647912319631
0.8371425274956883
0.8368211332845389
0.8368988745264233
0.8369765417290298
0.8366559170461287
0.8367335889828638
0.8366527586965918
0.8367303583361659
0.8368078842818752
0.8368853366386471
0.8364883322095016
0.8365658626351965
0.8366433195723362
0.8367207031253573
0.8367980133984987
0.8363216986586074
0.8363990879263811
0.8364764040473989
0.836553647125317
0.8366308172635959
0.8365730800748381
0.836650168244614
0.8367271837239896
0.8368041266157313
0.8365669759830029
0.836361435975478
0.8364384423585484
0.8365153762991134
0.8365922378993489
0.8366690272612384
0.8367457444865736
0.8368223896769554
0.8368989629337941
0.8369754643583092
0.8370518940515308
0.8367361545723256
0.8366565340255533
0.8367329699010678
0.8368093342743601
0.8367297911852495
0.8368060856753499
0.8366487731645254
0.8367250342414793
0.836801224146173
0.8368773429781944
0.8369533908369458
0.8370293678216443
0.8371052740313222
0.8370541415607642
0.8371299655991258
0.8372057191034983
0.8372814021722554
0.837357014903588
0.8370713043635595
0.8370308812881818
0.8371065050091617
0.8370892941997883
0.8371648207207898
0.8371475988390841
0.8372230283903397
0.8372983880994183
0.8373736780632779
0.8371405419186294
0.8371130972750137
0.837034332750703
0.8368676612234234
0.8369429762459426
0.8370182217575965
0.8370933978545718
0.8371685046328777
0.8372435421883464
0.8373185106166336
0.837393410013219
0.8374682404734062
0.8375430020923237
0.8376176949649249
0.8376923191859889
0.8377668748501202
0.8375658799580862
0.8376404252173987
0.8374955163665809
0.8375700255291822
0.8376444663974091
0.837566143997166
0.8376405184733577
0.837562269570929
0.8376096685649901
0.8376839211170866
0.8377581057966491
0.8378322226966963
0.8379062719100768
0.837602532759549
0.8376766191953339
0.8377506380648299
0.8376220167874783
0.8376959930896253
0.8377699020180909
0.8378437436648737
0.837917518121805
0.837991225480549
0.8380648658326034
0.8381384392692992
0.8382119458818017
0.838285385761111
0.8383587589980614
0.8384320656833231
0.8385053059074014
0.8385784797606377
0.8385006211496351
0.8385737308729716
0.8386467744336625
0.8387197519214808
0.8387926634260372
0.8388307493996706
0.8389035449058135
0.8387505410480682
0.8387885944695613
0.8388613104846856
0.8388910222043778
0.8389636265206444
0.839036165427617
0.8389285399591669
0.839001029365126
0.8390734535534458
0.8390173439584513
0.8387151638787697
0.8386977716218609
0.838770201899534
0.8388425671590046
0.8389148674877803
0.8389871029732118
0.8390592737024932
0.8391313797626623
0.8390541452292561
0.8391261890317498
0.8390804243410256
0.839152391950891
0.8390493715039634
0.8391212886748732
0.8391931416053444
0.8392649303814135
0.839336655088963
0.8390897227208208
0.8391614615871958
0.8392331365151874
0.8393047475902362
0.8393420459764726
0.8394135448434167
0.8394849800992693
0.8395563518288828
0.8395980304873292
0.8396692885812931
0.8397404833909816
0.839621392440266
0.8396925453273821
0.8397509648511521
0.8396742430877725
0.8397452779822838
0.8398162499583767
0.8398871590996081
0.839958005489387
0.8400287892109751
0.8400995103474865
0.8401701689818889
0.840177665752278
0.8402482274892528
0.8396833856476213
0.8397540719855192
0.8398179156667135
0.839888480461574
0.8399589831121854
0.8400294237006043
0.840099802308743
0.8400235344390676
0.8400938537645889
0.8400176555277269
0.8400879156702268
0.8401581141269124
0.8400088565077255
0.8396230530386263
0.8396933321564883
0.8397635497070112
0.8396877629806363
0.839724257142604
0.8397943690161199
0.8398644195762353
0.8399344089033436
0.8399557957447528
0.8400256840435542
0.8400955113311824
0.8401652776874952
0.8402349831922107
0.8402319746264483
0.8403015903237787
0.8403711453802579
0.8402482757196151
0.8401727397713763
0.8402422601107538
0.8403117199976621
0.8402942007799317
0.840363577756135
0.8404328944831189
0.8405021510393328
0.8405713475030901
0.8406404839525684
0.8406228677913405
0.8406919220080687
0.8406387634095156
0.8406716759217482
0.8407406193765635
0.8407934837120248
0.8408623148907053
0.8405678334091582
0.840636672859327
0.8407054528883043
0.8407741735729946
0.8408428349901688
0.8409114372164661
0.8409799803283935
0.8410484644023262
0.8409733969043771
0.841041824874728
0.8409668248066816
0.8410351967650622
0.8411035099594047
0.8411717644654358
0.8412399603587526
0.8413080977148217
0.841376176608981
0.8414441971164386
0.8415121593122737
0.8415800632714373
0.8415375313562192
0.8416053663171112
0.8416731432249772
0.8415982901554485
0.8416660121348605
0.8417336762322387
0.8415876985832715
0.8412961171077417
0.8413638235424227
0.8412893258209404
0.8413569774297124
0.8414245713890521
0.8414921077726173
0.8415595866539402
0.8416270081064278
0.8416272115326513
0.8416945469018976
0.841761825037511
0.8416338635742583
0.8414999705491625
0.8415672456041077
0.8416344635737283
0.8417016245306521
0.8415960251105851
0.8413066595662305
0.8413738455698011
0.8412753782852493
0.8413425206802218
0.8414096062951562
0.8414766352020474
0.8414707668335195
0.8414993226368377
0.8415662287902202
0.8415728012072466
0.8416396199330134
0.8417063823192136
0.8417730884370732
0.8418397383576979
0.8419063321520736
0.8419728698910668
0.841685256039182
0.8417518027999894
0.8418182936391491
0.8414983363549662
0.8415648777754721
0.8415573093885603
0.8415771632390219
0.84150382550461
0.8415702530714564
0.8413107859450009
0.8413772387147056
0.841443635852121
0.8415099774270782
0.8414621994052655
0.8414708142740414
0.8415370613219837
0.8413140685259813
0.8412411468550589
0.8413074068104617
0.8413736114801277
0.8414397609332219
0.8415058552387937
0.8414330055768887
0.8414990476403719
0.8415650347146265
0.8416309668683033
0.8416968441699388
0.8415547664800552
0.8416206206918257
0.8416864201846834
0.8417521650267994
0.8417348332854018
0.8418005034790592
0.8418661191972346
0.8419316805076836
0.8419971874780492
0.8420626401758629
0.8420903951526393
0.8421557550884204
0.8421834485737338
0.8422487159647291
0.8420658930147643
0.8421311550424442
0.8421588129334184
0.8422239827051222
0.8422890986841955
0.8423541609372136
0.8423696849945592
0.8424346603923355
0.8423622384748548
0.8423094886708231
0.8422621289501981
0.8420801280740869
0.8421450889428348
0.8422099963898155
0.8422748504809007
0.8422747808065691
0.842339555023897
0.8421990215448232
0.8422637736902705
0.8423284727166486
0.8423931186892945
0.8423406156547029
0.8424052036859792
0.8424697388196049
0.8425342211205383
0.842579166591594
0.8425072187388639
0.8425716066298129
0.8426359418947782
0.8427002245982526
0.8424530167219745
0.8423132399804553
0.8420679611194977
0.8419127696433227
0.8419772161294037
0.8417427782526871
0.8416035754916881
0.8416680691498755
0.8416761564076649
0.8414964671658393
0.8414253692396501
0.8414898304716665
0.8412494851524988
0.8411785741782964
0.841107720785072
0.8411722062880002
0.8412366394700335
0.8413010203948226
0.841311302375476
0.8413756008753238
0.8414185303286155
0.841482733352774
0.8410850936008704
0.8411493535711085
0.8409248446511988
0.8406658851180063
0.8405888795101234
0.8403302647020854
0.8403498605956231
0.8404142616199896
0.8404786107080461
0.8404085534956149
0.8403385527354098
0.8404028545667689
0.8404671046253169
0.840450820076172
0.8403138728436393
0.8400403086371734
0.8401045752869777
0.8401114179704539
0.8400417894071042
0.8401059780951431
0.839869272929441
0.8399067484949598
0.8399709141268257
0.8399014813353752
0.8398115666914222
0.8398490053490051
0.8399130913812783
0.8398437928113924
0.8398278616667259
0.8395415281627824
0.8396056090221423
0.8396696387191395
0.8397336173150217
0.8397802021262764
0.8397280013915744
0.8397918802272095
0.839855708163374
0.8399194852608796
0.8399525893364433
0.8400162771242123
0.8400799142454836
0.8401435007606941
0.8402070367301852
0.8402705222142017
0.8400956729202327
0.8401591522084739
0.8402225811163277
0.8402859597037469
0.8403209658373185
0.8403842551889487
0.840377577358749
0.8403087809584747
0.8401740585590455
0.8402373058647206
0.8403005031329702
0.840363650423151
0.8404267477945252
0.8404897953062619
0.8405527930174364
0.8406157409870307
0.8405737368332039
0.8406366268778456
0.8406731792068897
0.8407359804764178
0.84079873225716
0.8408614346075904
0.8409240875860914
0.8408555093015894
0.8409181153168129
0.8409806720941166
0.841043179691564
0.8410451878119813
0.8411076209668077
0.8411045686355814
0.841166929479916
0.8412292413945962
0.8412915044371866
0.8413537186651611
0.8413599056316491
0.8414220443290124
0.8414058258308413
0.8414678979146648
0.8415299214287828
0.8415918964301794
0.8416538229757501
0.8417157011223012
0.8417775309265503
0.8418393124451264
0.8419010457345701
0.8419627308513339
0.8418943626515738
0.8418631776220428
0.8419248053782307
0.8419307337193932
0.8419922871719947
0.8420537927044307
0.8421152503726391
0.8421766602324708
0.8422380223396899
0.8422993367499737
0.842231103389413
0.8422923728638249
0.842353594768769
0.8424147691596232
0.8424500362520102
0.842414189010346
0.8424752687820475
0.8425363012234337
0.8425972863894975
0.8426582243351461
0.8427191151152021
0.8427799587844033
0.8428407553974023
0.8429015050087678
0.8429622076729839
0.8430228634444505
0.8430834723774836
0.843144034526315
0.8432045499450935
0.8432650186878837
0.8433254408086671
0.8433858163613419
0.8434461453997236
0.8435064279775443
0.8435666641484536
0.8436012030746501
0.843661356458083
0.8437214635874725
0.8437815245161475
0.8438415392973553
0.843901507984261
0.8439614306299484
0.8440213072874198
0.8440811380095956
0.8441226640120385
0.8441824100204662
0.8441143963256946
0.8441740997357575
0.8442337574311114
0.8442933694642415
0.844310429724159
0.8443699668447234
0.8443869847812846
0.8444311624714713
0.844490585251276
0.8444545063718367
0.8445138748808552
0.8445731980876919
0.8446324760441802
0.8445646278515085
0.8446238638927237
0.8446830548017169
0.8446660391677483
0.8443445066062075
0.8444037362460073
0.8443361299053532
0.8442052036202181
0.8442644186701534
0.8443235887238502
0.8443827138325763
0.8444417940475223
0.8445008294198002
0.8445598200004453
0.8446187658404147
0.844677666990589
0.8445849509364053
0.8445175576469092
0.8445764302112231
0.8446352582088721
0.8446940416904427
0.8444334034736636
0.8444921965940438
0.8445509452919683
0.8446096496177644
0.8445424759737662
0.8446011391903798
0.8446597581495687
0.8447183329013976
0.8447768634958562
0.8448353499828586
0.8448184628453886
0.8448768896289559
0.8448934541751583
0.8449518087823158
0.8450101194973281
0.8449931983997728
0.8450293439361082
0.8450875598099113
0.8450205598500378
0.8450787353155594
0.8451368671221953
0.8451574459417294
0.8452155046421637
0.8452735198203338
0.8453314915251594
0.8453894198054871
0.8454473047100901
0.8455051462876686
0.8455629445868502
0.8456206996561895
0.8456784115441685
0.8456945589572269
0.8454363852761535
0.8454601458300225
0.8454431830890412
0.8453765003152917
0.8453098672676971
0.8453675229265611
0.8454251356229372
0.8454827054048281
0.8455402323201651
0.8455977164168081
0.8455621517901649
0.8456195849802765
0.8453052282572354
0.845362714237073
0.8452609556401901
0.8453184153670226
0.8452521006867328
0.8449429903958461
0.8450004827983689
0.8449343842749695
0.8448992103645304
0.8449037450485223
0.8447143446739518
0.8447101326046178
0.8446935916750564
0.8446277533152159
0.8446851922234173
0.8446897959428997
0.8447471694944538
0.8446814085997612
0.8447387428896836
0.8444270311764402
0.8441616578709528
0.8440962098653465
0.8441253218127154
0.843870981662396
0.8439284877464983
0.8439859514844414
0.8440433729229823
0.8440394325110656
0.8440967920430587
0.8441541093989251
0.8440888806437864
0.8441461587919702
0.8440809808661071
0.8440029698405939
0.8439868219617533
0.8438328438261263
0.8438901108434251
0.8439473358761072
0.8440045189703262
0.8440616601721687
0.8440664500648711
0.8441235267668972
0.84399761256025
0.8438717904634832
0.8439288757320523
0.8439859192716239
0.8439211332823637
0.8437457188303382
0.8436623449334979
0.8437194024718434
0.843776418377545
0.8438333926961528
0.8438903254731501
0.8439472167539543
0.8438826336755983
0.8438874625989293
0.843944292790921
0.8440010816217831
0.8440578291366533
0.8441145353806037
0.8441712003986405
0.8441404309475095
0.8441243973728828
0.8441809970833501
0.8442375557050985
0.8442940732828542
0.8441329220049134
0.8441894365364563
0.8442459101005967
0.8443023427418647
0.8442380053003307
0.8439323434591647
0.8437213182046436
0.8437778589722975
0.8438343588424703
0.8438506475373533
0.8439070802632161
0.843963472213988
0.8440198234338459
0.8440761339669022
0.8441324038572064
0.8441886331487443
0.8442448218854378
0.844300970111146
0.8443570778696645
0.8444131452047259
0.8444691721599996
0.8445251587790925
0.8445811051055484
0.8446370111828486
0.8446928770544118
0.8447087634713184
0.8447645634125791
0.8448203232676752
0.8448760430797874
0.8449317228920343
0.8446842826317101
0.8447399713077116
0.8444929344239368
0.8444769985591719
0.8445326816961002
0.844588324973947
0.8446439284354947
0.8446100786756824
0.844572942695012
0.8446284920364363
0.8446840016855837
0.8447037573992675
0.8447592005419311
0.844814604110617
0.8448034534570042
0.8448588017260995
0.8449141105311883
0.8449693799144629
0.845024609918056
0.8450798005840395
0.8451349519544261
0.8451900640711683
0.845245136976159
0.8453001707112315
0.8453551653181596
0.8454101208386577
0.8454650373143812
0.8455199147869258
0.8454860064039698
0.8455408374875738
0.8455956296700897
0.8456503829929017
0.8453506132718833
0.8454054146137431
0.845460177130706
0.8455149008640166
0.8455213155411042
0.845575978911401
0.8455800704848823
0.8456346744203543
0.8455590096175788
0.8456135824056998
0.8456681166401026
0.8457226123616279
0.8457770696110591
0.8458314884291215
0.8458858688564834
0.8459402109337554
0.8459945147014911
0.8460487802001869
0.8461030074702819
0.8461301109616928
0.8461842714294993
0.8462383937829724
0.8462924780623312
0.8463465243077383
0.8464005325592997
0.8463373794089508
0.846391352932165
0.8464257816862073
0.8462690860801398
0.8463230267516907
0.8460626174486898
0.8461165926880135
0.8461705300898054
0.8461854979800643
0.8462264007699006
0.8462802430665499
0.8463340476717068
0.8463878146249357
0.8463736776311019
0.8463885430895836
0.8463257252369366
0.8463095387501313
0.8463632203642597
0.8464168644912275
0.8463541244570828
0.8464077343229387
0.8464225516074053
0.8463727891081363
0.8463238206744774
0.8463773663815595
0.8464308747875569
0.8463880382208896
0.8463254829227502
0.8463093641047535
0.8463628217172389
0.8464162421547502
0.846469625456052
0.8464534789565885
0.8465068122393407
0.8465601084850909
0.8464606429840548
0.8464147807603565
0.8461545445707601
0.8460975624754922
0.8461509082077363
0.8462042169713512
0.8462574888047522
0.8463107237463017
0.8463639218343092
0.8459167658870008
0.845970045013596
0.8460232873070582
0.8458461311377515
0.8458993794516936
0.8456936130913857
0.845746877291216
0.8456620785067815
0.8457153168377554
0.8457685184526389
0.8458216833894012
0.8458748116859589
0.845813079634626
0.84575139009848
0.8456897430336153
0.8457428436038033
0.8457959076410912
0.845848935183168
0.8459019262676701
0.8456642746522337
0.845545571261213
0.8455985937221601
0.845651579791576
0.8457045295069133
0.8456431310628666
0.8455246383885221
0.8455775771690606
0.8456304796777385
0.8456833459518215
0.8457361760285241
0.8457889699450098
0.8458417277383917
0.8458944494457314
0.8459160550729606
0.8459687153412201
0.8459530102796071
0.8459373159454953
0.8458761105343383
0.8458962080750303
0.8459325385916818
0.845948802057809
0.8459287365863244
0.8459812489460428
0.8460337255222111
0.8460861663513929
0.8461007399715963
0.8459489017347102
0.8460013178960798
0.8459856711893124
0.8458618840555668
0.8458717882418159
0.845924159363718
0.8459764949074124
0.8457818432190661
0.8458341915411234
0.8457168402715133
0.8456843718725067
0.8457366999932688
0.8457211960271694
0.8457734762047272
0.8457353867254346
0.8457516012985978
0.8457312772242632
0.8457834832218185
0.8458356538973185
0.8458877892865991
0.8457950038850244
0.845847117773539
0.8458991964499669
0.8459512399499838
0.8458971423962243
0.8458045104114225
0.845819046301597
0.8458035929976168
0.8458555809972804
0.845907533952792
0.8459594518995733
0.8460113348729988
0.8460631829083952
0.8460028003717941
0.8460546163878198
0.846106397546115
0.8461581438818427
0.8462098554301177
0.8462615322260081
0.8463131743045348
0.8463647817006716
0.8464163544493455
0.8461323221156376
0.8461839382437437
0.8462355197533871
0.8462870666793832
0.8463385790565014
0.846390056919464
0.8463298682422192
0.8463813145534873
0.8463211690890005
0.8463725838868964
0.8464239642936231
0.8464753103436754
0.8465266220715018
0.8465778995115045
0.8465987789402218
0.846649998045751
0.8467011829596209
0.8467523337160574
0.8468034503492409
0.8468545328933058
0.8468262163029763
0.8468772572172372
0.8469086693469411
0.846959648811028
0.8469273719638871
0.8469117555339492
0.8469626830936517
0.8470135767806841
0.8470644366288289
0.8470278057443604
0.8470786270713557
0.8467972990650218
0.84680073384526
0.8468294535928499
0.8468802732830978
0.846913602685343
0.8469643607746383
0.8470150852158798
0.847040287945456
0.846954562541737
0.8470052398389085
0.8467945549914907
0.8468251095513157
0.8467708924556216
0.8467113341798977
0.8467620081190118
0.8467982803367949
0.8467905932312211
0.8468411907895992
0.846891754939223
0.8469092824128404
0.8469597907327305
0.8470102657357871
0.8470607074549642
0.8470287164505295
0.847079118850381
0.8471294880470706
0.8471798240733969
0.8472301269621153
0.8472145856238587
0.8472648439838508
0.8472054562241279
0.8471401844267659
0.8471904176885382
0.8472406179455394
0.8472907852302863
0.8473409195752534
0.8473910210128722
0.8474410895755321
0.8473817998336793
0.8473006910468486
0.8473507399845586
0.8474007561247996
0.8474507394997997
0.8475006901417447
0.8475506080827785
0.8474914183113726
0.8475049601728634
0.8475081118723303
0.8475579621136273
0.8476077797730673
0.8475486680079231
0.8474895948526843
0.8475393860394773
0.8475238705740599
0.8475373665017318
0.8473230608344045
0.847372841381899
0.8474225894779284
0.8473731367521007
0.8473866597983993
0.8473278125196197
0.847347917694285
0.8473975929569942
0.8473387995522152
0.847112961581115
0.847162648626425
0.8471401064331668
0.8471247962329613
0.8471280488501398
0.8471370952477866
0.8471187826518004
0.8469718614066788
0.8470214814256779
0.8469630195732438
0.8469045956092429
0.8466302500972218
0.846679916467009
0.8467295506798718
0.8467791527670303
0.8468287227596648
0.8468211874068203
0.8468707117561878
0.846920204092401
0.8469465857481293
0.8469960216054458
0.8470454255377656
0.846998833309607
0.8468613869715202
0.8468814610109137
0.8468564204782533
0.846744603450375
0.8467939928788474
0.8467359621680831
0.8466779688361985
0.8467273320142937
0.8467306842914513
0.846779998743095
0.8466744144779857
0.8465978939756372
0.8466472035564873
0.8466717632349964
0.8467210174067809
0.8467702399445436
0.8467665470332759
0.8468157233660637
0.8466907080095597
0.8465903529985829
0.8466395385218279
0.8466886925158914
0.8467378150110801
0.8467068291638633
0.8467559143930775
0.8468049681976892
0.846853990607866
0.8469029816537368
0.8468785457156571
0.846820933222355
0.8468698878617854
0.8467979558996704
0.8468468866068248
0.8468957860683168
0.8469127360248863
0.8468865053759801
0.846833272040932
0.8468405207479952
0.846757583593363
0.8467426831524474
0.8466853158327641
0.8467341421653014
0.846782937408165
0.8468009014021317
0.8468496443542787
0.8468399359847678
0.846888635528175
0.8469373041119231
0.8468951523515716
0.8468877299435073
0.8469151817070479
0.8469637800620616
0.8470123475707693
0.8470608842625299
0.8471093901666648
0.8471578653124585
0.8472063097291582
0.8472547234459741
0.8472239173884999
0.8472550227172099
0.8473033750367043
0.8473516967534648
0.8473999878965355
0.8474482484949237
0.8474964785776
0.8473550447980243
0.8474032738518006
0.8474514724387078
0.8474996405876062
0.8475477783273196
0.8475958856866358
0.8476439626943056
0.8476920093790441
0.8477228298506947
0.8477708213950216
0.8478187826989299
0.8478667137909932
0.8479146146997492
0.8478766411752207
0.847924508814876
0.8479723463396275
0.8480201537778855
0.8480679311580245
0.8481156785083834
0.8481633958572654
0.8481063931156855
0.8480912890676114
0.848138969140095
0.8481866192909766
0.8482342395484136
0.8482818299405276
0.8483293904954052
0.8483769212410976
0.8484244222056211
0.8484718934169566
0.8485193349030503
0.848566746691813
0.848614128811121
0.8486614812888154
0.8487088041527026
0.8487560974305541
0.848803361150107
0.8488505953390636
0.8488978000250914
0.8489449752358235
0.8489921209988585
0.8490392373417606
0.8490863242920594
0.8491333818772506
0.8491804101247951
0.8492274090621198
0.8492743787166176
0.849321319115647
0.8493682302865325
0.8494151122565647
0.8494619650530002
0.8495087887030615
0.8494519348093934
0.8494987324672083
0.8495455010400899
0.8495922405551442
0.8496389510394439
0.8496856325200277
0.8497322850239011
0.8497789085780357
0.8498255032093701
0.849872068944809
0.8498566095310011
