1.2813196182250977
1.8770057360331218
2.8054489493370056
2.795758533477783
2.800097028414408
2.8778042452675954
2.935644179582596
2.9097254276275635
3.1887850761413574
3.140338984402743
3.103991429011027
3.102437367806068
3.10253267628806
3.1042853196461997
3.13596111536026
3.1384014943066765
3.146901157167223
3.080485557254992
3.0569408774375915
3.069642032895769
3.058251131664623
3.131307715954988
3.106349468231201
3.2075991153717043
3.2176465621361365
3.202795152310972
3.1918730224881853
3.197676716179683
3.0784674844434186
3.067019097507
3.070797486738725
3.0418205191107357
3.0326960563659666
3.0239178803231983
3.023452172408233
3.0241735734437643
3.0126589078169603
3.0042045652866363
3.0050943421154486
2.9361719308897505
2.936063836921345
2.9293188836839463
2.9228992980459463
2.9248431185458568
2.931416337688764
2.9285271459696243
2.9296263360977175
2.8058096237902372
2.804985602696737
2.7833300850608134
2.7806594456945146
2.7865280728591117
2.7849524925495017
2.7844546972695046
2.7854221860567727
2.8062665462493896
2.809545536195078
2.8053332964579263
2.796809244900942
2.801962617727426
2.806413657737501
2.8091390844601305
2.811279090011821
2.8136622560197027
2.8128975459507535
2.7766443689664206
2.7779767023373956
2.780300092052769
2.7809276898701984
2.780398855083867
2.782682904949436
2.8103533066236057
2.808132183702686
2.8090967357158663
2.8110756197093445
2.7743246354252458
2.779447547027043
2.7800475316889144
2.7826194319614146
2.8204732735951743
2.8190702199935913
2.810514155398594
2.781426888245803
2.7825221082438594
2.7848602212885374
2.7830411322573396
2.7711562357450785
2.7666297256946564
2.764792956027788
2.7730973691356424
2.8070815645083034
2.8154246520996096
2.8171032796991935
2.818908516098471
2.8209972983425105
2.819256612887749
2.8208701474325997
2.8228498517342335
2.82506474156246
2.8230877783563404
2.821878601651673
2.800435888874638
2.7998396243367876
2.7983420950121585
2.79708100620069
2.7985554031703783
2.7929916587369195
2.8141025070451264
2.824630444332705
2.825323040745839
2.8195716122786205
2.815582218248982
2.8146855127616006
2.8132808421685445
2.8130309658665813
2.8119190196990966
2.7983417586674766
2.800093464964018
2.820426620543003
2.8222780320071434
2.8476297360200147
2.847064447766952
2.8457078753095684
2.844361156449282
2.863025775596277
2.86174302454348
2.861835199243882
2.885538263042478
2.9046061643655747
2.8982508765707773
2.898566331182207
2.896897058960394
2.8953654715712642
2.8967196357833758
2.9188963125149407
2.9364653488685346
2.9378821653862524
2.9368518031373316
2.9348606998856
2.950942369115433
2.949526664415995
2.944010911398376
2.9446583296123303
2.9434800631080575
2.9640616704891256
2.9600563018552717
2.95843772093455
2.956588110346703
2.955677898624275
2.9374764993786813
2.933088721695894
2.930541459424996
2.927699969590076
2.9335010386094815
2.9321670301032787
2.9312400257731057
2.9357741293079127
2.9338097146579196
2.9323520730938433
2.935269271626192
2.9281731348985818
2.9678735178570417
2.967657497163453
2.9689465706375824
2.9876188128335137
3.0001370947469366
3.0012297253150724
3.002499110243294
3.013792401585499
3.0119018726878695
3.0104439943534893
3.0106710614738885
3.0079213361271093
3.008919079666552
3.006843044951155
3.0068645246567263
3.004939734617019
3.0030842119074883
3.0014587798446573
3.003753483922858
3.016303923741685
3.01506574327747
3.0147304151959986
3.0271751143268704
3.025125223551041
3.0359169305587304
3.0354382822356247
3.0335994958877563
3.0330416581139494
3.0480610966682433
3.063972985566552
3.062106792289432
3.0599716261689887
3.0588524259772956
3.073267782025221
3.0719019868998854
3.0705954164698506
3.069052959863956
3.0660614168815066
3.064089686529977
3.062307915981347
3.0602741308932035
3.0564414884003117
3.0545514576903012
3.0537675813187
3.0479785899321237
3.0459295110219085
3.0446488901015814
3.0445797138562485
3.0416575236753984
3.0398840019605817
3.038988341082324
3.037304483721609
3.0370639456169948
3.0384876908196343
3.0381520849413577
3.033342795224967
3.0313570719016227
3.029568700290663
3.0307186365127565
3.0272262684710616
3.0254951335232834
3.0237500555013894
3.0235160375252748
3.0211227761938217
3.0195219567266562
3.0163096184468974
3.0136607765149668
3.013767098781953
3.0219640811284383
3.020547707545807
3.0337626589231252
3.0337103659233438
3.0317602607070424
3.0190887373637376
3.018902270900093
3.0314203750702644
3.03112636321041
3.031130980491638
3.030960864754787
3.0414079503407554
3.0385654566316265
3.0371425386488906
3.035518512538835
3.0339643601328135
3.030931223227356
3.0306002594703854
3.018978162912222
3.0187464746935615
3.0186493824456484
3.0173078843395973
3.0153431449875687
3.0124378843127557
3.0120715619926166
3.0106493158733354
3.0104703983264183
3.009109945545409
3.007818563779195
3.0062830166623162
3.004359879037913
3.002945687744644
3.0028509388874918
3.0027907267483798
3.001426524874093
3.003326638080583
3.0020224799355155
3.000707958761509
2.9977080651691983
3.008666642620046
3.0075322846148875
3.0062388666105777
3.0061933129606113
3.0047893565997743
3.0046145107362654
3.002159578874967
3.0028895454274283
3.0015401485469515
3.0002420104783156
2.999104376101412
2.9957366324450874
3.010261438812412
3.0095272858937583
3.0081388328034997
3.005113446229213
3.0169051407964944
3.0258896374862467
3.028643033974944
3.0292676369349163
3.0260521985367683
3.02810246818113
3.0266152907519452
3.0239010186571824
3.0226921972681264
3.021518595857558
3.0208818291219903
3.017298840083085
3.0172857744408272
3.016114454115591
3.014012184173731
3.00998149621181
3.010194377015574
3.0117850531438353
3.0117901991284084
3.010600486133672
3.0095075357599588
3.009178270333968
3.0078114813024346
3.011579371243715
3.019614495220957
3.0156057613976994
3.016284702732098
3.0153453666486856
3.0142721719008225
3.013081164447808
3.012048603926959
3.0082609951496124
3.0174965423653552
3.017578367030982
3.016328797959849
3.016359466386129
3.0163042402124263
3.0151276788311803
3.0152726301506383
3.009643622807094
3.0161526797433282
3.015301456818214
3.023358272591875
3.023229438417098
3.0211198637562413
3.0205418756830764
3.0204184903347806
3.018894989823186
3.0206361114114957
3.018569119403817
3.016678376568841
3.016617253594015
3.016310980121864
3.014150859969003
3.012843581685993
3.0119246406988665
3.0114466637457395
3.017916766263671
3.016156885657512
3.0120371251963496
3.0111786985263773
3.0101228146579677
3.009119424979335
3.0073372582594553
3.006447406356685
3.006547371985504
3.005464852020432
3.0053490000766714
3.0043431295107488
3.013872560256166
3.01396219866802
3.0129068603982097
3.012871324208371
3.0079828442753973
3.007907003083962
3.0146498801887676
3.0149225491940497
3.013748983010889
3.0128327725728354
3.007094846163884
3.007473449227671
3.006460189819336
3.0063716411590575
3.006262237944315
3.0043740316211243
3.0125285060225204
3.0105569368849197
3.0183691061936417
3.0250604838287276
3.0291342907789756
3.0347113461838555
3.0343154022197183
3.0403335265624216
3.03851075611456
3.0365494945827796
3.035669105350213
3.031366455373425
3.0348548297640643
3.032713639013695
3.032610653029281
3.0396498531552414
3.0375758298955167
3.0361427098512648
3.0352010940970326
3.0349775801843673
3.0400295281232736
3.037937778647583
3.034432696118767
3.0409735206312734
3.0334607082254745
3.0327261298676285
3.0308707574518716
3.034311905974599
3.0318804956176906
3.029185557192232
3.0290457563123843
3.034580799470465
3.03966872050212
3.041866396256774
3.0403260043933633
3.0408805503481044
3.039644080116635
3.037839760147565
3.0364944760117405
3.0365713300570003
3.0356592206393973
3.035887212260788
3.0344695419561667
3.03269331310397
3.0379518773450163
3.036984474714412
3.036065893770647
3.034540134999487
3.0336665947497856
3.0325480314993087
3.0306814517097913
3.0315079300775443
3.030629861818571
3.0288275654457477
3.027035697446054
3.0266682066700676
3.033952091286242
3.037430124045497
3.0356434855450356
3.035577780491597
3.0347329220075285
3.03703087167355
3.0362214684753077
3.0343906501574174
3.0433539595529604
3.049851410653856
3.0489270274760716
3.045434575692742
3.051353622482839
3.0481148569594394
3.0546997725308596
3.052209358466299
3.0574199073424224
3.0572321409741865
3.0636470530807065
3.065788454076518
3.0709022792973384
3.070019442797739
3.0690656609463125
3.0666166559375565
3.0715197727244385
3.078173157994839
3.080822079288883
3.0871590482882962
3.0873159543791813
3.0855505557770426
3.088681976253566
3.088010871814469
3.0858171505353416
3.091039422192151
3.0972771985907306
3.10340441775923
3.101832095931911
3.1016163431949697
3.1011317059988768
3.099428439637025
3.1042130380063444
3.102418392525669
3.101245167339317
3.100832751467208
3.1015372713816536
3.0998447186662337
3.0989803577595425
3.0971268478964196
3.095309016163364
3.101409569565131
3.1004068569835965
3.098648330545038
3.10111258866579
3.100924337923768
3.0991908097507976
3.104946459974012
3.1026219376615836
3.110385795673692
3.1159280684285746
3.1142190165519716
3.115115597814381
3.1195678345235693
3.117901246542959
3.117642153350134
3.116409131323937
3.1155553363528647
3.1127995513600006
3.112587565512169
3.111657107977127
3.1079541585024666
3.1070161938900585
3.1067932145670056
3.107477868044818
3.106622293765443
3.105718859885503
3.104071137979049
3.101430480208111
3.101187049191891
3.1069991519685427
3.105976120325235
3.1043129722353595
3.1037703898674684
3.1032909535541133
3.1032153254246895
3.08992697614612
3.091769652916488
3.090285189646595
3.08951389946731
3.089106453988785
3.0882112241820145
3.084134415154145
3.0826853460340358
3.0811315302076285
3.08026842955763
3.0793180187027174
3.079310088687473
3.0787419492788546
3.0784995630658423
3.077665093634449
3.076824232497636
3.0760339837555493
3.0763102507853244
3.0755326560472005
3.0691863053049113
3.0682462653246794
3.068012454765029
3.0672274115292923
3.0726147068775584
3.0729898412305094
3.0722541418161478
3.070338905286446
3.070168156598158
3.0695202136979733
3.0695276213459977
3.068203696182796
3.0680956504774177
3.068438183370434
3.066212086228664
3.0651922259770386
3.070288640418939
3.0754082198699035
3.0808914128224476
3.0860165504502577
3.0907947803423568
3.0959020091776264
3.101124673298904
3.101035825856082
3.100783684698907
3.105829531722783
3.110036671679953
3.109248443196217
3.1183000689362737
3.123350265529329
3.127712533881627
3.1275797091681383
3.127112845340407
3.1278229726548865
3.132444537933245
3.13531268949378
3.13511063624651
3.1401179276228763
3.14386003183953
3.1430853414697713
3.1427956550352034
3.147613959393259
3.1534891362521047
3.1584792564044126
3.1583697249073204
3.162897146510757
3.1667935347356715
3.169978209389936
3.169157019012937
3.1730576933028307
3.1722490871091917
3.176978524128596
3.181710237274551
3.1851517809585874
3.189871617217562
3.1888223519388412
3.1930514296224293
3.1874595631091953
3.1866466932390867
3.185777364693252
3.185075750898142
3.184229519480379
3.178318933794977
3.177394365643057
3.1770343028432952
3.180092561167556
3.1847089360946583
3.184425008721336
3.1834291506660968
3.1828995489305068
3.190646879914878
3.1913355565914387
3.195841491126708
3.1950190487580423
3.1947596446990967
3.1978847253055998
3.201769391885785
3.2009101449304325
3.200963217427507
3.2006573188872562
3.206786507094152
3.2064450496359718
3.206100768952573
3.205155508751373
3.2049203463426723
3.207996301306119
3.2076865537574566
3.2070694347160362
3.206098431526029
3.210883690789342
3.2107373552277756
3.21000248286583
3.2078831240326213
3.2079897656203795
3.207805752939032
3.2122538886941254
3.213564630269636
3.2113700505392053
3.211053050721555
3.2101654881697437
3.204642731719222
3.204334620129642
3.2034479365071755
3.206366937215092
3.2100920321010964
3.212686218264622
3.211771514640391
3.2116543425413835
3.215921520464348
3.2150557427110544
3.214903583339334
3.214030822837335
3.2125280937516547
3.211924871166905
3.2143238784669936
3.213385652282281
3.2148949276706027
3.218931159332617
3.2224364465466198
3.223751868520464
3.2271370692912043
3.230086618078215
3.224560515767724
3.2286995105236285
3.2279377897932116
3.226548588153013
3.2253287746625787
3.2251838107816275
3.227884574719538
3.227785237188046
3.2265271725710374
3.2292508208838693
3.228344721627305
3.232494537139737
3.2336974241012753
3.2336416517875017
3.2334443237470545
3.23285992859759
3.233995007986278
3.2366138106644757
3.2356989651660752
3.234076749661873
3.233196029020006
3.235983858818994
3.238241432391864
3.237449254308428
3.2365742362344827
3.236205582944756
3.238108220514159
3.2376975457776678
3.236889067101986
3.2409631537310464
3.2421339509173532
3.2458714196237466
3.24613755579896
3.2452602826373678
3.2491831957204096
3.2482987103167544
3.252022895371596
3.253346612473496
3.256419360887754
3.257363929428868
3.2570298246758753
3.256114889652284
3.255248915668323
3.25813843342993
3.257751826935767
3.258047285832857
3.258554437843101
3.257571630385699
3.2561508882456813
3.2558010350245747
3.259724202149508
3.2598665222361847
3.2590308899087996
3.258603058122609
3.2577783647216294
3.2574254873671817
3.2566164183909376
3.2562708403174168
3.2592210396617447
3.258799299273802
3.2579824248356606
3.260322265185638
3.2600584165653133
3.259130447297483
3.2584432104499395
3.2579837282391573
3.256384222857243
3.2567245758348897
3.261278869321682
3.262718789059739
3.261919753139756
3.2615754378033195
3.2608532065224742
3.2598717387517295
3.259165773061557
3.2589189600437245
3.2582691801813337
3.257258346921885
3.2566965365251956
3.25636625699896
3.2573429788592
3.256480374877245
3.2555651290928735
3.255417032304563
3.255837515055272
3.2551638085072434
3.2588867581843703
3.258053309942415
3.257242088691861
3.2570686782309033
3.257318513489764
3.260823644697666
3.2604918876767
3.2593429305336694
3.2582394668564256
3.2574820070686736
3.261030001597139
3.2601181428869874
3.2593765898673763
3.2586912119511475
3.258578836534321
3.253751344338002
3.253853667088044
3.252840990598925
3.2521057528303103
3.251927125195129
3.2515947782263463
3.2516843555839197
3.251332656117796
3.2505729895231834
3.250187349500995
3.2498951740893425
3.249586536612692
3.249239070376313
3.2474554174334225
3.246898294095729
3.2496141349744496
3.2488362609441555
3.248634283635368
3.2480030146457795
3.247256870711402
3.2467457327246665
3.245984065845218
3.2466970271897733
3.246055475949944
3.2457203595199395
3.2461166159706827
3.249541436176442
3.2488544501336536
3.248083045281986
3.2473190429036785
3.246234694527991
3.2454506301409514
3.2445841596044342
3.2439536294667337
3.2446333667862914
3.2437377654701653
3.243732254294788
3.2459475462994054
3.2454497901618042
3.244726854948479
3.2436493638085158
3.2429995957884516
3.2422362893747296
3.2420314056470647
3.242902352682595
3.242252972053759
3.241563681540131
3.241212263360998
3.2405243642664185
3.2401178167870017
3.2399021249219597
3.2391308317976306
3.2388046584450283
3.237442775934684
3.236618936204796
3.231522323697378
3.2307706557151947
3.229298910832917
3.2289983476018165
3.227573834146772
3.2273368568964718
3.2264242577156375
3.225433870283876
3.2246864649921796
3.224129490598419
3.223355772365633
3.2230254334288757
3.2223490524404452
3.225674033867035
3.225442999671487
3.225239846737208
3.224624256852647
3.2246950268046657
3.2236015235512263
3.226434824480648
3.2258853196540724
3.225249210622514
3.224559929543164
3.2238066535057093
3.2230743374935416
3.222399293753328
3.220872968642728
3.2197379803464146
3.219131211163821
3.2180173380526504
3.220684045456849
3.220592559002675
3.219956715810134
3.219629813941631
3.2194223379266673
3.218414960580907
3.218454759055321
3.222245106036174
3.2216798539019833
3.2210462218693325
3.220292463150199
3.220055241405352
3.2232248867291253
3.222868632402301
3.22189450209791
3.2176564104703007
3.216509980226562
3.2159221547221706
3.2156015565839864
3.2148951065997777
3.2173986695664847
3.218335342299831
3.2176731474890348
3.217069716667861
3.2166025341560545
3.216354014093031
3.2159985521472447
3.216445504685643
3.2158324753105973
3.2152311142001833
3.2149410657127833
3.214691538322211
3.214381214243684
3.2137987332873874
3.2137877999347007
3.21343974342896
3.2128145042579965
3.211493783819992
3.2109995786656333
3.2134801670415514
3.212057310270501
3.211458372912218
3.2111332673575355
3.2135113684685677
3.2130926657717525
3.2130040641416584
3.212420874853646
3.2117734928360653
3.211670730153068
3.2116137144346943
3.207851231487748
3.20724685485267
3.2069161404734072
3.2061975287044993
3.206083897654767
3.2048784712670555
3.204613837586853
3.204143936054127
3.2028030350192833
3.2023446161255738
3.201876570695433
3.201633144117916
3.201311533938172
3.2010796999700855
3.2027340968790994
3.2052675522664225
3.205079256850085
3.204748184795686
3.2044922289175863
3.2038817884064534
3.2036950667021373
3.2033967065354125
3.203735850212422
3.2034625459806825
3.202892943299247
3.202188057459551
3.201605807926695
3.2015331356613723
3.200097842397952
3.1995634317649833
3.198933175093011
3.1979816733723068
3.1976748433866
3.1970830374837047
3.1963608154729637
3.1962146849096884
3.1956812470714
3.1946834833834186
3.1940377372079314
3.196365208710498
3.1955434770823024
3.195169925192474
3.2021868767837685
3.2016250070002275
3.2010937093944904
3.2040390881670104
3.2035406563291904
3.2035094490940708
3.203222958444315
3.2025832885793473
3.202409375058718
3.2047320787628615
3.2046041658244184
3.204317282206244
3.2039581591209756
3.202975440980964
3.2027270607879763
3.2017158779731165
3.2011870260609956
3.2010034428892262
3.202832798041205
3.2026367392067523
3.2025480367699446
3.20334506885478
3.2030224098450297
3.202730829572629
3.20211244380571
3.2008925515383027
3.200258452558614
3.2000338007009983
3.201020085859878
3.199605643809505
3.201716138618161
3.201446885658441
3.2011960857818202
3.200965263332125
3.203297079209111
3.206473397010535
3.20594664701975
3.2053932942741494
3.2054666739427495
3.204862449023578
3.2046264200210572
3.2041996971115125
3.203439622434044
3.2056145328449537
3.204153693611942
3.2066152937132606
3.206396036375362
3.2061009286415008
3.2060926473294304
3.205894426071998
3.208379958668755
3.2113063669958604
3.2114808557064136
3.2108358022494192
3.210595357124441
3.2100612814501512
3.210434913635254
3.2133235863477636
3.2160675972553885
3.2158589853959927
3.2148715109362773
3.2143065224888274
3.2171396398124807
3.2189352102577686
3.220673532020755
3.2204586190786975
3.220198467620508
3.219615483794231
3.2191398252666983
3.2192113915693414
3.2180672117394225
3.2178289656953294
3.21735963147469
3.2170234277585026
3.2168135251399974
3.2158940540317404
3.2159534038665094
3.215633452742545
3.2150908188824476
3.2178860464921364
3.21772267907772
3.2173331813482773
3.217154706770256
3.2198258556168655
3.2195669548363206
3.219354626097597
3.2218908070379366
3.221354605587384
3.2233715889224333
3.2229034099124725
3.2223443227308803
3.224865270431504
3.2261326025467425
3.2255035288193645
3.2251665375243994
3.2262559329921547
3.2230921943156163
3.2225733721897893
3.2194712600204656
3.2221418154441706
3.2219504774009295
3.224487225139948
3.2239804446977067
3.224759212577992
3.224206380567041
3.2253400888782315
3.2250053909362424
3.2246416661363133
3.227345503088254
3.2276195626556596
3.227181492349067
3.2266210600387217
3.227649373414348
3.2241754618115683
3.22397056920756
3.2255372482317464
3.2250222070254626
3.2247989757224063
3.2267160424455272
3.2261470017397977
3.2278770681899815
3.227672389857677
3.227573012472186
3.228314762825475
3.2277948768780362
3.227575284187947
3.2273003073813826
3.2272736934515147
3.2291825094685462
3.2289790963342027
3.2284086793525035
3.228190172110161
3.2280723307495673
3.2276672281202723
3.230201130893905
3.230000597780401
3.2306141649778057
3.23235899026078
3.231843720969566
3.2343557993139047
3.2341646846063536
3.2336777931527245
3.2331066278045846
3.2328713837513425
3.235301503627767
3.2359760174880154
3.2352291694318356
3.237694236228792
3.2370437078398835
3.236467937503695
3.2357733971756417
3.237975384149577
3.237802801063961
3.2373057975632684
3.236650862438338
3.235970861884125
3.234090693919204
3.233741745180247
3.233271233763983
3.235688593334622
3.234802623836863
3.2341317610076388
3.2343597972223943
3.2313077407600606
3.231436634780452
3.231282105926069
3.2310109881310995
3.2304853015896295
3.2305623230955147
3.2303667072678954
3.2297084824286117
3.229172784121468
3.231616503947445
3.232382985792662
3.232358910554757
3.2342683657247004
3.2360498414994954
3.235788873650811
3.2382302165551997
3.2405861928200848
3.2397542149478076
3.242192784668261
3.2415874593666683
3.2407457370343415
3.2421248290561575
3.241880801609821
3.2425529950614194
3.242013620545174
3.2411390618328406
3.243573923218209
3.2459246757840328
3.245009002084353
3.244495057360276
3.240740072306223
3.2347784988658943
3.23425208836666
3.2366335488101834
3.2360942380083046
3.2358957937318986
3.233456006824461
3.2336371462127267
3.233121819667035
3.2327293882183
3.2319185717548584
3.23105914744925
3.233340714050799
3.2328937776836177
3.229843366338198
3.229000468375319
3.2289685403563833
3.2283226338336513
3.2279220128784307
3.227873258751656
3.2265865370555833
3.2261379279302966
3.225672745744789
3.2254750231316955
3.2250171222606627
3.22466421107301
3.2253119853518952
3.2251473108660944
3.2222591242530854
3.2218724535061765
3.221393403154467
3.220888136424286
3.2200896119554407
3.2199391919374465
3.2194692725245897
3.2190079304223844
3.218776492208416
3.217961876297314
3.217516049903458
3.2173167401878393
3.218071112873738
3.217603380119564
3.217145320893912
3.213969864006578
3.213727528505986
3.213082031091185
3.2166694793512636
3.2159234135239214
3.2179791270510147
3.2176074004114508
3.2171071084653606
3.2166243915776915
3.215967233454595
3.2154389978138567
3.2149564318493034
3.214463115810666
3.213468644159292
3.215275688366014
3.2172710771078386
3.2170366720154506
3.216579665190234
3.213293635748266
3.21281876261887
3.212619604615422
3.212123994989697
3.2127618190728287
3.212302457948445
3.2115404735105324
3.213799632164193
3.2136122837590477
3.213447322568362
3.2129570026551524
3.2124811310041923
3.2095347651529966
3.209363219439025
3.2091990045754306
3.2102647753818077
3.209218919802974
3.209078059746669
3.2080481361636553
3.2075986043930054
3.206846602910238
3.2068485988976474
3.206093272683341
3.205144897032012
3.20486445084986
3.2044143819125597
3.20368290175117
3.202501108004424
3.202080270206049
3.2061789368298466
3.204831893917878
3.2052649038879175
3.2048193458511895
3.2040975451657747
3.203320898403779
3.2025159446975033
3.204238114533601
3.2038669576795082
3.1965876529504964
3.1964896147858863
3.196069615201143
3.1983161084616474
3.1982138934829427
3.1980167529469266
3.197855369374156
3.1967519572896013
3.196530839954263
3.1940032858343512
3.193585497674311
3.194219381590468
3.1937746468123858
3.195290877952339
3.1944162547819555
3.1939525940621545
3.193806865619745
3.193194260538178
3.1927931620368457
3.1941603447959817
3.193752328585474
3.1947029887894054
3.194477718613565
3.1960518815668046
3.195118208313282
3.1950800706790043
3.1945606830209883
3.1944078203353645
3.1942149242436253
3.193955601907215
3.196360963879874
3.198024094196045
3.2002225898109327
3.2001904566353616
3.2023509514067716
3.2023122077679815
3.203914136944792
3.2032241570513422
3.2032078728817477
3.205080460377117
3.208865815514394
3.2110465105543744
3.210900241711326
3.2079348282166915
3.2095343248410657
3.2093430271119803
3.211072124078667
3.212546168901843
3.211477366639048
3.2110805450295503
3.2115546430757504
3.2110726387768467
3.2103690040039727
3.209980224648125
3.2098424095856517
3.2100721831432777
3.210613230685214
3.2104429138037647
3.2103306012175072
3.2095682306682574
3.2091145499380764
3.2112769251361923
3.2108648808725926
3.213088260647786
3.212773347612637
3.2123565024888667
3.21191128106835
3.2136515678084794
3.213259940346082
3.212920743736636
3.212756179948441
3.2123477273104184
3.2119434426375597
3.2117190102986535
3.211311060057746
3.2108690452787454
3.210896845576326
3.210464348726068
3.210017897177658
3.209621055539684
3.2090654093607336
3.208364231409004
3.2080065131363007
3.207602800210668
3.2093147379510545
3.2091436449172828
3.208943546255955
3.2085584876997366
3.207907583007365
3.2075029713766914
3.207071030297007
3.205982109710258
3.205558661480396
3.205383351112126
3.2057147487236635
3.2054947547717827
3.205320687405222
3.2049927199225485
3.2046683209431746
3.2043384983756327
3.2036396297951075
3.2033025582977714
3.203745434522975
3.203043758739502
3.2026087424029477
3.2032837992039043
3.2028671095926753
3.20247263487749
3.2019806051185364
3.2012459667150726
3.2013513436393133
3.2006935884218555
3.200555914932438
3.2002189063270627
3.199824216726015
3.1994025323306974
3.1990944845923064
3.1986066872322207
3.1977635115769876
3.1968957287436317
3.193917759674826
3.193551247553082
3.193403658311311
3.1930166820117405
3.1925353653340744
3.1924203132596745
3.192031882273157
3.1916506810066028
3.191220482897504
3.19101887491994
3.1905777855976813
3.190182778476314
3.1897658085129295
3.189374858267764
3.1891968502041976
3.1906852975445497
3.190651800306824
3.190446346618836
3.1910987579359182
3.1905806749890755
3.1906613950251526
3.188382943303254
3.1876570904758617
3.187258388524656
3.186880243310781
3.1864941848974704
3.188257760378752
3.1881596479917826
3.1898354616272164
3.1850352273954377
3.183440583473648
3.1832318064553777
3.1828387610494717
3.1824327805384764
3.1843878561611376
3.1819697186278235
3.1815999071521786
3.181317237452387
3.18325389623642
3.18288556740236
3.181581237279757
3.1833992921389065
3.18321660978312
3.183058347009045
3.1832299384069014
3.1823625668307036
3.182172741537838
3.1835641622543336
3.183219659911773
3.1847488873589467
3.1845612445537257
3.183536954234358
3.18432694284367
3.1838987055388124
3.183727010603874
3.1852516612888855
3.1841471329219053
3.1835505991765896
3.185502055244524
3.1873693864094412
3.186993933017337
3.188018379804215
3.1877821489405713
3.188362075069266
3.1887817958137497
3.187648608021905
3.1891677608451037
3.188551890931162
3.189763886518498
3.1902498803708865
3.190109826396779
3.191561442702564
3.192081670276189
3.1923907221494328
3.1918801205660254
3.1924329608961113
3.192951754994937
3.1918830370580826
3.191116674939657
3.1931181209772705
3.1936109702649826
3.1940734563169455
3.1954768325343275
3.19600779901122
3.195750785931464
3.196266738899287
3.1981187212387185
3.198642912205236
3.199135088888634
3.199606035351354
3.200136015852452
3.200989541241955
3.2006064953013538
3.2003824849405844
3.2016044094342893
3.2021325996035017
3.2024002679189048
3.204195393632842
3.204744569629867
3.2048331229610647
3.2053473643686288
3.2067810760867865
3.207258757013474
3.2086769595386495
3.209341047456361
3.209166862159375
3.211216239405341
3.2106180574212755
3.2111475656777917
3.2108033775810836
3.212246046916093
3.2115998469430727
3.2109489324616223
3.210825500280961
3.2106594110178746
3.210233593771332
3.21218365999055
3.214344690726402
3.2139511698574434
3.2138007688397185
3.212569678416018
3.21408774546527
3.2142623410790123
3.213843627749937
3.2143427374473656
3.2149034813338635
3.2167019004684736
3.2163649644926386
3.2163118851083756
3.218055416117125
3.219674577930463
3.2206732891499996
3.2205033668389005
3.2237653940024704
3.223698348329778
3.2241934229801226
3.2237874850447032
3.2227965264004954
3.2245884505634717
3.2264212908831285
3.2278075316963073
3.2272488531134877
3.228565258908904
3.228131100804923
3.22916681263199
3.2290440021022673
3.229552842969667
3.2299778042073104
3.2288791818612634
3.230400149426405
3.230073793908024
3.229583954612031
3.2290600956021898
3.2308851488895183
3.2315163804934577
3.232928496457918
3.2335280036498886
3.233359796758348
3.2329925760588685
3.2326035053204425
3.2322271363488557
3.23174854928548
3.2315807047547125
3.232507752946716
3.2320213422653783
3.2313662579983835
3.231210710589819
3.233278804574131
3.2332442645953905
3.2330643558502197
3.2341534737403017
3.2347777248109226
3.2345806191024975
3.234174054359016
3.2355026175704182
3.2353386523073646
3.2373156744972644
3.2368096374516537
3.236434498820642
3.2358490612980697
3.2354739286559826
3.2352974341211636
3.2352720838349773
3.2346429287674594
3.234265261626094
3.234873241032541
3.2339258319768476
3.2356692637128046
3.235652051426685
3.2367082483716145
3.2386806396613443
3.238543098690962
3.23834721466179
3.2383450510503353
3.2381544065475465
3.2380070711656486
3.2393105238415627
3.239260376503671
3.239100215292334
3.2405265665499963
3.2402885268960766
3.239907630423099
3.24054164435733
3.2419590947048644
3.241587681948028
3.24328660150998
3.243119870462725
3.2426283451170193
3.2422301866751178
3.243344711593061
3.2429863555301535
3.2427643992389212
3.242593488675555
3.242370478969949
3.2437928683963824
3.2434207862133895
3.243296002783111
3.242928380666511
3.2446522711239423
3.2455050396552454
3.245181389547069
3.2450191700612394
3.2446533949720773
3.2447452906672396
3.246506534178564
3.246229659261183
3.2460591743389764
3.2456921977786584
3.245286045051117
3.2460052697301274
3.2453907640755615
3.2451291857657085
3.2447308095238
3.2445233303137564
3.2462242661452874
3.2458356375522834
3.2455722126978177
3.2453880752649384
3.2464091899621224
3.24621099382186
3.2479933172935125
3.2477084849194897
3.2491387716196116
3.2485661255077134
3.248689508004622
3.2484122795599437
3.2488534542896557
3.2502151190405244
3.249888562666029
3.2516730479963596
3.2513767600347454
3.252371049171913
3.2521181824123904
3.2516129752682805
3.251291795380144
3.2491516930675393
3.2491429480026803
3.248794937792879
3.249232662046278
3.2485710744525775
3.2501667401142726
3.2500611615123796
3.2516068340847775
3.251274400128576
3.251145931291837
3.2522258179609858
3.251876008204194
3.2497013294163035
3.2505219866097117
3.250394947698021
3.2501685075168814
3.2506922887435197
3.250469569932847
3.25183261568386
3.2535098669219953
3.2530948819677814
3.2527702624894093
3.254397079852639
3.254105583911547
3.2550543904940477
3.256337102273064
3.255969030889553
3.257584820696588
3.257220685446777
3.2589236958652523
3.258745915356009
3.258779772057021
3.2584825346955157
3.2581238025483095
3.2576482888875318
3.2575920368111455
3.25731757895395
3.256869069267722
3.2578698418408125
3.2595278953413285
3.259191912619142
3.2590535718230575
3.258442106834255
3.2580752467773726
3.2591315137062007
3.2589870516812773
3.259012002844501
3.258687391119488
3.2595203439487475
3.2603639902180563
3.2617855976175956
3.2635098222393335
3.262929314638907
3.264172202983983
3.2657814174370103
3.2656101428748148
3.26545857246532
3.2657573512651976
3.2655618370756176
3.2653428878607063
3.2647528097966982
3.2656282494033593
3.2653737711878805
3.264949750265222
3.2646720290735916
3.26466548229105
3.265949730652605
3.2676330736646206
3.267365039083203
3.2671752535946026
3.266852143314058
3.2667413495803084
3.2663662741261144
3.267928855475435
3.267782442588938
3.2677736468805945
3.2693175381627575
3.269079503624142
3.2687065071681882
3.2698289171690513
3.2696293778375747
3.270866276814808
3.2704556363827857
3.271508641562328
3.2711533868612905
3.270798668171625
3.2721780707495554
3.269862004202795
3.2696272607401853
3.2693918952920145
3.269401187434835
3.2693189652742722
3.26899408819191
3.2685988357585174
3.2682496591885704
3.2678904030810703
3.26753591963136
3.2671854717912794
3.267298692474971
3.267432911866376
3.2667420520998602
3.26682546738185
3.266200299311547
3.266200410100011
3.2658639692317295
3.265531264746142
3.265137315603734
3.2628632419676498
3.2626435046128823
3.2620293938361846
3.2618367932254704
3.2622960598047728
3.2621287390916383
3.2640977682692283
3.2637643322792034
3.2635666467792928
3.263231906874823
3.262919681221915
3.2627444407519173
3.264443536755219
3.2643639294208597
3.26593294733056
3.265781775208543
3.265536511943327
3.265199372916166
3.264645472834153
3.2647191494188026
3.264132247720674
3.2637713264954122
3.2636209628098793
3.2630333414857895
3.2627734140771647
3.2626361245244926
3.26234625922309
3.261782587269556
3.2616189632246417
3.262996030528216
3.262919604646129
3.262852038174785
3.2624859675294995
3.264029297944719
3.2634935817908293
3.2633185602683388
3.2631486816869657
3.2625869178350926
3.2623298243140226
3.261894976159572
3.261707737032047
3.2615980219735974
3.2614191368378056
3.261241528722975
3.2610441778569905
3.262281042140919
3.2620945969235433
3.261917294184018
3.263458304528149
3.2629407658650162
3.262430317238586
3.261990616120488
3.2616676501256885
3.261308154861567
3.258964038416336
3.2586512133308214
3.258290006343975
3.2580810277369654
3.2585057388085183
3.2583696258815174
3.256234825987756
3.256159189606128
3.255826536892159
3.256502307627512
3.256351868009386
3.25681624350408
3.2564567874063957
3.2570429061602097
3.256756543854711
3.256227746299132
3.2573009287271875
3.257725974311044
3.2588931504554397
3.2586227710826976
3.2599049988854323
3.259351896158305
3.2593593461025874
3.2592407219361075
3.258245614789567
3.257927109840615
3.2577412152842418
3.257502317556909
3.2574287948587877
3.257464861357084
3.257241264073712
3.2567680308437246
3.2565389361614447
3.2562464121329424
3.256313243819945
3.256042611943947
3.255926065414298
3.255767335728353
3.255812778263694
3.255747095531321
3.255434351003087
3.2553260470302696
3.254879857789878
3.254876901525825
3.254776985677083
3.2542995497870293
3.25380106460051
3.253542433404567
3.2517805519256187
3.251683337076239
3.251543426108284
3.2529673701705164
3.2528808437082164
3.2526295779554535
3.252202160917183
3.2520778090725138
3.2536030637763313
3.2533448328095935
3.254094405779763
3.253838550470797
3.2556905542317205
3.2573259230712956
3.2572668979638735
3.2588958516284467
3.258827571501712
3.2585408888682603
3.260150919221852
3.2600565033250257
3.2597071699092264
3.25923025250623
3.258726738228783
3.258445533651211
3.2580171545513537
3.259552533482629
3.261186913203092
3.2618890462524304
3.2614059170836924
3.2618784697159477
3.261589993731514
3.2616215530706913
3.261121287505497
3.260952045452638
3.260654295748927
3.258745573134412
3.259032011902699
3.2589688453982597
3.2603169071481775
3.2602345323810975
3.2612193814793455
3.260967475690653
3.260617614970254
3.2597351736836617
3.2611888836477405
3.2611334323883057
3.2610255383356974
3.2623519183070377
3.263535181228361
3.2639226325739856
3.264269040608258
3.2637994210459813
3.2652389457085262
3.2644342126186228
3.2644849244503242
3.2644776408517324
3.2661104981834095
3.265963943225821
3.26722809864282
3.266978736886281
3.2677816237853596
3.2658456229918413
3.2655915633257466
3.2646851949623232
3.264638403857776
3.2662575084735184
3.2669337203965805
3.26669665633655
3.2646795292837716
3.2645091140971463
3.2648586371193633
3.266115572358737
3.265912791681728
3.2657856522560604
3.263648004813926
3.263368063867396
3.2630836990373937
3.2629926335787336
3.262728279904858
3.2624749858406044
3.2623461967927887
3.2620722409186325
3.2636495882511865
3.2635984424407107
3.2631250446306033
3.2626521907761905
3.2633998412138547
3.2631360728448406
3.2631762048262583
3.262928184830708
3.264256185754478
3.2639441799948745
3.263867874588853
3.26337558308033
3.2645363335895876
3.264941953866922
3.264850953222824
3.2645872274954475
3.264477756341699
3.265954160858377
3.2663945645378893
3.26625136038667
3.2659030311847226
3.265787430983692
3.2656972723232327
3.265449054748658
3.267027737684006
3.26724644422292
3.268250631031237
3.2697440223368948
3.269680932335813
3.2702198359104724
3.271036502299993
3.2723491554260256
3.272245605488767
3.273761328521904
3.273675507804006
3.2736838338617793
3.270294696345042
3.270218410221229
3.2711715074010366
3.2726367497325537
3.272320670313292
3.272200419461988
3.2718024548759406
3.271723606972377
3.2733597349588095
3.2732921896709337
3.27285895964623
3.2727658814788456
3.2724629781693735
3.2738475696875318
3.27374791898449
3.2734751472605206
3.273018253061611
3.274487962840516
3.2744352851662444
3.2741436710131833
3.27393924707962
3.2736547041432855
3.273063959159287
3.2745734778957845
3.2743946343191026
3.275802435455097
3.275736127865584
3.2756406035411563
3.2753901740422653
3.273474238220679
3.275119304189266
3.275030404212428
3.274811707075643
3.2745417154500815
3.2742708578917306
3.2757653684998678
3.277156020843021
3.2768909144611302
3.2764382301800183
3.2761015373980626
3.2757935875389506
3.2757198379097914
3.2754565057145393
3.276921054656975
3.2767139049024623
3.278210168107691
3.2781021198217015
3.2783202657671753
3.2781607170503695
3.2777581015643387
3.2791808027848277
3.278939993636122
3.278839923293194
3.2785814353034524
3.2784589711058447
3.2815833366656486
3.281313529257047
3.2808525752698117
3.2793997491581988
3.2791086469311943
3.277604217520087
3.275908406123361
3.275833497449576
3.2755094009787133
3.275242451698549
3.271796106318337
3.2728938798739518
3.272343894236945
3.272076846885132
3.27343987629568
3.2715929385058664
3.271525517391519
3.2715458730694893
3.271179141838585
3.2688040937240537
3.2686861546242247
3.2700867669963607
3.2699735832350854
3.2681651001776593
3.2677234642846242
3.2658957534467006
3.2669951610773786
3.2667224406062876
3.2664488963446536
3.26624174303617
3.2659121415872954
3.2658139293710446
3.265539303097115
3.2652786658985926
3.265061172346274
3.2630530808935103
3.2628971576690673
3.26269832721054
3.2624220050727075
3.2621449745410565
3.2620561619083968
3.263166677389505
3.2628964699983936
3.2643333734149196
3.2647596572403406
3.263984687023019
3.2640523506613337
3.2659801452202495
3.2659137767976474
3.2656667914829756
3.2654074818497816
3.2651333976799335
3.2649162189326115
3.2647526513568454
3.265223847718737
3.2652102966898497
3.2648828350129673
3.266229636995087
3.2675975861814908
3.2673409880601545
3.268764674747141
3.2686175122439303
3.268190113644019
3.268031119855067
3.2676491597184945
3.26808160799208
3.2678192780012294
3.267553885407461
3.267380739735291
3.26729702239152
3.266617556847545
3.266499584663746
3.2678894764985777
3.267826963977743
3.2677348471773096
3.267613790272117
3.2679755955450496
3.268022695476801
3.2679200700769613
3.267783336776401
3.2675460540017025
3.2675660727200686
3.2672992684895217
3.267056038267187
3.2667772138333686
3.2663648323519174
3.2660934170729568
3.265974663411261
3.2657182292559757
3.2653056235770896
3.2648266535741826
3.265183728081839
3.26511899999955
3.2650125894976805
3.2645755316659266
3.2641288725301116
3.2636132142735623
3.2635130662032785
3.263404689363016
3.2630354449549763
3.2623694574356956
3.262286714895056
3.261321782519215
3.261318055125795
3.261046490426791
3.2608069828796737
3.2615673580213325
3.261146028327593
3.26086014495574
3.260593282130344
3.260355383253032
3.2602619526048775
3.2601791782936296
3.2602164566951948
3.260122035879334
3.2598764781204266
3.2593913135876145
3.2592865883326922
3.259036309294772
3.2600642591308095
3.259655667522269
3.259385387355631
3.259286581088824
3.260200750816962
3.260105008706687
3.2598680422223847
3.259620796904272
3.2594316516912536
3.260446032086378
3.2603649975381037
3.261392091182952
3.261286071091216
3.2610245394739077
3.260789375085296
3.2600114345550537
3.259943217981368
3.2597536845885333
3.259488552701172
3.259902761172861
3.2596606347236254
3.260968617567773
3.260908172152064
3.2608212484319377
3.260593661416446
3.260468488226482
3.2602302052563044
3.2600317957160176
3.259787800069982
3.2606012091060683
3.2616194656764157
3.2613858634337762
3.2612453710872495
3.26256325553747
3.2624952663871123
3.2624098506146786
3.262201485936943
3.2618586915718097
3.262920325152136
3.264160322620765
3.2641062768470825
3.2640150280177673
3.265009363634246
3.2653746148509035
3.2653034177877136
3.265234493964812
3.2649940405299955
3.264635181958001
3.2643862884169907
3.265604190525077
3.266246785790895
3.266137280428129
3.266073784828186
3.2669633909205977
3.2668779102777714
3.2665082814690276
3.267837814133889
3.267753560051421
3.267516902680938
3.267307667801958
3.268693935353741
3.270004426973908
3.2699036110818915
3.269251997414968
3.2705561557140737
3.2709068977037363
3.2704877666997403
3.2688085442607844
3.268790019783723
3.2706427666665805
3.270566524624982
3.2718813265997935
3.272252346964357
3.272005109509952
3.2730764097649256
3.271560435452304
3.2713760700083365
3.2717650189020677
3.2725249345727505
3.2723037804255837
3.2706945115983723
3.2703679058240445
3.271577477611787
3.2714715974760975
3.2710973117753244
3.271026858716082
3.27193141098256
3.271860780624243
3.271445982942627
3.271227306674141
3.270938490947122
3.2708724404296743
3.2691012907776504
3.2690103991099173
3.268857656663303
3.2684590036992565
3.2682760623976703
3.267836343521344
3.2687744318920635
3.268602993839567
3.270637685894241
3.2717170538303906
3.271519298044344
3.2714246180983273
3.2727081171864545
3.272438308714167
3.2722269193345173
3.2719882392635484
3.271759896670585
3.2716929639175
3.2716129666587475
3.271612177460007
3.269971037631931
3.269552430855384
3.269453692446508
3.270507393158953
3.270215392781003
3.27000031758999
3.2697344620337727
3.2694982535668635
3.269294439283774
3.2703644195234918
3.2701640937148886
3.270576691073994
3.2705328745241578
3.2701664101012384
3.2702114302593017
3.270007992916353
3.2697810268565752
3.2710757190121997
3.2708790478050274
3.2714971281466774
3.2712494623482353
3.272430204569477
3.272211494943654
3.273503088053727
3.273261388788472
3.273241920552702
3.27310745220111
3.2724403844549266
3.2737547197846424
3.2734235369066185
3.2742502548099073
3.2740390438905513
3.2735508893580008
3.273961327135842
3.2738002547811953
3.2734195193246496
3.27314413607526
3.2735036818767376
3.2734778119835086
3.2745282085078538
3.275484804487795
3.275222680606122
3.274884550019378
3.275943598539054
3.274507704855577
3.27432149421553
3.2742852391805175
3.2740588028822253
3.273850149332091
3.27386526988909
3.2738018597940077
3.2737146026983455
3.2734956396134307
3.273448953849857
3.27323160207709
3.2729801333573776
3.2727708071030697
3.272503256094787
3.272153798053139
3.2735968944600935
3.2720751968925996
3.271863797373409
3.2716200138340477
3.2716086468542387
3.2713989807116093
3.2712035889491484
3.270986759722633
3.272378274429769
3.2735924538902545
3.274613020556913
3.275028086786893
3.276154069433456
3.275850464808891
3.2768290392876867
3.2766957968772457
3.2762385671028174
3.2762113631319383
3.2760157630936337
3.2759795921274737
3.275795196561849
3.2768435553772632
3.2784583808084786
3.2782915582259498
3.2795537175460936
3.2805880909656904
3.2818544666022
3.2837691914023655
3.2849327446269396
3.285721619527536
3.2852458484350127
3.28485942758199
3.284699279473203
3.283220602832163
3.2830268010175843
3.2840470409077134
3.283645047564692
3.2831709811406107
3.2830723775735753
3.2839881195033636
3.283910893920633
3.2838158218167743
3.2834170399618543
3.283256097649405
3.2845878964313093
3.2858981676845573
3.2857662736385964
3.2855514791822924
3.2854412386266043
3.2852484658268386
3.285992881120528
3.2859158030062754
3.28568056787483
3.285442663778841
3.2863581672702966
3.28766830458447
3.2886597596923153
3.288417180705609
3.2896567993171892
3.289287505601829
3.2905617395906392
3.2905769255279567
3.2904350313006856
3.291329858147771
3.2912638695097476
3.291037059054724
3.290806936554355
3.2906056713229064
3.290372642745566
3.2902068516942107
3.2898230087133795
3.28978917743781
3.2896309258013354
3.2895475223763824
3.2904620738441754
3.2916806723893637
3.2914582341302188
3.2898813136625757
3.289672217817388
3.289403830726909
3.2893251414801252
3.2891081768322765
3.2889364587248267
3.2888512923212
3.2884734895623318
3.2882317750678434
3.2884947308662213
3.288262808216556
3.288022643117514
3.2880086564554003
3.2877834968211537
3.2875855018252786
3.287172116990228
3.2869434644951303
3.2867043729549277
3.286641454118671
3.286413000261649
3.286951791388304
3.2868569778568615
3.2866292294113326
3.2865484884669702
3.2864728777315384
3.286232593653185
3.286126907439276
3.286186809413099
3.2855199986540335
3.2852186178451377
3.2838026587986104
3.2836168896677793
3.2835756173574304
3.283366400283391
3.2831300652046265
3.2827794788068334
3.28257329882673
3.2823408417329043
3.2822615303672276
3.282018203376339
3.2819666947432764
3.282773005385168
3.2840199666023255
3.28394537418187
3.2825515925574673
3.282244929395164
3.284114614932123
3.2840594177900653
3.2843897177205887
3.2842022815579623
3.2867586734333853
3.287692158155707
3.287470905964045
3.2870676168210946
3.2868354511223035
3.2866073606881057
3.286217012177879
3.2859892117389626
3.28584307927104
3.285634859295664
3.285564958978239
3.286560765807591
3.2869118340948846
3.2868450549176345
3.2880226408164273
3.287800555183846
3.288266383539332
3.288164672168209
3.2882201978232866
3.287988365545303
3.2883198396072597
3.288227631923238
3.288138317242294
3.2884394500116225
3.288298921438248
3.288644438008201
3.290772776914066
3.2905527825235192
3.2919669114655288
3.2926106803336417
3.2923668069415037
3.2949144432863853
3.2964124811863815
3.2967338297519038
3.2966133017170582
3.2964645501390195
3.2963756460103633
3.297525940031305
3.298669017526651
3.2993561248390044
3.300678607481234
3.301828352142783
3.3026161728443606
3.3026442895862376
3.303925046629407
3.3048328579452324
3.3059802619911687
3.307064109378391
3.307040530161136
3.308332407446556
3.309503334115473
3.310282236710191
3.310524711754116
3.3103645420186134
3.311268219666885
3.3124146913403467
3.3122938120806658
3.3131580309113393
3.3141291434076634
3.3152738883859274
3.3163328542928374
3.3161043288642795
3.3181063744957835
3.3182903449420427
3.318720463505525
3.3198975945223
3.3207582800596662
3.320689653572829
3.321571271827529
3.3226936010541244
3.32299795267239
3.3244398898856584
3.3242295325980176
3.3242386480711117
3.3253897688345444
3.3251597367388546
3.3260154988825668
3.3272894300053677
3.326900659217584
3.3279934244509644
3.3288269682987726
3.3296250778735836
3.331514328982737
3.3325962899827664
3.332979804799219
3.3340687103793543
3.3355432203509676
3.3353832804917922
3.3362280957093824
3.3374081673853393
3.3385488627368827
3.339744417300591
3.3398337918765177
3.3402597626569546
3.3418442423509442
3.341616825116212
3.342808180898714
3.344419517703726
3.3454641861434546
3.345815138491385
3.344372190186804
3.3445252300176254
3.3456292352303976
3.3455472935035315
3.3466261970969495
3.3474711152837107
3.3483506835746475
3.34945623866465
3.3505371553101915
3.350309699580341
3.351471482069438
3.35136743703447
3.3511080382708647
3.350976939243167
3.3508318938860078
3.3505875583830336
3.351577076399862
3.3512272542540367
3.3509916312074006
3.350757320555683
3.351066963119652
3.350977408754558
3.3483216511814
3.349063211509806
3.349114901921818
3.348886314738552
3.3487912260103263
3.348706477516842
3.348594190767317
3.348451242714116
3.349357545872153
3.3499304982148197
3.3484301034354083
3.3483180332976765
3.349531782317441
3.3502437967548198
3.3501425529255333
3.349916013411756
3.349796624149479
3.348145091843704
3.3487630262353316
3.3486158330561753
3.348372157079628
3.3481363344784736
3.3479026541663255
3.3486534828259202
3.3493973901397305
3.3491791219291986
3.350352182682075
3.3514591779110803
3.3512158112840966
3.351075891169106
3.3505998439388174
3.3516183961497115
3.352634044154652
3.3523857754328223
3.3524095983540967
3.3521568035195712
3.352016340829655
3.3518530022014272
3.3517377681489657
3.3527494404694744
3.352724074604622
3.3510914253066777
3.350823394484198
3.3506077724606245
3.350370271665665
3.3501266330858384
3.3497387871473885
3.3500888806874634
3.349856387658714
3.349609573119981
3.349417186644071
3.3490149301609824
3.348619221931676
3.3485488083282813
3.3485999811718963
3.348379741363327
3.34801968295823
3.348013526966772
3.347931213237359
3.34789700713285
3.347859135989485
3.3474820985716303
3.347255350881791
3.3470060942791124
3.346754859527452
3.3465149164376307
3.3462675189336846
3.3460496568820886
3.3456650244771002
3.345471799329573
3.345081605284162
3.3448064828200743
3.344725216565954
3.3444850946264513
3.344284777973728
3.344059175094672
3.3437907269552016
3.342960561573176
3.341489526161079
3.3414017235732763
3.342106857734728
3.341952397893457
3.341727870126631
3.342008108956073
3.342537454327721
3.34231750021597
3.3421077450043564
3.3419035308429272
3.3416863209955587
3.341451330618425
3.341226606064989
3.340979208439698
3.340754050031681
3.340378817143587
3.3401461376011525
3.3402687590228615
3.3400533337043887
3.3408378181401748
3.3408471367243306
3.340720148744855
3.34045530592886
3.34115926070805
3.342227163474867
3.342134312588659
3.3429616394592294
3.3426016950572546
3.342496935352819
3.3421288707008
3.3417345532339877
3.3425076026062777
3.343287492674366
3.3430916116020897
3.3432274051078315
3.343129345843958
3.3429122549639674
3.342739340353462
3.342643436805739
3.342724342391176
3.3426297375980303
3.343417998930092
3.3427049793943024
3.342311554196952
3.343435478400424
3.342567893848702
3.342357605997629
3.340920521656155
3.340743704569396
3.341525128897215
3.3413058342422204
3.3423237830723234
3.3434051584569353
3.3431752042852954
3.3431593194749007
3.3429302366500115
3.3428576868074433
3.3436145056736915
3.3433158807201613
3.3427489360001896
3.342380256350841
3.3420439633534107
3.341943226028629
3.3418564256535084
3.341654879216706
3.3412930104753067
3.3423749175491198
3.3420031805818917
3.341094937779469
3.3409441878351953
3.3397077137917357
3.339528654058888
3.339324418251292
3.3403963427417347
3.340308172928839
3.340091805345511
3.3394195061732415
3.3377866112108356
3.33759295633861
3.3380862675748184
3.33788117470697
3.337706684768519
3.3373632789848533
3.338431156722832
3.337866998449531
3.3375046288877948
3.337438317870143
3.337356995670513
3.337250812706998
3.336898893192119
3.337142537447331
3.3367911855648136
3.336809438752874
3.337905432605608
3.3374952604722417
3.336876597194658
3.336175283839323
3.3358509029902463
3.335655367573032
3.33545632036251
3.3357703215341976
3.3368458873658273
3.3363967690425635
3.3358028323112103
3.3352442631082226
3.335048774681469
3.3348888040389557
3.3343934701104048
3.334063294497281
3.3338767339785895
3.333691843987521
3.333121782890406
3.3339233215944266
3.3338908911255754
3.333858527807774
3.334946698416615
3.3347567977851527
3.3345420499922525
3.3342863550827313
3.3342160207968545
3.3349995101542276
3.334634400118252
3.33522666795392
3.3362658433485266
3.3361169434364193
3.335939205596956
3.335936771689402
3.3358697026236017
3.335737753064956
3.3360078817998877
3.335932629842989
3.3357132904664906
3.3354879801828683
3.3365136774815096
3.336420439071575
3.336341285388565
3.3360837608336067
3.3358784315469383
3.3356508473673303
3.3351701563009426
3.3362365844072346
3.336112800590153
3.3361165475262813
3.336842648482206
3.3376063509689295
3.337592274407795
3.3373984643996657
3.3371876616095832
3.337019743465954
3.3369389608045807
3.3369698698745554
3.3367440126468177
3.3380501976013184
3.337855801794559
3.3377091133805834
3.337618836518209
3.3389308101479154
3.3385273726450073
3.3381977574521575
3.3380049819502875
3.3378897753598746
3.3376301408806057
3.337561821400396
3.337447288874033
3.3373587962290303
3.3372629501152566
3.3370479644479616
3.336844811142522
3.336580795138322
3.3364733618324722
3.336264123811138
3.3371276521814552
3.338149667486214
3.338064549953898
3.3379756060393877
3.3378731703412705
3.3376883280281366
3.3375959796741093
3.3387701070049802
3.338626532041969
3.3384891594437702
3.338308063830883
3.3380959838269706
3.3379290830818276
3.339124228809148
3.338912183103732
3.3389303142485973
3.3387706197032974
3.339566147180049
3.3390262049168524
3.3389418748608173
3.3396903283395654
3.3395918519408614
3.3395384902777554
3.3393891175533503
3.3389214402643446
3.3389174702232833
3.339464964176114
3.3393867258989673
3.3393136559387533
3.339223685978865
3.3390027548309065
3.3387061855357882
3.3388275391500803
3.338558626223783
3.33831540184568
3.337989572534789
3.337806985712588
3.3377521879676255
3.337579016713124
3.337389806865752
3.3373206548024688
3.337252620617765
3.337175402870217
3.3370891865456973
3.336933465180814
3.337618256831656
3.337502329497871
3.3374332519391214
3.337435914187702
3.337243236763322
3.337038311853069
3.3373479655382994
3.3371460970919697
3.3370620094775507
3.3375061510699853
3.3373310205491924
3.3372224422682346
3.336932684186351
3.3378686807214546
3.3377036338895256
3.337348451872566
3.337285681409668
3.3372393985596065
3.337190026524423
3.337006959692777
3.3367030654404615
3.3365043252354254
3.336342677645068
3.335948311956678
3.3357650401942966
3.335597868030027
3.3362710114194183
3.3360766242721245
3.3360369978246665
3.335858870452002
3.335805865811178
3.3356344418187045
3.3355360441862496
3.335339986472029
3.3351524071799243
3.3361739784529227
3.3362804386083798
3.3373594296871514
3.3372329823357534
3.337041977228995
3.3368105485135278
3.3365450848352585
3.336473860970925
3.336333350850718
3.3360152775896137
3.335950532910013
3.3357777938057094
3.3357070254609065
3.3358639694121948
3.3357876715112904
3.334553894650693
3.3360234558741677
3.335713220048899
3.33565724134923
3.3343237991804116
3.3339966938501204
3.3338690847456656
3.3336929653278387
3.3336699430942534
3.334060427587217
3.3338872602508514
3.334968281633807
3.3348795540640737
3.3359090336150614
3.344430359775673
3.3455282573014906
3.3460647457457604
3.3470817732628735
3.3479811262054695
3.347665403499749
3.348580357483817
3.348407465795168
3.3479761649522417
3.3479001458032696
3.3475120216953784
3.3472974561870767
3.3470987576291673
3.347514549785892
3.3473510297076348
3.347358714500695
3.347173839146989
3.34704245500779
3.347562140078584
3.3473548623637814
3.347032656479008
3.3469990098177207
3.3467890629086727
3.347577501759671
3.3472504184726675
3.3482222256685623
3.348913402632837
3.348846686617198
3.3498173449734683
3.3504880742907366
3.3512230324517516
3.3512498473085173
3.352333040526134
3.3521133666760043
3.353090101541245
3.352767073034378
3.3537011011783675
3.3530867775699
3.352767139271954
3.353672595690992
3.3530983880264937
3.352745981823428
3.3527171666522855
3.352646991776638
3.35230650475126
3.353129495252632
3.3527283253062174
3.352530853687429
3.352324737932795
3.3521271230974747
3.351939293462387
3.3529065215096434
3.3538517354165234
3.354122614470962
3.3539591137781053
3.354201067591866
3.353870923325317
3.3537962021933523
3.353767415866572
3.353574625277784
3.353482351576734
3.3534064653488618
3.3533217492885097
3.353255657497369
3.353587212138671
3.35351062589325
3.353312235254051
3.353340238972616
3.3520513609419873
3.353014516257062
3.3528120269087553
3.352711582307732
3.3526160874150017
3.3525229052110603
3.3524164864956596
3.352173762471499
3.3519744535982996
3.3513735064811025
3.352326780499689
3.353076766986927
3.3529560244762835
3.3536525842401734
3.354570861387407
3.3545008460822054
3.354302729085994
3.3542242187379134
3.3549079751690973
3.3547036404370876
3.355138741645394
3.3550423529596918
3.3548509260390635
3.354769295436715
3.3544485896633516
3.354400450089254
3.3553402321635333
3.3554019665971633
3.356310758624495
3.3561178262682927
3.3568422306144305
3.356531373166102
3.3574519296257037
3.3574374633112996
3.3574031165941736
3.3572943417522465
3.3570667654658957
3.356940982428311
3.357852773553068
3.3577949223128023
3.357946870568781
3.3577524384971915
3.357612518257939
3.357298967967472
3.3571525907256747
3.3569035388810904
3.3573994459420335
3.3572084646524143
3.3571175491333007
3.357116603576748
3.357057706593781
3.356988473545255
3.356751310669145
3.3565924644470213
3.357529066805259
3.357365295424163
3.357190361047301
3.356954677970682
3.3567652772298078
3.356570522776064
3.356405170016278
3.3562206787391404
3.356018823132693
3.356289250683633
3.3560712085488267
3.3557373311093173
3.3564574914944996
3.3563874260008184
3.356188649858314
3.356047064729049
3.355955404897398
3.355755555584288
3.3555306286689173
3.3564718438708594
3.3564540119407216
3.357396818054509
3.358295780569646
3.3579454841535155
3.357759839494708
3.358424563447181
3.3582868334383837
3.3581034724209564
3.358972968387996
3.359927825761747
3.3597610984109543
3.359555403014514
3.360505724646719
3.3603498662919673
3.3612884907172567
3.362367818796853
3.362041261996386
3.3630576324884336
3.362751807877603
3.362570774592812
3.3635219956226283
3.363339975758128
3.364295495709823
3.3642383095747883
3.363920231766588
3.36470895082284
3.365665513237655
3.3654801082581076
3.3657548624826474
3.3655464214348942
3.366467581871582
3.3674211717116465
3.3681495936456955
3.369204350751848
3.369054294643073
3.368659580719224
3.369625093273358
3.37030181382202
3.3716888572026584
3.37261648716224
3.373578379349214
3.374529622849964
3.3744097538514084
3.375342446412604
3.376237049535593
3.3761977595889077
3.3771418927049206
3.3781129593697097
3.377941096041418
3.377869167923927
3.3782906177005927
3.3789667332641486
3.379821026060978
3.379665807242995
3.379820406046375
3.379746270863919
3.3806830502983787
3.380999515924668
3.3808165875949308
3.3806327982483624
3.3804457639096053
3.381396830601532
3.381945862637997
3.3828978928706626
3.38290196199254
3.383363656588455
3.383293461718098
3.3831080661344557
3.3829093395682293
3.3827025539386346
3.3830636836327
3.3830017973220845
3.383825750037302
3.383618258956644
3.3835201728436375
3.383290830637015
