0.1381822326680483
0.3318887208734009
0.47142868240924274
0.40580530192845155
0.35591344572265
0.4097594168200368
0.4283842656388291
0.46324148064354476
0.45504301832806193
0.41631718005570123
0.42571299680396696
0.43304068513723387
0.43599536497870073
0.41604872452728514
0.43108245620803387
0.4241588019681057
0.4311260922322517
0.43834226124720965
0.44059980538670607
0.46225310374898565
0.4525806501803116
0.4463790650084828
0.4567549223875092
0.4737842448571012
0.47560751527793843
0.48918282183063
0.4900686582092521
0.4747719080621953
0.44967479984071373
0.46009977508422695
0.4576069507439233
0.45749878309612124
0.4529362534129146
0.4480185646603067
0.448079743451998
0.4383487894212323
0.43443274985038155
0.42929540309921865
0.4320588554456427
0.42098280268768323
0.4284260196046811
0.43868739401383705
0.4397006916206411
0.4394345364595648
0.4391972737293412
0.4332023015566298
0.4301314972329881
0.42169041414257896
0.42663189025302295
0.42376056436323745
0.42553896268668556
0.4331174931676629
0.439610910649306
0.4408482344076768
0.4482438259570286
0.4525956391434614
0.4537638822912886
0.4474561802988715
0.4549192097319283
0.4509300689314071
0.4500203895087256
0.45652384927129047
0.462105265910758
0.46045329933431356
0.4561136252123512
0.45094908097275954
0.4526997456490273
0.45880333615098673
0.45536094308349484
0.44986043150694116
0.45363747296217616
0.45369187547523243
0.4516572633558607
0.44774635369383897
0.4499514671031057
0.4475392138543503
0.4429022909392328
0.4462467598183675
0.45142072156999197
0.4556873749845485
0.45498412787842696
0.45709936994806033
0.452307339016603
0.4562363929008991
0.45915779290685166
0.45656835824379105
0.4596050998971555
0.4584631572084517
0.46145828928496074
0.45786008134526923
0.4602750316265384
0.4609035309236238
0.4638114213041063
0.4632484343611423
0.4620924545449793
0.4589523153166992
0.45876786238168177
0.45605623491574504
0.4557136575288901
0.4599233137647121
0.46100114196657704
0.45649634161373437
0.45783108652919136
0.45681068606609393
0.4602528549666956
0.4580621950480326
0.4569755871116025
0.45915031377107696
0.46134978804294685
0.4632186538377786
0.4660481211912124
0.4698258373254679
0.4727092037577263
0.47608057693705924
0.479412727851781
0.4814770732988948
0.48488774316678784
0.48558096804895057
0.487499759633414
0.48514413186461397
0.4868720144765694
0.48977300515761035
0.49285584638581686
0.49365263445275426
0.4965200579222124
0.4977374614379727
0.49836891785384435
0.4988186318463633
0.5015503562915484
0.5023930993003236
0.503591704709572
0.5057322995498407
0.5079391249518775
0.5100065909503295
0.51196867548608
0.5107767223443741
0.5077622114131819
0.5089711933735953
0.5089286689537463
0.509651173791743
0.50657598706708
0.5035038754952207
0.5053098695838257
0.5051503267806083
0.5076914313027991
0.5092990799291964
0.5098663481143003
0.5100495108527406
0.5120670763744535
0.5079984440209977
0.5089285178581219
0.5107503195372562
0.5116083536331184
0.5141221444285909
0.5155916583223549
0.513469858349976
0.5113110261970734
0.5117449529286793
0.5134255559149487
0.5120601968190458
0.511596700331355
0.5122616467200779
0.5117639779323868
0.5105558973352691
0.509227523756723
0.5112579479815952
0.5092265158085504
0.5096666544002556
0.5111707048662428
0.5132675968201053
0.5136026284132251
0.5113338088174746
0.5132702159297723
0.5108132220047336
0.5122251630482911
0.5126172869627913
0.5136579147121348
0.5153357846846635
0.5161505523785879
0.5182549690125846
0.5191164879752023
0.520153696774497
0.5213220568206397
0.5233360138389007
0.5245497071437163
0.5243883520986187
0.5242310803568202
0.5237834056235219
0.5235058003991601
0.5240446001509449
0.5240767695041156
0.5249295640987843
0.5245915760231811
0.5231784720681916
0.5244535100612749
0.526004721128193
0.5254771137961934
0.523935646036188
0.5222761665827423
0.5211042402519395
0.5217527289732836
0.5234640312434056
0.5246536480435715
0.5256714860320634
0.5253874144236579
0.526207908262939
0.526260910186996
0.5273129844310335
0.5281445987001218
0.5271809426134297
0.5287063303724491
0.52945438435749
0.5292202703978097
0.5309014567234357
0.5321019152149906
0.5337097117705061
0.5346344502993023
0.5356494580401293
0.536123655209568
0.5368427361000944
0.5384707753034459
0.5397025292080238
0.5396410742377376
0.540768019252291
0.542119754966432
0.5417222205531388
0.5431407076874818
0.543798680570967
0.5434882327651682
0.5450312880469512
0.5465861236136978
0.5476386092907161
0.5477949137371563
0.5490672967758605
0.5480921764474679
0.5493775908226963
0.5503659244645368
0.5517835053641877
0.5518337492070263
0.5505398717594431
0.5519357960541178
0.553292942311951
0.5524467573166381
0.5536961502558398
0.5521396981764066
0.5533323713573228
0.5548062644627137
0.5536135412587737
0.554406235435884
0.5556649024879063
0.5560780573618967
0.5564285778788213
0.5563219824723799
0.556832372881162
0.5577892059034799
0.5589170325936371
0.5602454913212997
0.5611908067543306
0.5618025800358245
0.5628644780063543
0.5641272390813904
0.5651789872589686
0.5658091837298259
0.5652190585660938
0.5661175723976732
0.5672541140298546
0.56805916968204
0.5691889446942682
0.5697434728380243
0.5687892858250078
0.5691888847648552
0.5702400218726668
0.5710031283689628
0.5718741578853075
0.5730217793375658
0.5739273275482354
0.5750045823168567
0.5752463830595413
0.5762565837151802
0.5773391027994845
0.5769409756596603
0.5767656843434218
0.5771490533638892
0.5770119131066117
0.5779721195829643
0.5786916060523738
0.5796290651686058
0.5807056088132345
0.5815603175770306
0.5823772521715096
0.5832132997060093
0.583747550827734
0.5825160680878904
0.5835665951805507
0.584630078625453
0.5846762062164031
0.5856418628119875
0.5857345618117766
0.5866148432953349
0.5875693666858102
0.5883649070886131
0.5892924840631604
0.5895284780469482
0.5886606579191168
0.5896043255154391
0.5903530852685924
0.5912381486904309
0.5916427864373184
0.5915363195850327
0.5915173645991895
0.5922415432511088
0.5931117122360867
0.5939694483379441
0.5942375201518584
0.5951222616112682
0.5956553648801626
0.5966864365689888
0.5961737471893247
0.5970044868345409
0.5971359521508405
0.5979442377353025
0.598725477103634
0.5996538529475378
0.599990384076991
0.5985847278461953
0.5985625494337337
0.5987351944243102
0.5995439666335297
0.600044177462551
0.5985115957895446
0.5983393018329911
0.5987218029229334
0.5994420925236463
0.6001926052900638
0.6011814151703728
0.6020093465195618
0.6028761272609539
0.6038001706478827
0.6043709241036566
0.6040753066993377
0.604849073556481
0.6056633375953684
0.6062667622251148
0.6070293028008272
0.6071890881997489
0.6071717573543574
0.6078550510138092
0.6078729315125537
0.6087725202518051
0.6094743067823317
0.6100957371993274
0.6106032329290033
0.6098323874969811
0.6090213527119235
0.6097032842210646
0.6103154801745088
0.6108389452435405
0.610854824715553
0.6104202269575062
0.6110379233735529
0.6106721674216858
0.6110590142335124
0.6108409018494814
0.6091988956823429
0.6100373032509656
0.6098962808316721
0.6105632725687463
0.6113212242756046
0.6115773746559182
0.6119419811592531
0.6126402774191241
0.6129772343397798
0.6135795426242281
0.613767102262892
0.6141018296186417
0.6136466830828979
0.6132333466086941
0.6138322131353893
0.6141665911679247
0.6148900045381577
0.6155753166060206
0.6161338291981532
0.6166788574899912
0.6169330038666792
0.6173418052198606
0.617480019845338
0.6179581480312765
0.6182868126413735
0.6187065819154969
0.6183221050459382
0.6187896069120139
0.6180269727622557
0.6180957988599077
0.6172406998059747
0.6178607344514443
0.6183088993058842
0.6185496922873482
0.6191694385145937
0.6197043677752466
0.6202526683410996
0.6206561529471638
0.620564414108837
0.6207969825764938
0.6211651736845522
0.6206386508541606
0.6211626375051973
0.6203351651909181
0.6206337923055342
0.6211010950242208
0.6216007878385408
0.6219110455707676
0.6221145297708672
0.6225432780359383
0.6223036592284034
0.6226799786551039
0.6233093404624855
0.6239656952383483
0.6243793154927283
0.6249617928277446
0.6255650890814948
0.6246852817914779
0.624855654670967
0.625120417249288
0.625432257168166
0.6253021852326057
0.6248881117699484
0.6248209905100468
0.6252103489789591
0.6259100194119692
0.6261989563885259
0.6259339419633918
0.6260398871791474
0.6265772151085985
0.6267136112241458
0.6263481892859801
0.6257966760153202
0.6264001709248967
0.6260745617275043
0.6266374424513187
0.6271919946040289
0.6276489616903568
0.628100384266617
0.6282509062811518
0.6285274946128034
0.6283136218600992
0.6286093892716622
0.6284225379601833
0.6288052946286465
0.6293489766898095
0.6298678425987031
0.6299060024695929
0.6303354217094335
0.6308885123684003
0.6313732994159404
0.6317920232937602
0.6317524665282706
0.6315138115422193
0.6319541720632033
0.6317238589554945
0.6320000670993368
0.6323355202653904
0.6328184797743857
0.6330480019801115
0.6333238452858884
0.6327794457137085
0.6322097141952531
0.6325264247655139
0.6320061763474956
0.6326016105860246
0.6318078464361673
0.6322917302023392
0.6328333990315814
0.6331926006073237
0.6336385250531377
0.6340405853167168
0.6337808797126324
0.634223168083619
0.6339776211718788
0.6345124417370444
0.6337949225778065
0.6339783082452387
0.6345014361431262
0.634681313077137
0.6350277136680408
0.6353719163273878
0.634688562785726
0.6351071767776039
0.6347963903826588
0.6345560931411461
0.6347990464872777
0.6350243008591189
0.6350787967115782
0.6344536449436088
0.6349678998864224
0.6348760661344673
0.6354054132390615
0.6358759149576011
0.6361783785883456
0.6352463973251298
0.6355353221394087
0.6351486218925865
0.6353871668688859
0.6352961734357402
0.635291215097336
0.635647434441806
0.6358375255188666
0.6361941979969187
0.6350481926344241
0.6349092520159733
0.6318378461646638
0.632117032809384
0.6318950701972815
0.6315742268266313
0.6319968291821545
0.63235105135403
0.6302761296826771
0.6304811009073833
0.6303088671163183
0.6307181285230253
0.6311828280123996
0.6302544305661666
0.6303121442532512
0.6304889814943512
0.6310161701536889
0.6315360621430287
0.6316235747878365
0.6318717980153342
0.6324672046494682
0.631662097194278
0.6315871153290713
0.6318359629385227
0.6322029235872691
0.6321268064480179
0.6325579060767644
0.6323480387045796
0.6327793266966093
0.6332823158111083
0.6336139105996921
0.6340378493753271
0.6342934766356874
0.6346135798463963
0.6350963095898993
0.6350125033603905
0.6354278734547468
0.6357127114530845
0.6360386268361824
0.6362846823606665
0.6363124557059906
0.6360044874075089
0.6358043310050809
0.6361075621453175
0.6360837177811274
0.6365375474446212
0.6367482200036028
0.6369660950231261
0.6359134639579519
0.6363404784087688
0.636630567360369
0.6368037132493525
0.6372454196061001
0.637131889589619
0.6374354600203426
0.6377454255283439
0.6378384041334625
0.638254240835884
0.6383653890776283
0.6381354667000941
0.6384539896984494
0.6382601260927551
0.6380055869264192
0.6382205236765781
0.6386452211487097
0.6389387170552535
0.6390295739797359
0.6391115514174875
0.639312225499188
0.6392566496803457
0.639462483370655
0.6399058014296863
0.6403104480163502
0.6405662531127129
0.6409580798489123
0.6407262602395191
0.6404906856997181
0.6407704438083155
0.6396164798125761
0.6393405436603525
0.6396887524716278
0.6397356361185188
0.639724661567984
0.639054001783188
0.6392018753762317
0.6392806713018621
0.6397199801068489
0.6396386899713674
0.6390613014037073
0.6393605353454976
0.6388435416975476
0.6391249228139776
0.6387153512525678
0.6384620581598083
0.6389046948408431
0.6392121786010518
0.6396050429007595
0.6398056945853187
0.6401200140368455
0.6404445849008253
0.6407913967919396
0.6408362350693544
0.6406145998013923
0.6407816316862667
0.6411185470736859
0.6410544064884026
0.6414168236510124
0.6414180521555729
0.6412730223998871
0.641502891745723
0.641762552425336
0.6420687473564787
0.6417067505723653
0.6417752717199386
0.6417017223856104
0.6419189402249154
0.6417294284339222
0.6420988671036024
0.6424656806192043
0.6426104404850533
0.6428263808490736
0.6415855216804182
0.6414911229235931
0.6418232181699524
0.6422550829449569
0.6424985345769573
0.6425369124115496
0.642132190346208
0.6425613215338813
0.6429821429454887
0.6433864386792071
0.6430294544847587
0.6434923975888438
0.6430407844977418
0.6424580043902548
0.6425154244267807
0.6428691616691166
0.643156893244749
0.6432943371331611
0.6435300321313828
0.6437324131414177
0.6439698263288145
0.6443507801473223
0.643538244312088
0.6431709187533394
0.6433624268049075
0.6435515411634496
0.6436866883063872
0.6429502713173882
0.6428807573542767
0.6429147675634866
0.6427277292420861
0.643008625772498
0.6433785270703264
0.643705278454958
0.6438027897986077
0.6441705788339236
0.6435653667171496
0.6438052034040856
0.6441910023164203
0.6442163979138777
0.6443050134828067
0.6434338652499791
0.6430692325706111
0.6433843212562009
0.6430760855820598
0.6433819238111489
0.6435036701233551
0.6437931127563966
0.643926274624179
0.6441988664660562
0.6445278168588444
0.6446616175191281
0.6445900488891791
0.6447042871757869
0.6450057213212913
0.6449829347621004
0.6447889156461533
0.6446207658241494
0.6441434864374733
0.6441297958081911
0.6437468070623328
0.6440977873932473
0.6443995739300463
0.6446922749930434
0.6449648055467548
0.6453774910997105
0.6453059092073352
0.6456281395441585
0.6456827082686691
0.6458523448537186
0.64613846200917
0.6458052190851216
0.644916903790644
0.645188532710223
0.6449845934314462
0.6452528278378512
0.6450020418973136
0.6452630912525454
0.644832939021039
0.6451947375841409
0.6452383974226396
0.64499149779554
0.6445629066644634
0.6443160373937631
0.6437270252399668
0.6439902495626751
0.6442320337418266
0.64450710991286
0.6444326968514597
0.6444549198726367
0.6443411753104072
0.6440708418732133
0.6438780902795515
0.6439520263746884
0.6440261227761022
0.6443420424714057
0.6439815111981375
0.6435434381097869
0.6434374734890778
0.6430653954962261
0.6428277126137991
0.6424681501180022
0.6428852963311699
0.6427663264517823
0.64247654147965
0.642504693884218
0.6425563629866126
0.6426950997806622
0.6424312163192984
0.6420082034235705
0.6418011790303372
0.6415075009080603
0.6416407501556808
0.6417328689667922
0.6409489110027878
0.6407544977004568
0.6409105631724573
0.6409722682684155
0.640914783594569
0.640824474189973
0.6410715491509794
0.6413595491706424
0.6409338802905025
0.6399847808000819
0.6397155994164611
0.6390689345439939
0.638863856456748
0.638168493682883
0.6383886077182624
0.6380415870586228
0.6373401564167843
0.6371349614631956
0.6369022344894499
0.636181323756289
0.6356420289776294
0.635482382094544
0.6345460646450622
0.6343650573802506
0.6346653545029348
0.634079316591444
0.6341010952698956
0.6338121870778345
0.6331421087404114
0.6329664179093324
0.6329486645068283
0.6324674723792112
0.6320611344401231
0.632230024321406
0.6316253927858659
0.631478965702722
0.6312098381351803
0.6314076537432515
0.6311606533504291
0.6308409179949929
0.6308505225654486
0.6302926399684419
0.6298824892062626
0.6298948758800911
0.6296688119761344
0.6292090807889253
0.6292245223091727
0.6291270047281312
0.6291703946525743
0.6295131953485452
0.6295320353050115
0.6297960185610045
0.6296501056774734
0.6299360300709624
0.6298107831530239
0.6294740601231308
0.628824681461814
0.6285825069006642
0.6287182001470965
0.6283170584812766
0.6285302346288602
0.628799159885001
0.6282334258428356
0.6282484817849602
0.6272083664047883
0.6271694665253579
0.6268014619446192
0.6264003381213037
0.6262155297250042
0.6259221723661599
0.6256513384545682
0.6256001905495744
0.6259162003067337
0.6259086209547343
0.6261996219383351
0.6257823582913735
0.6258247048107973
0.6258490519847425
0.6256781700082938
0.6249800385768773
0.624876909265255
0.6242811454106182
0.6242867802526115
0.6243896128791409
0.6243267966384075
0.6240575202130196
0.6242043397979915
0.624008158484115
0.6239960898164056
0.6237571968727788
0.6233790637205512
0.6236231220936359
0.6230771163614229
0.623114347351759
0.6233761877473775
0.6228795484876013
0.6230588288023263
0.6230377519029705
0.62287955731984
0.6227392756891474
0.6222567219974555
0.622140480005011
0.62201744343425
0.6218800209238681
0.6213996016377027
0.6213522867550125
0.6216320440843616
0.6216512707680795
0.621540697609346
0.6206102232528687
0.6208459573074783
0.6203904056601963
0.6201422309988543
0.6200250267765395
0.6201415933975122
0.6203001889407368
0.6203094851482966
0.6199697020507797
0.6200056540524791
0.620046444291272
0.620124379869245
0.6194426317456252
0.619607266277334
0.6198582607921731
0.6197293749252263
0.6192588253876162
0.6187124922562013
0.6183662622773077
0.6183347383397645
0.6186096607855727
0.6181199910443315
0.6182899517926861
0.6183858533079385
0.6182654404633557
0.6180890252460993
0.6177022541982778
0.6179504761646205
0.617824004660291
0.6175227486985433
0.6170388018856993
0.6167901690046392
0.616335799261412
0.615887802067299
0.6156708179162108
0.6145633881309424
0.6145355066240107
0.6139809027911015
0.6137317917405826
0.6135667440336862
0.6132093724737133
0.6134617288185038
0.6132016924578867
0.6130773667276497
0.6127145949056999
0.6123064018742455
0.6123872112269237
0.6124742701171996
0.612630388138858
0.6122654753127565
0.6124586518413833
0.6123525141145305
0.6126455253428351
0.612772392466604
0.612695252524965
0.6126630543128085
0.6122588909129927
0.6120776870672554
0.6121622762514823
0.6123083646202582
0.6121980460244711
0.6122422522585583
0.6124490928968247
0.6127723081689734
0.612330466741989
0.6126047963819777
0.6126972871576003
0.6128917925558289
0.6130326978238116
0.612833028297027
0.612681758845903
0.6123732760858207
0.611882286768201
0.6119105925783722
0.6116317993458574
0.6115220458801243
0.6110869704252122
0.6110383918926411
0.6108179286893849
0.6104853538000621
0.6105108814885621
0.610288937617259
0.6099730627514803
0.6096187544749412
0.6094957700249659
0.6096370750894102
0.6093697424371836
0.6090371518690922
0.609134783898841
0.6092112688617455
0.6094380767217538
0.6090804933850575
0.608909213724971
0.6088434679104512
0.6084620997016761
0.6083034795000735
0.6082057727699478
0.6083995443612468
0.6084414095088696
0.6086589019100725
0.608976101829176
0.6092172983467177
0.609473812688119
0.6097501581559547
0.6099607890992333
0.6102466950844939
0.6104059858404368
0.6105841996609176
0.6107432642467086
0.610878605658674
0.6111559774209384
0.6113804992128271
0.6116282441121093
0.6119006240756978
0.6120188758879328
0.6123123429034351
0.6125500544455471
0.612818362510096
0.6130714342704668
0.6127086102693043
0.6126425198911901
0.6127621125122511
0.6126726792440755
0.6127573272289067
0.6129821178171332
0.6132176514654989
0.6133629690135864
0.613611201425477
0.6138465832219034
0.6140740661401751
0.6143678694193383
0.6145515828297047
0.6147587580473638
0.614980012800369
0.6152224524530842
0.6149394954342124
0.6151496481107513
0.6154449800745776
0.615396079637674
0.6153964939284767
0.6156430999691441
0.6159284029546448
0.6161356600838795
0.6163752511697668
0.6165514532264895
0.6163753574839265
0.6161565804052109
0.616407310024562
0.6164250771502369
0.6166663265295634
0.6169170599569247
0.6171083760447295
0.6171941747847354
0.6174101055696679
0.617607784157481
0.6178030528904529
0.618032852136334
0.6176032831222205
0.6171167686397456
0.6166041278819578
0.616789586646515
0.6167093130347147
0.6169213429240885
0.616332115280417
0.6163082024569618
0.6164143806897617
0.6161932542856906
0.6161720114032794
0.6161533002738833
0.61591471148638
0.6157110146806417
0.6152710030308761
0.615216802218098
0.6144773149356453
0.6142152349736761
0.6131338033197209
0.6134122701573299
0.6131046727676903
0.6126394700345332
0.6122328482723156
0.6122773307266408
0.612211684922669
0.6122972959640135
0.6118566800815733
0.6112681717241597
0.6113988342349467
0.6114451610210994
0.6111443334259146
0.6106374752801446
0.6101702147594812
0.6097954709711149
0.609956648640322
0.6097437326268224
0.6099253316739979
0.6100483259620533
0.6101392744662111
0.6097305263535265
0.6092371909724467
0.6091600072667491
0.6090685585317944
0.6093095781346411
0.6095176552805084
0.6094697339802639
0.6092688447958242
0.6089563748586869
0.6091646525885747
0.6089201628382724
0.6090232766496446
0.6088377820639319
0.6090141875619497
0.6091999051561012
0.609061053717527
0.6092569312609032
0.609531899810068
0.6097526603840271
0.6099832394496161
0.6102322157834921
0.6097677436426862
0.609925740267358
0.6101188037418587
0.6098788054678437
0.6100631156228189
0.6102478841938179
0.6098981818907415
0.6101172797073068
0.6101967481960584
0.6098535350062828
0.6100700575531395
0.610215853382582
0.6096700431380537
0.6097935457608261
0.6095290128141089
0.6092315659981526
0.608783238352154
0.6083920857599466
0.6082580787969732
0.6083861965325041
0.6084026767288767
0.608325705868472
0.6085504450938435
0.607962545976708
0.607807311289754
0.6079745666950732
0.6081991087724041
0.6083830077968261
0.6079994303620468
0.6075194821649024
0.6071478607403391
0.6071277293742425
0.6073020053786214
0.6070586770630946
0.6065533865673403
0.606784481456541
0.6068860057429415
0.6063658399636043
0.606049823431891
0.6061667022596232
0.6060766996665589
0.6061968009505724
0.6063356348274316
0.6062399139422371
0.6064231259893373
0.6066286168193071
0.6064012679022354
0.6064083187373537
0.6064647293747637
0.6065515997732649
0.6067470430451549
0.6064942362959871
0.6066375231078479
0.6062550871619217
0.6053855228490587
0.6054722170158845
0.6056431644282734
0.605610306965731
0.6057176811095981
0.6048498204633819
0.6049935566275428
0.604845466431533
0.6049595672390293
0.6050387738210523
0.6052175008453398
0.6053251116315732
0.6053634831549664
0.605050806314733
0.6052638256521956
0.6055153218585699
0.6053579295252608
0.6049552697739803
0.6047383680067426
0.6049894597992466
0.6052747653241435
0.605526856949916
0.6056661817864624
0.6058748262509257
0.6056816015834438
0.6054572652819346
0.6056142712299356
0.6052992031580043
0.6055160300180524
0.6057550116084864
0.6059412694591088
0.6060862544910905
0.6062570898625566
0.6063866332914674
0.606598594882336
0.6067937041068688
0.6067751786768723
0.6064051481677147
0.6065580885372793
0.6065520441859805
0.60662269050594
0.6067207398430309
0.6062249140168925
0.6064778410579966
0.6064197029519885
0.606623378821788
0.6066531037233877
0.6068068273140529
0.6069712260099159
0.6069771442471232
0.6070384314130084
0.6070248671932466
0.6071569248897726
0.6072066852678947
0.6073387983333398
0.6073256963409103
0.6075485864427163
0.6075799908166065
0.6076663262303786
0.6077566413863025
0.6073068946616627
0.6074713554422216
0.6073210173496563
0.6074850735444053
0.6073519716546966
0.6070949145658745
0.6069005714987149
0.6069087484569667
0.6068392001569506
0.6069126271886777
0.6070846719447862
0.6068864733764826
0.6066297761090413
0.6066356696140899
0.6068407575148551
0.6070973723019906
0.6066827264782311
0.6062261262600206
0.606273208924118
0.6063302521832016
0.6064441284225465
0.6066587216390662
0.606800676404412
0.6070516329627964
0.6069668319980819
0.6070384391092586
0.6069618452387576
0.606642988205619
0.6063544392171617
0.6064835744471563
0.6062376024338646
0.6063477762007639
0.6065414712305915
0.606768944918896
0.6065438781637874
0.6066176313004913
0.6065906823246285
0.6067967617794017
0.6054999858085077
0.605423232469708
0.6055958322542943
0.6054432370830723
0.6056363727117015
0.6058506725208325
0.6058736792980292
0.6061146754156066
0.606068596449192
0.6054122702004808
0.6055948629550543
0.6058035692640282
0.605845849804215
0.6059647953887456
0.6061090152872919
0.6061466317612291
0.6058924416160341
0.6060886361106929
0.6060820385490525
0.6061408414365884
0.6063051676701858
0.6062424325412474
0.6064564658049513
0.6065259288741509
0.606735867483583
0.6068529264331433
0.6070468618388727
0.6072205386364337
0.6070383652532163
0.607086876151006
0.6070801456749674
0.6072153237674626
0.6072864484993802
0.6074542761201314
0.6075005922823185
0.6071263472286573
0.6072665812453887
0.6070981548933998
0.6072937623551988
0.6069534309461192
0.6069404714546606
0.6071391902672663
0.6073762744869694
0.6070090868350925
0.6071843926989573
0.607227194788576
0.6074006779589827
0.6076009050270411
0.6077673524402423
0.607979924053378
0.6081781817883477
0.6083819321280928
0.6085270222776323
0.608754979563886
0.6089437231895674
0.609132055699652
0.609089243168296
0.6092358788556024
0.6092156731338407
0.6093461796317404
0.6095294548067707
0.6090735614224724
0.60883969778609
0.6086891234506063
0.6087736652297624
0.6087102507093027
0.6086575918739004
0.6085725076974564
0.6087005302095848
0.6089043482607047
0.6088066800365205
0.6088950053188817
0.6089980482169333
0.6091677516216853
0.6091308020228808
0.6093142958611538
0.6094212875836041
0.6095678192025493
0.6097792901223308
0.609942767533662
0.6099681949812155
0.6101131121379112
0.6102994262401716
0.6103894015299336
0.6103888754157418
0.6102080469429777
0.610122550978255
0.6102453159357989
0.6103450728066168
0.6105778237765017
0.610750423916019
0.6108692491618319
0.6110444715828176
0.6112217293229762
0.6113473149837586
0.611539864550374
0.6115063494352735
0.6116880962270634
0.6118923673115164
0.6120331747395769
0.6119996561698712
0.612062815199985
0.6121714370442338
0.6122867870059412
0.6124237712803168
0.6124918482808669
0.6122247853105225
0.6122443592838019
0.6118941124554184
0.61184617460258
0.6117578505365194
0.6119298880527239
0.612028366295584
0.6121480430231933
0.6120957220018034
0.6119691346941412
0.6121231442789584
0.6119052202189326
0.612111073194274
0.6120123354129321
0.611752341624317
0.6117569263088812
0.6118444136502251
0.6120103755977063
0.6119189811920527
0.61162868461482
0.6118070418325681
0.6117511897938523
0.6119555566524327
0.6120414306885218
0.6122264039844623
0.6120230210116299
0.611936114745099
0.612002362155117
0.6121742560203169
0.6122166074056145
0.6123839608766357
0.6124135169164048
0.6123172583946667
0.6124051952364886
0.6121467997420692
0.6116429921480067
0.6114147616747231
0.6113705373279238
0.6113307020594444
0.6112048492808619
0.6113150502470078
0.6114876429887047
0.6115005850033642
0.6103918658876953
0.610590299810321
0.6103703761170215
0.6104014097436551
0.610631360176094
0.6106037290159285
0.6100338906511672
0.6099911423537677
0.6098434182032975
0.6100309733376783
0.6101958661961017
0.6103146191500793
0.6104349728881676
0.610548233416
0.6107570045674265
0.6104484930019889
0.6106239329116985
0.610782393525062
0.6108172048187975
0.6109257064217657
0.610833892929208
0.6107742233160828
0.610960761047551
0.6109668461580875
0.610926574488026
0.6111133135911763
0.6112336247126753
0.6113713161073079
0.6115469407982792
0.6114585474699151
0.611360683656676
0.6115690189533569
0.611604139700669
0.6117331875188212
0.6117916679664964
0.6119028439770817
0.6120771799963503
0.6122395974154643
0.6123268728162575
0.612470510167537
0.6126569292091854
0.6128563118106717
0.6129437190359799
0.6130713150645698
0.6132795453581736
0.613445394974715
0.6135952492601793
0.6137490519478799
0.613744072258558
0.613665939084454
0.6138220912550527
0.6140026087745644
0.6142226227704407
0.6144201193897971
0.6146046993846915
0.6143131357973471
0.6145241881067128
0.6145886877894395
0.6147463424481165
0.6149181617908911
0.615138943503065
0.6153180073610427
0.6154134012767821
0.6154996992974344
0.6155230849109713
0.615731394262741
0.6159316800922252
0.61612595740503
0.6163391029093244
0.6165423460983305
0.6162087164050427
0.6163729118449824
0.6166059101003373
0.6168303610157135
0.6169763256676648
0.6171709154160175
0.6173425410907455
0.617428743621227
0.6175915691257453
0.6177390281045652
0.6177748560132271
0.6179821729857778
0.6181642903707826
0.6182523978659823
0.6181745847891565
0.6183616501166553
0.6184933357102746
0.6186163230935181
0.6187308474867875
0.6188660245597959
0.6189857542620584
0.6190837206452242
0.6189649101999405
0.6190985765443813
0.6191241877822808
0.6191657109450263
0.6192207298513166
0.619285043969854
0.6193595765864282
0.6194681971933614
0.6195350437711261
0.6196427511249504
0.6197770846296533
0.6198046674183203
0.6199266656835446
0.6200091179545116
0.6200067348150757
0.6202113857413938
0.6203083331403864
0.620413074578176
0.6204571474555969
0.620571922102453
0.6206500143928312
0.6207074136583516
0.6206747305607261
0.6207065715468114
0.6208852277748013
0.6207072706109429
0.6207836781984051
0.6206117134926916
0.6207595976429415
0.6208360924020742
0.620556778545115
0.6206401825903143
0.620714855959445
0.6205703496932135
0.6206495137521176
0.6207660092057232
0.6209240629969301
0.6209139274523292
0.6209586655306931
0.6211315197938565
0.6213437286568302
0.6214970435827142
0.621646203478869
0.6217942082419738
0.6216974921386674
0.6218544818541074
0.6220362775334967
0.6220026941946033
0.6218753745533292
0.6219835554204065
0.6221812058595521
0.622367456332171
0.6224853514870764
0.6223564641033309
0.6225462838413206
0.6226811481808765
0.6228913233729102
0.6230443198685948
0.6232109505376606
0.6233974378107324
0.6234936688248002
0.6234804783790665
0.6236543251226855
0.6238253845681002
0.6238399847863392
0.6239864948100486
0.6239541186735952
0.6235836506227468
0.6237690857156377
0.6239551607498028
0.6241202686787453
0.6242214679135429
0.6243693411479508
0.6243491336000542
0.624414000935503
0.6244136032620156
0.6243764028398262
0.6245325250641254
0.6245713747714713
0.624739244960091
0.6244483157363458
0.624615633739243
0.6247239408558043
0.6249069695168753
0.6250180058297767
0.6251403108175536
0.6252446125584246
0.6253145729888434
0.6254654708091262
0.62550628381332
0.6256369622952846
0.6257879385714294
0.6259208587476137
0.6259513270794089
0.6260225297916189
0.6260958014204911
0.6260939796761714
0.6259514657536757
0.6260732188493406
0.6260420212995063
0.6262250496034872
0.6262639364117594
0.626011383598801
0.6259769235177296
0.6261020738622135
0.6262618706905535
0.6262603070557102
0.6259081723493185
0.6260114997161531
0.6261053106100705
0.625814903142601
0.625937520772066
0.6260820364066543
0.6262345302487917
0.6263980779303153
0.6260552050675725
0.626076805297606
0.6259775340621441
0.6260954861476963
0.6262097649368529
0.6262255207363099
0.6263499240953231
0.6261583389844821
0.6259159783667231
0.625632384219091
0.6257002193396247
0.6255687900483139
0.6254842057722609
0.6256080428934421
0.6257501131922064
0.6257759144825045
0.6258970811851239
0.6260618980929435
0.6261736543249913
0.6257964566597679
0.6259038609769922
0.6258621132331146
0.6259849305856655
0.6261246021837201
0.6262456898131352
0.6259060913109848
0.6260023145678648
0.6257010291423954
0.6258129436313234
0.6259255122362205
0.6260924724900032
0.6257750562781297
0.6258680407849128
0.6256127515501839
0.6257024593681874
0.6255833139959526
0.6254372726338173
0.6255553245495798
0.6255146175384386
0.6253914625768794
0.6254963177683169
0.6253917272740844
0.6254826130148406
0.6255473005614999
0.6257060599150767
0.6258460184685816
0.6258960869738824
0.6260200803286581
0.6261323311598614
0.6261831685967579
0.6263479365634089
0.6261043743430464
0.6260846576830547
0.626226862584033
0.6259918737605334
0.6261173983943268
0.626270514150075
0.6261924060189169
0.6262549113394035
0.6263915598806338
0.6262770465861489
0.6262363558645059
0.6259058994634915
0.6260330794583194
0.6257498711386781
0.6253847134679253
0.625148841538477
0.6252512132165288
0.6252262281509847
0.6253451488834213
0.6250790352047941
0.6252553645689909
0.6253992692712725
0.6254266854158871
0.6252608408991781
0.6249221944794097
0.6250587505281048
0.6250951125330071
0.625167806424656
0.6252726554903545
0.6254092462207643
0.6254861091973547
0.625151921188995
0.6251033829636705
0.6249782713059353
0.6250646798355206
0.6252250259585703
0.6250693963173193
0.6248761879352317
0.6247924150142772
0.624764387904632
0.6247037117371889
0.6246739344776032
0.6246915792790815
0.6248263064691554
0.6248806339541183
0.6245747909777687
0.6247056890394979
0.6247993107498019
0.6249467692914352
0.6250344655510282
0.6249467328939297
0.6250934006200458
0.6251826543863813
0.6252601666608266
0.6253669202246139
0.6249057311020829
0.6249751010056402
0.6251097685274362
0.6250701353363236
0.6251590722133955
0.6249607460116003
0.6248333665658157
0.6249723896824142
0.6251441432731476
0.6252645432232299
0.6252660993517937
0.6249781533543712
0.6247827878510445
0.6246618122603144
0.6246871925472824
0.6243839346869089
0.6245546390146315
0.6246678437440187
0.6247112159048513
0.6247486565106373
0.6245388144612116
0.6246159591429185
0.6247509204931109
0.6247245156912483
0.6246648951678221
0.6247199718456893
0.6248761214552245
0.6250116317516645
0.625136152885351
0.6252467981671957
0.625247774059036
0.6253064958089679
0.6254732929355081
0.6256141705529471
0.6257312294293997
0.6258351496983948
0.6259926853374278
0.6260013139123801
0.6261749355783485
0.6262686597518567
0.6264230709528553
0.6265684048552942
0.6267065332025411
0.6268228406422357
0.6269644405593869
0.6271475167128182
0.6268182455548981
0.6269561838325413
0.627057660599024
0.6270001214386368
0.6271514011114909
0.6273113413318635
0.6271229956969611
0.6271442764545124
0.6272912741242066
0.6274066351829674
0.6274736851827112
0.6276217510095095
0.6277744386573418
0.6278379549325686
0.6279673131492062
0.6280917440042674
0.6280668216727933
0.6281689217130937
0.6282490342409354
0.6283191611704455
0.6284090572226433
0.6281996026512564
0.6283377953263111
0.6283685287570141
0.6285158581848328
0.6286446575373548
0.628667058808633
0.6285173587192049
0.6283213556546065
0.6284364198205477
0.6284574912876272
0.6285968240395907
0.6287136009849263
0.6288322282197488
0.6286098242953787
0.6287283816910962
0.6288897198791401
0.629016489553352
0.6291768643418338
0.6292009645776893
0.6293285131449463
0.629472212767054
0.629612735186975
0.6297467903852878
0.6299018549485208
0.6300559073307677
0.6300985694388792
0.6302168974018721
0.6302853709779414
0.6304379170357425
0.6305870041666654
0.630659079313071
0.6307344427655727
0.6308910684672638
0.6309940865294732
0.6310967048767795
0.6311686703186766
0.6313196996977792
0.6314000635273341
0.6315223746970977
0.6316082713683148
0.6317342849174995
0.6314243018182348
0.6315262595493865
0.6316653942174785
0.6317361450763205
0.6318504677908168
0.6319661450884408
0.632084980350078
0.632191407258193
0.6323360609366162
0.6324722289630037
0.6324178291524811
0.6325607173851131
0.6327037055977077
0.6325353767550683
0.6322712476830163
0.6323060588973305
0.6324663392537284
0.6323277548333606
0.6324363431315498
0.6325812051583093
0.6323140777541091
0.6324728945618953
0.6325593541542927
0.6323727072104789
0.6324788530799077
0.6325826414205529
0.6326330755530182
0.6327727707520915
0.6326643792445725
0.6325465852786232
0.6326940801650665
0.632758839185094
0.632502236249323
0.6325901462554193
0.6326632670339079
0.6325463974359204
0.6326598507621961
0.6327868317381675
0.6325118989378768
0.6326144102781884
0.632735625021873
0.6328566169916986
0.6327465590103641
0.6326630043719336
0.6327905852294716
0.6328984335338267
0.6328124336625154
0.632790421758195
0.6329416464815363
0.6327039091429246
0.6327633992367493
0.6328759961927183
0.6326658731399213
0.6327794392452497
0.6328319956622037
0.632900455473949
0.632595140747712
0.6323627375122679
0.6324910832126094
0.6326326164092102
0.6326897333984695
0.6326948467168226
0.632842094636236
0.6329687220301949
0.6326589734708017
0.6325884165893294
0.6326389421110299
0.6324156353977425
0.6322652215171191
0.6321149289074373
0.632234395313928
0.63236240333976
0.6320806952413095
0.6320636593774311
0.6321861410430181
0.6318995159577017
0.6319566510312946
0.6317630414316286
0.6316269916244391
0.6317268575016837
0.6318340533999652
0.6318194908938989
0.631610620195851
0.63155918177024
0.6313005404252497
0.6313011902229739
0.6310992352036803
0.6311627257137352
0.6309146163034981
0.6309142319175765
0.6310529726479965
0.6309746250166464
0.6310126369575808
0.6309146509301965
0.6309883806388734
0.6308670480156525
0.6310254684305342
0.6311009806334313
0.6312389179675891
0.6313257958631353
0.6314231810853213
0.6314852245228072
0.6315857227216591
0.6313666984040173
0.6314476372350614
0.6315832922821746
0.6317184247444524
0.6316514644453484
0.6316311025254912
0.6317451700160982
0.6318509228230272
0.6318760176642035
0.6318744532851306
0.632013703058649
0.6320801321191538
0.6320893709904088
0.6322138465521425
0.6322744046834137
0.6324013978366675
0.6322444199507647
0.6323878620853273
0.6324444473589638
0.63255079029812
0.6326052044966891
0.6326414124898547
0.6326719721251363
0.6327051814172815
0.6327641838675555
0.6328993437530979
0.6330056229492754
0.6331375550797173
0.63324181833259
0.6327650373997549
0.6328752034367456
0.6329769204398598
0.6330300752631517
0.6331420536763632
0.6332630890533102
0.6332961456769683
0.6334122281802663
0.6335636818660006
0.6334934638236952
0.6335472666662999
0.6335018099584411
0.6335267574127045
0.6335715428083698
0.6334315787262129
0.6334922320959379
0.6332982476859992
0.6334220378049658
0.6332609467497913
0.6332340643672167
0.6333079142958759
0.6332669977901132
0.6331755364393411
0.6332367352814372
0.6333560532380696
0.6334468555660453
0.6334723444572179
0.6336012650166638
0.6337074975938332
0.633491711260935
0.6335767136296303
0.6336807642191569
0.6337503468951452
0.6338201869039068
0.6338035275175262
0.6339281755559275
0.6340761152162527
0.6341490153318765
0.6341914934258198
0.6342890936636998
0.6343258449898672
0.6344519308865917
0.6344996072833402
0.6345776549629238
0.6345780114174753
0.6345607832763996
0.6344813771400478
0.6345584557939599
0.6346646703185597
0.6343797286217481
0.6343920561568337
0.6344831011010291
0.634429193723101
0.6345475653958366
0.6344758458856614
0.6345404465513514
0.6346159671796107
0.6345360251669081
0.6343288432142984
0.6343289013876455
0.633982919262975
0.6334480139287451
0.6334715646129699
0.633524190300641
0.6335762128804061
0.6326126994488815
0.6327086849257272
0.6328172247313418
0.6329117877085587
0.6328261658763605
0.6325887745723687
0.632527180284259
0.6325564803275489
0.6325728202838664
0.6319351232658789
0.6318394539179853
0.6318652482238866
0.6319272323362761
0.6315936986794742
0.6312459702081259
0.6310534858262931
0.6310561559573167
0.6309897407156222
0.631043945348768
0.6308777133692097
0.6308513179189886
0.6309568542841328
0.6310372315269157
0.6311087887844388
0.6311916025351377
0.6309316107563322
0.6309396266703952
0.6310044066094386
0.6310839877681954
0.6311659026115193
0.6310967053160379
0.6310915760573969
0.631193076245504
0.6312816824036813
0.6310702698706028
0.6309716321407728
0.6310378511322352
0.6310882456716909
0.6311500962021412
0.6312291322816614
0.6313231698337788
0.6313176701325731
0.6313374276966632
0.6314544152677422
0.6314750876584637
0.6312340876709762
0.6312712285128498
0.6313708337423284
0.6314858635398692
0.6315632732016292
0.6316291181127905
0.6317364632268966
0.6316657114912232
0.6316944193850212
0.6318027577305247
0.6318525360597844
0.6318780934791269
0.6319906010161866
0.6320984827395426
0.6319637314482226
0.6320695144995891
0.6321692279781567
0.632235977885072
0.6323476841985086
0.6320889280208618
0.6320734912189627
0.6321910573198819
0.6321591142654174
0.6320089758598367
0.63198580484095
0.6321018448312367
0.6321559850086187
0.6321663097472806
0.6319495323267792
0.6318268473786027
0.6318052396514858
0.6316208052079124
0.6317299824197762
0.6318325223140813
0.6319817664864251
0.6320974003945515
0.6320142039835104
0.6320808987141842
0.6321916476212004
0.6323201319508638
0.632401500641739
0.6324980215353542
0.6326249856830016
0.6325249673687819
0.6324111207057063
0.6325290709065066
0.6323874908312306
0.6324714126615699
0.6325938003210134
0.6326495791846845
0.6327300882151453
0.6327766262967927
0.6328423707440426
0.6329009166639394
0.6330317403277296
0.633080641578932
0.6331346008006536
0.6328719354150573
0.6329980369656727
0.6331025480290424
0.6329649387031133
0.633040418686864
0.6330920621506803
0.6332115064547829
0.6331782463057543
0.6332549946229056
0.6333076092066644
0.6334088967019664
0.6334817455211803
0.6335616361729592
0.6336369169090587
0.633727289211943
0.6338424318089518
0.6338588106352205
0.6337450126255075
0.6338463367730335
0.6339635234452392
0.6340456413239038
0.6341614094973352
0.6342361040349904
0.6342059602238095
0.6340824489579682
0.6341364494874039
0.6342405114974609
0.6342985149367644
0.6342934915687145
0.634377959684725
0.6341910667217945
0.6342764184911867
0.6344018393331146
0.6343576357254446
0.6341077926675757
0.6340837643975301
0.6341834527513478
0.6343331756238537
0.6344410576793708
0.6345581994117622
0.6346342088431253
0.6347554142459053
0.6347016686405437
0.6348143380480383
0.6347495392215625
0.6348394654089797
0.6347524441183569
0.6348495131957851
0.6349105532611649
0.6349948226818238
0.6350973582653182
0.6348829697068699
0.6349800458218064
0.6350946144854702
0.6352097858687662
0.6352666262184673
0.6352956785080845
0.6354094266287605
0.6354734076844072
0.6355355508067022
0.6356052533505967
0.6356257589267967
0.6356231544987228
0.6356677907341246
0.6357427227130575
0.6356039259426082
0.6357340509517068
0.635823714179618
0.6358754019073425
0.6359852814006527
0.6360741732386932
0.6359815211284521
0.6360908089514244
0.6361014635270378
0.6358394642803308
0.635640431055879
0.6357222571092398
0.6358106547153848
0.6359184798092629
0.6359608913334596
0.6360466133994106
0.6361587569211904
0.6359767751504383
0.6358635475160886
0.6358473844714262
0.6359755961912326
0.635816404096173
0.6355206065374421
0.6356420941731411
0.6357688333228717
0.6358865778816566
0.6359366080686316
0.6358291685220635
0.6359042832221092
0.6360152626623101
0.6360356539711848
0.636101679389357
0.6361810283075386
0.6362154054561562
0.6359791151319365
0.636093785586282
0.6360979030264219
0.6359474458273381
0.6360272270062001
0.6361537183325421
0.6362226385205646
0.6361881836266263
0.6362422759178179
0.6363203487167599
0.636351154892894
0.6363534902013902
0.6363463770402561
0.636404136067817
0.6365246190802877
0.636422273765188
0.6364181469972144
0.6365338911390687
0.6366174329626793
0.6367146072896969
0.6365182814082841
0.6365843751244432
0.6366264775915788
0.6367046772387213
0.6367424554614662
0.6368567652920969
0.6369751090342779
0.6370425977210518
0.6371299042955115
0.6371726003763027
0.6370828396200897
0.6371903839517955
0.6372934885997226
0.6373585658929152
0.6374641628845208
0.6375939508296573
0.6376249604765502
0.6377198021361387
0.6377832720597659
0.6378135886967413
0.6377673068404764
0.6378194301401661
0.6378995446311
0.6379843862077239
0.6380764847016898
0.6380871445897714
0.6379389953626438
0.6377529297483148
0.6378363566640869
0.6377489331342786
0.6377480827762827
0.6377643571925242
0.6378437095857523
0.6377288859964106
0.6378050906625111
0.6377880058195924
0.637873330708045
0.637973847435629
0.6377974836929303
0.6376752988916926
0.6376909842378048
0.6377611461677539
0.6377245003929852
0.6376194777990252
0.6373655004282374
0.6374022531439363
0.6373371718946577
0.637373041260083
0.6374654860237492
0.6375495498035059
0.6374622117460733
0.6374825537521104
0.6376001430884876
0.6376142710699423
0.6377015825558715
0.6378192786324953
0.6379016505112227
0.6380059630172096
0.6380692601193043
0.6381148307378504
0.6379364357307657
0.6380071268246162
0.6380855859475216
0.6378387958818046
0.6379093681389646
0.6379162516592902
0.6380107725005305
0.6380714293374098
0.6380908609782876
0.637916723080987
0.6379062031288381
0.6380073674171451
0.6381105224987287
0.6380739554914321
0.638089551912666
0.638172570952382
0.6379639020006981
0.6378557434981934
0.6377586350252513
0.6378413591291053
0.6377674333084723
0.6378504501844302
0.6377519377765355
0.6378705693997953
0.6379100716657043
0.6379600645711004
0.6379394180785238
0.6378518344977444
0.6378887515540022
0.6379693463754408
0.6380545678628169
0.6381422550576203
0.6379722601886272
0.6380182257058694
0.6380238580701464
0.6381173569805592
0.6381359036059346
0.6380589856967294
0.6380730325545052
0.6381839037843944
0.6381519540128172
0.6382371346084832
0.6383350030294309
0.6384303868726962
0.638297410528038
0.638417348015955
0.6384109465435959
0.6384972141810134
0.6384225684691935
0.6383223934627037
0.6382285231613715
0.6381123757121339
0.6382002035147546
0.6383075966013875
0.6384402552692503
0.6384437782382855
0.6384840931633213
0.6383470463663311
0.6384320425952564
0.6385120022348123
0.6386369587565295
0.6386467501913805
0.6386980089936564
0.6387852586454885
0.6388862100856206
0.6388796476645384
0.638791131840099
0.6388988774829175
0.6389964196459288
0.6390716016414842
0.6388539586927152
0.6387171292980507
0.6384948637610157
0.6383539921270492
0.6383880338978749
0.6381753539439693
0.6380080052727435
0.6379913430478807
0.6378148707920782
0.6376415207120925
0.6376848635622508
0.6375103565843209
0.6374190225781772
0.6373156607338273
0.6372671099323162
0.6373380291193422
0.6373531764463893
0.6373676864041893
0.6374367008615631
0.6374388755515616
0.6375277979903052
0.6371769925072609
0.6372448100936171
0.637038632790499
0.6368203542254912
0.6367088671715614
0.6365634793803004
0.636567704066146
0.63664886929056
0.636548653031734
0.636442575198765
0.63638021282852
0.6364760430487649
0.6363913630105641
0.6364259495571649
0.6363206067787113
0.6360805678809217
0.6361386420880186
0.6360847601626296
0.6360001074794706
0.6360768287241048
0.6358554276969673
0.6358561751340177
0.6359345514959658
0.6358336589367002
0.635709412480037
0.6357696977117111
0.6356970104098835
0.635812244508929
0.6357996667580404
0.6356254428405856
0.6357045210514267
0.6358149385555768
0.6358399188888478
0.635899990425509
0.6357977149183969
0.6358986781652636
0.6358546470948498
0.6359489119349352
0.6360317471564634
0.6359420013422367
0.636048390404915
0.6361492743708359
0.6362147419906986
0.63629486625216
0.6361011732691493
0.6362028323488127
0.6363035386890334
0.6362848778219744
0.636308375972611
0.6364278045698789
0.6364975382155016
0.6363826766672197
0.6362968229952103
0.6363918499588348
0.636398569533992
0.6365101635467343
0.6366234801468501
0.6367210766987932
0.6368317865260841
0.6368766071415071
0.6368105144692978
0.636809433532395
0.636854896782505
0.6369849187326102
0.6370957362413823
0.6371594052891705
0.6372606287201357
0.6373782709078045
0.6374796379115841
0.6375315377071801
0.6374726276259992
0.6375054177505097
0.6375022714265003
0.6374893069939209
0.6375752208950856
0.6376960546353172
0.6378023861555362
0.6378942140470716
0.637987690006861
0.6379159444426579
0.6380037085163773
0.6380680799191867
0.6381530740405627
0.638252387481288
0.6383495204634153
0.6384248820434273
0.6384070815167349
0.6384955394006049
0.6385835160798298
0.6386300877105218
0.6386858327115519
0.638679323007984
0.6387595884147448
0.6388362215352146
0.6388064521418958
0.6388855817233894
0.6389913248741496
0.639080829889029
0.6391614214349145
0.6392052228136798
0.639296035019923
0.639390360774715
0.6394680127202904
0.6393873824425295
0.639419091588803
0.6393548622841412
0.6394753034169431
0.6395410864914157
0.6395927395080896
0.6397051730254492
0.639797995938451
0.6399151598123121
0.6400153399389709
0.6401194309745649
0.6401744249480104
0.6402853135707289
0.6403481820572225
0.6404417641557726
0.640502777334617
0.6405781655380595
0.6404863374218378
0.640600838920357
0.6406664005503063
0.6407317633630201
0.6408251403836888
0.6408641172574577
0.6409188130867766
0.6410202932419755
0.641064577290662
0.6411833247167071
0.6412208566787931
0.6413417489231928
0.641442879783878
0.6415079527866807
0.641561964998679
0.6412280052354902
0.6413043423839035
0.6413020604502269
0.6413876201235187
0.6413939264766936
0.6414447860371199
0.6414918113712713
0.6415484999447806
0.641620427015106
0.6415455445992617
0.6415156618990078
0.6416013273381879
0.6415950678168032
0.6414926026782717
0.6415960872002372
0.6416589680510508
0.6416932093151886
0.6416063442817478
0.6416936077354821
0.641755141454175
0.64163248190769
0.6416794401727776
0.6412368632075593
0.6411427828294725
0.6411586371725903
0.6411225969462824
0.6411719546860453
0.6410590659507654
0.6411541454110591
0.6411918040975373
0.641264353382102
0.6413199287494538
0.6411227201411924
0.6412046746295142
0.6412441875266992
0.6412869800120039
0.6413090499262832
0.6414009983270816
0.641470190249759
0.6413105152416523
0.6413628696355633
0.6413399940297824
0.6413185356627534
0.6413726570553099
0.641467377131519
0.6415084341369797
0.6415839561739973
0.6415962321590021
0.641635113574995
0.6416515994934827
0.6416200596622333
0.641686507131965
0.6417619432273705
0.6416849352249645
0.6417512316205076
0.6418322550458726
0.6418829912752154
0.6419623908898838
0.641984649979649
0.6420783090794148
0.6419329350673186
0.6419125725152838
0.6419752720101441
0.6418262252100145
0.6418375310648841
0.6418217511005141
0.6418501152972853
0.6417841917502907
0.6418629363417933
0.6419040372909433
0.6419646788704376
0.6420537382428921
0.6421478431320213
0.6421397592157494
0.6421826433493373
0.642031812569342
0.6420773895275811
0.6421298370341862
0.6421669757003267
0.6421930224841478
0.6420824845964663
0.6420836282100789
0.6421227370708755
0.6421691869432924
0.642141600556497
0.6421467955657141
0.6420236565722724
0.6420144820655943
0.6419865704118979
0.641947423369056
0.6419697186690797
0.6419679355016495
0.6420314471662755
0.641958325999876
0.6420075259704492
0.6419672982013699
0.6417483663812125
0.6416628338610321
0.6417283585213376
0.6415343925113626
0.641347151229852
0.6413812766471245
0.6414131749431894
0.641506800514838
0.6413961380602763
0.641395291718978
0.6414832899501786
0.641365142502977
0.6413333864379506
0.6411578221934896
0.6412259643751664
0.6412601101695758
0.6413279342503223
0.6414157284928319
0.6414909119393492
0.6415374855237973
0.641431001352005
0.6415349449618458
0.6416214581435428
0.6417077577960226
0.6418254229129449
0.6416577106641493
0.6416425489896898
0.6415529740256256
0.6415516181612634
0.64154161228981
0.6416303640070645
0.6417286922135187
0.6418113998664179
0.6417085184124469
0.6417593068056804
0.6418261444381144
0.6418456000032594
0.6418549568200727
0.6419448687099291
0.6418824294608467
0.6418055592257381
0.6418843219466507
0.6419639078776371
0.6420644278410089
0.6419026908765184
0.6419986724356501
0.6421074639420821
0.6421600430479495
0.6420915193154959
0.6417278299305978
0.6418125150146904
0.6416633884388501
0.6417491855474631
0.6418164792748291
0.641877508807379
0.6419667077876524
0.6420376039384315
0.6421367297017007
0.6421188157534857
0.6421866207601508
0.6422439881512004
0.6422947832845761
0.6423509095448985
0.6423340631512506
0.642432531645189
0.6424988089608774
0.642584219412329
0.6426800553004564
0.6427481155127224
0.642832537598507
0.6429135640877887
0.6430274262358134
0.6428798497759515
0.6429831912646479
0.6428269691581409
0.6427972056040444
0.6428584277144714
0.6428669253349141
0.642960192381562
0.642926749952873
0.6428831249456359
0.6427139236240326
0.6427276307511184
0.6427971410859145
0.6428918555302046
0.6428737186016467
0.6429464957234567
0.6429715899804457
0.6430394719977598
0.6431118399075639
0.6431796800696196
0.6432571197425647
0.6431977275339847
0.6432473064723826
0.6433402328705866
0.6434334903008944
0.6431589144060751
0.643224444752091
0.6431866480177194
0.643279647222162
0.6433677321270648
0.6434460317420265
0.6433621595593864
0.6433647539555392
0.6434238902385754
0.6434059628637959
0.6433829247724536
0.6434430810799219
0.6434359078695878
0.6435317984660603
0.6434483555010614
0.6435440315543592
0.6436189918234394
0.6437005511190862
0.6437576622309379
0.6438223234724205
0.6438770469174508
0.6439412359623062
0.6440121376376357
0.6441155139816551
0.6441932007563609
0.6441901409092247
0.6442416760269973
0.6443062189527765
0.6443380136920521
0.6442931252567147
0.6443239936096791
0.6442713864934797
0.6443530288926178
0.644365993061275
0.6442651222736984
0.6443224767193151
0.6441159271009471
0.6441145783405174
0.6442040988298808
0.6442605746157586
0.6442866209336499
0.6444016407617748
0.644464864110628
0.6445332453077713
0.6444945092266856
0.6444774285914765
0.6445160329770118
0.6444602388493227
0.6445236620764068
0.6445734064629891
0.6444903405967597
0.6444361555873485
0.6444468600324046
0.6443605047122071
0.6442836792673302
0.6443280383456585
0.6443628023591086
0.6443162710124515
0.6444004807508219
0.644364497935771
0.6444552914832952
0.6444873878010968
0.6445579449663863
0.6445237343988434
0.6446015024070267
0.6446858118417724
0.6445878180539693
0.6445376548637336
0.6443285527748884
0.6442506514814138
0.6443308002938164
0.6443921487048295
0.6444736807702356
0.6445662595604211
0.6445473403109612
0.6444949275224091
0.6443480638143307
0.6444049339554436
0.6444844069296981
0.6443725685070473
0.6444382518837535
0.6442855299256018
0.6443750681424744
0.6443421204569533
0.6444277972291046
0.6445139559613586
0.6445603786005829
0.6445505571095868
0.6444831352657853
0.6443825841292681
0.6443078727616989
0.6444021594129876
0.6444978402961942
0.6445918933905634
0.6446786615759271
0.644525126808759
0.6444555320338355
0.6445600939478979
0.6445769043068399
0.6446609970553892
0.6445931038620591
0.6444897192329365
0.6445557765472182
0.6446480202150078
0.6447304069286619
0.644827709467186
0.6449136655528672
0.6450038967670763
0.6450790359686908
0.6450792989507512
0.6451474843493115
0.6451188346538661
0.6450948455594311
0.6450378464069249
0.6450429045278232
0.6450382717237327
0.6450225312076389
0.6450022379517547
0.6450565301193296
0.6451373187975539
0.6452029173676808
0.6452612390860969
0.6451929635661074
0.6452390998813456
0.6451877846362051
0.645045929416792
0.6450385711706679
0.6451163545383077
0.6451851445120729
0.6450203809802725
0.6450175952923853
0.6449463956514799
0.6448680746793317
0.6449227750230762
0.6448722371368859
0.6449100184090925
0.6448666780908597
0.6448300346976747
0.6447964143251799
0.6448836870678777
0.6449238908938258
0.6449730819305299
0.6448058558131073
0.6448415798019824
0.6449305427988257
0.6449457962894672
0.6448434288015763
0.6448237138086415
0.6447759336773105
0.6447621352663638
0.6447480683540873
0.6448200171370685
0.6449176620657792
0.6450056862151271
0.6450722704749735
0.6450697120056678
0.6450724634197426
0.6449927779023186
0.6450318696396007
0.6450690400071915
0.645125048133475
0.6451337693417766
0.6452039610400351
0.6452740124116172
0.6451808661719762
0.6452679446617393
0.6453329861009538
0.6454308329524825
0.6455058322121718
0.6455511453642181
0.6454745152688928
0.645541307968152
0.6454672612420946
0.6455341438514177
0.6453319312200145
0.6453533741263175
0.645411458726507
0.6453641663931258
0.6452328791980663
0.6453083536696385
0.6453866828716224
0.6454728890135832
0.6453809970741116
0.6454671656268207
0.6455047071189267
0.6455660207535859
0.6455283430940073
0.6455682472507598
0.6456320115462638
0.6456605240653625
0.6456876573077708
0.645658355995414
0.6457126551497713
0.6456459849133741
0.6457198158477433
0.6457609531801252
0.6455872253892195
0.6456707945825364
0.6457495574896154
0.645776428090664
0.6456941002128721
0.6456284700685764
0.645456092425692
0.645499134972842
0.6454425138804253
0.6454057549296456
0.6454350793991227
0.6454739150790593
0.6454424587424717
0.6454894009554208
0.6455087690406701
0.6455325568563373
0.6456066656305073
0.6456703041688685
0.6457136580267272
0.6456960384993075
0.6457615549318139
0.6457600565120449
0.6457918560127865
0.6458655425324785
0.645916325646885
0.6459913955973493
0.6459971439836845
0.6459224799173533
0.6459222511032574
0.6459942005752931
0.6460632279117628
0.6461395221329852
0.6462081583480154
0.6462782262030754
0.6463363534086227
0.6463149630782996
0.6463382958833106
0.6464070283332514
0.6464945280618057
0.6465388855262257
0.6466305064788355
0.6465616241853724
0.6465634459860213
0.6465446699628871
0.6465588312875469
0.6465967896683047
0.646644228063501
0.6465790991098095
0.6466542031632028
0.6465761192896754
0.6466326958025181
0.6464364963201098
0.6465162638158867
0.6465677342866005
0.6465236760149187
0.6465004202105711
0.6464945577723218
0.6464555723095288
0.6465433086504849
0.6464789632838486
0.6463289032262394
0.6463898324797245
0.6463542751274014
0.6462998952065868
0.646292801600154
0.646301434258949
0.6462616642022261
0.646101314802848
0.6461559767005527
0.6460781733438117
0.6460225116903723
0.6458132397397113
0.6457430256189843
0.6458143806477563
0.6458730294208495
0.6459532395570415
0.6459002398612296
0.6459427156285286
0.6459926211866442
0.6460344789014155
0.6460999274525663
0.6461718606346324
0.6461586988715019
0.6460090661884257
0.6460277145567288
0.6459862842325315
0.6460576652228722
0.64605090737459
0.6460272771018195
0.645967392811145
0.6460409878250672
0.6459799893595556
0.6459192701999421
0.6458198087957868
0.6457183549267299
0.6457818596419641
0.6458601943532183
0.6459397084139307
0.6459965067289977
0.6459824761311115
0.64596873836205
0.6458301746715301
0.6457067610690593
0.645761399895423
0.6455972097014747
0.6455438837431919
0.6456080360960713
0.6456867090327878
0.6457611922639224
0.6457728357387671
0.6457112046218907
0.6456392315779562
0.6457012063952369
0.6456094148556062
0.6456475365696281
0.6457158718978289
0.6456903871200279
0.6456364746235974
0.6455652346996705
0.6455370276007343
0.6454492787024307
0.6454183763924873
0.6453401305574162
0.6454221886608322
0.6454935327080158
0.6455022789853276
0.6455225375222098
0.6455262287058516
0.6455727916265908
0.6456251328448609
0.6455527243373473
0.6455598762922621
0.6455437854692895
0.6454840225081676
0.6454659952790317
0.6455384505460614
0.6456022474881278
0.6456905076572761
0.6457332171376917
0.6457588394799378
0.6457385119615958
0.6457773932293182
0.6457374983141349
0.6457746315991675
0.6458289296228729
0.6458283642934395
0.6458454751880268
0.6457372927583951
0.6458062895890825
0.6458239146363629
0.6458994295131987
0.6459542141034943
0.6460212260666003
0.6460998087941227
0.6461476706304824
0.6461746323537615
0.6462683572695125
0.6463045081315391
0.646372156610651
0.646386599099467
0.6463416732527835
0.646421000471576
0.6464061446343422
0.6464392736927457
0.6464790822676554
0.6465181990063696
0.6465548716364881
0.6465631161985106
0.6465312147792639
0.6465928339742391
0.6466126176618692
0.6465754158987154
0.6466236935201715
0.6465826121739029
0.646616293038008
0.6466646014141065
0.646720131892525
0.6468050437855971
0.646777011170724
0.6468501807372483
0.6468217276873027
0.6468860525858549
0.6469613471070843
0.64702642285103
0.6469944926979229
0.6469476030634865
0.6469571689966178
0.6470298933575063
0.6470315706399089
0.6471069415557509
0.6471749542178615
0.647255447904557
0.6473308532616138
0.6474171280860548
0.647394942762789
0.6474305022513055
0.6474260249552163
0.6473799914775815
0.6474513734571992
0.647505708378617
0.647568384857997
0.6476496730609416
0.6477277412240361
0.6478062666691333
0.6478661927688913
0.6479196423134144
0.6479513380115599
0.6479887950629172
0.6480755633429572
0.6480796377949235
