0.25641025641025644
0.482940170940171
0.6122051282051282
0.5647641025641026
0.5112871586408172
0.568680918586539
0.6065701627375806
0.6458401446556272
0.5812561301900645
0.5345433665670657
0.5559703082420325
0.5738094220602444
0.5899658919130841
0.5728570546744342
0.5943451554239486
0.5920634142552196
0.6023808788953617
0.6133508753119643
0.6206833315463661
0.6387460300441582
0.6306911405666266
0.6250089170637297
0.6368456667315289
0.6513718400622676
0.6580541580453849
0.6707188188585188
0.6727386013018835
0.6529889943604392
0.6229574463371851
0.634740026139148
0.6358263355074805
0.6391843844631429
0.6365063890628972
0.6330375423382819
0.635006321003225
0.6233563570901847
0.6201933735750518
0.6165306444988333
0.6212691851405889
0.6060528345321348
0.6132579274536072
0.6218521957324159
0.6248254238611715
0.6262612168068421
0.627338401908677
0.6203664811700159
0.6173709162524978
0.6012933172193377
0.6068249224560165
0.6048826511386344
0.6083668895111588
0.6152376458355244
0.6218714795280154
0.6240616528081636
0.6303272919280276
0.6363875002570764
0.6387116987187049
0.6307478035226917
0.6365173690926496
0.6325856000443377
0.6330308459676949
0.6371511454172951
0.6424871579846878
0.6416593129944538
0.6368883557758517
0.6298807732436164
0.6325334943192478
0.6374992579095281
0.6344894638824992
0.6274733633417401
0.6312291205277781
0.63246044881938
0.6315432279482487
0.6272673586515272
0.6309193285827048
0.6266693557143374
0.6210405080730494
0.624862924989201
0.6292249840009546
0.6334867657940471
0.6344049356632705
0.6372062389730379
0.6232017062483557
0.6272973398760909
0.6302643126349675
0.627814692287787
0.6316627216683757
0.6311804626266065
0.6339517980634456
0.6298704867251255
0.633609168677397
0.6348804389538132
0.6379130729303917
0.6381949709081983
0.6379228788753558
0.6346263316478343
0.6353849924348618
0.6329285302420801
0.6332438399282911
0.6366397302993255
0.6383189266373825
0.6328236907219943
0.6351099871341986
0.6348976077003661
0.6381002602643979
0.6361747507548525
0.6356165940365225
0.6387309821216804
0.6417925839681069
0.6448027303213161
0.6477627075686384
0.6479189386355643
0.650804848974617
0.6509338068420322
0.6537488567868545
0.6565188659325596
0.6592449066791266
0.6619280176501571
0.6645692050122652
0.6624182559361512
0.6650150385827962
0.6675721756928512
0.6700905683012387
0.6713839118715894
0.6738362707382194
0.6762522983623807
0.677327540338397
0.6796828137665839
0.6820039527972608
0.6832639449148551
0.6845059371450551
0.6867434836901256
0.6889495154951247
0.6911246937084455
0.6932696611132481
0.6929022841400532
0.6894406246596418
0.6907029333354266
0.6911035891912684
0.6920581512324903
0.6881851709650144
0.6842899049321335
0.6863669450312642
0.6867968130515615
0.688830599979798
0.6906807880837836
0.6915691695235217
0.6921688199451189
0.6941171185530612
0.6894585117140051
0.6906109433182659
0.6922921286247147
0.6934414384468307
0.6953106979684964
0.6966063356116625
0.6949463735391762
0.6926902983573956
0.6935274592798715
0.6949928380450097
0.6939470006123676
0.6941418879027791
0.6952741379085122
0.6953840314135827
0.6947474299952023
0.6937915734093585
0.6955313940149871
0.693307413215201
0.6950304052757896
0.6967341460284389
0.6984189563282809
0.6990458194873447
0.6964489473711484
0.6981076962926175
0.6950900302413378
0.6964536972186962
0.6971206817525355
0.6987403572511851
0.7003428021594235
0.7015212895716854
0.703092230152887
0.7029015203964146
0.7042459862330945
0.705571136563493
0.7070888111172895
0.7085909197782264
0.7090572926365009
0.7085817968128872
0.7083701042363911
0.7083998309200561
0.7098578317654558
0.7103288504029593
0.7112837858289428
0.711177240935272
0.7099116243277044
0.7097006733147236
0.7111098933471764
0.7108951917690096
0.7093089282554682
0.7076847851236172
0.7066958099563619
0.7074934601461421
0.7088732079756415
0.7102400004264601
0.7111418032583533
0.7111797401995426
0.7120460612391084
0.7123909422744196
0.7137102498786654
0.7146169642707919
0.7138480441852635
0.7151428494151943
0.7160164893236435
0.7159978701194104
0.7172657367706631
0.7183106932844866
0.7195571061460596
0.7206406309708757
0.7218658913613543
0.723080450787724
0.7242844488277773
0.7254780226423757
0.7266613070275378
0.7267614730917974
0.7279291591042256
0.7290869073633566
0.7274099854395005
0.7285601542773086
0.7292804897635383
0.7292177501171877
0.7303460094916994
0.7314649057178749
0.7325745548678011
0.7331474779827273
0.7342411358598472
0.7323367363813118
0.7334203933190393
0.7344953110879142
0.7355615949791274
0.7361749041547664
0.7350126314069165
0.7360641685838732
0.7371073932139766
0.7363926221995732
0.73742637662232
0.7358478881719724
0.7368757174008753
0.737895578961337
0.7360656129693267
0.7369169469156317
0.73792108070603
0.7384613047337637
0.7390311061888968
0.7390724982410142
0.7397116651990965
0.7405657111552192
0.7414605859526353
0.7424216990160084
0.7433756927233566
0.744322645886739
0.745184413380741
0.7461178038079178
0.7470443811662831
0.7479642197802239
0.7479715957955129
0.7488814456301862
0.7497847497825956
0.7506815786364214
0.7515720015698627
0.7524560869735287
0.7517220389539578
0.7522459893463467
0.7531183626232961
0.7534833608496806
0.7543453071404159
0.7552012468367908
0.7560512425074964
0.7568953558552214
0.7577336477315827
0.758566178151749
0.7593930063087636
0.7592906812520984
0.7591817766467264
0.759621461772971
0.7597578757534678
0.7605667717947019
0.7613702390034445
0.7621683318495868
0.7629611040767549
0.7637486087143736
0.7645308980894916
0.7653080238383712
0.7660800369178502
0.7649734513167143
0.7657415119333264
0.7665045688977129
0.766798849054353
0.7675535453357305
0.7678425431157535
0.7685890301153814
0.7693307319419346
0.770067694459692
0.7707999629486738
0.7712101217964559
0.7707170031052791
0.7714402933163035
0.77215903453229
0.7728732695337561
0.7732358183442409
0.7739422488166888
0.7740527505580151
0.7747522776460709
0.7754474866656818
0.7761384174759413
0.7764842778176987
0.777167812136299
0.7776126569867278
0.7782886063575888
0.7780969567861646
0.7787673587294088
0.7791325172874527
0.7797957830013041
0.7803854488786851
0.7810410147029277
0.7814637406207074
0.7798866968799932
0.7800638930594159
0.7807126721359368
0.7813576348649488
0.7819150276407952
0.7803167208864276
0.7802712082376418
0.7809099547253232
0.7815449983348149
0.7821763711719976
0.7828041049726546
0.7834282311077907
0.7840487805888572
0.784665784072889
0.7849943715826528
0.7850790887509261
0.7856879298592804
0.7862933311873616
0.7868953218037351
0.7874939304503539
0.7878557588431168
0.7884483405223259
0.7890376209108431
0.7892532571490537
0.7898370431403305
0.7904176037946391
0.7909949657676566
0.791569155422141
0.7908948688194901
0.7905554475021328
0.7911261411056691
0.7916937331135342
0.7921213786863837
0.7922172295734382
0.7919911274272384
0.7925502910631866
0.7924362152158323
0.7929911985976081
0.7930098887346813
0.7909249556379455
0.7914780642209139
0.7916116452207478
0.7921600356280616
0.7927055473455732
0.7930468336694773
0.7935871813622462
0.7941247147441154
0.79465945574478
0.7951914260666847
0.7957206471879594
0.7962471403653101
0.79591402860773
0.7938732234061717
0.7944004018629335
0.7949248906336913
0.7954467102503995
0.795965881036566
0.7964824231098911
0.7969963563848661
0.7975077005753325
0.7980164751970025
0.7985226995699423
0.7990263928210175
0.7995275738863017
0.8000262615134502
0.7980410846858734
0.7985409829911064
0.7982153673952436
0.7987123738794918
0.7972480975369453
0.7977438234598379
0.7982371312074967
0.7987280384308362
0.7992165626094021
0.7996058687532049
0.800089912548487
0.7997684107511815
0.7994484546355938
0.7999293935933022
0.8002941102411195
0.7999751903280541
0.8004514398748921
0.7990274994015514
0.7995026116961104
0.7999754828949402
0.8004461288175404
0.8005792197291021
0.8010462473175586
0.8015110925341064
0.8019737706400875
0.8024342967548779
0.8028926858575348
0.8033489527884201
0.8037331283471004
0.8041853561619688
0.8046355047684931
0.8039971567976335
0.8042168429376846
0.8046638364469593
0.8051087935393353
0.8052270527747978
0.8049128568879312
0.8053542305148816
0.805793611484374
0.8062310132603101
0.8064842445089812
0.8069181363374364
0.8073500868154286
0.8077801089430727
0.8082082156046695
0.8078936788292518
0.8075805368954101
0.8080062436721902
0.8062225654300882
0.8066493879731937
0.8070743343732527
0.8074974169733113
0.8079186480083806
0.8083380396066157
0.8087556037904793
0.8091713524778912
0.8095852974833622
0.8095645500862121
0.8099758577534125
0.810385392542737
0.8107931658921075
0.8111991891412661
0.8116034735328265
0.812006030213312
0.812406870234179
0.8128060045528297
0.8132034440336093
0.8135991994487923
0.813993281479556
0.8143857007169408
0.8147764676628
0.8151655927307353
0.815553086247023
0.8159389584515272
0.8163232194986012
0.8158480363207242
0.8141518865570636
0.8145374635559078
0.8142313128377108
0.8146151324392857
0.8138191660395582
0.8142022541752792
0.8145837690537695
0.8149637203466921
0.8153421176465966
0.815718970467726
0.8154154016208807
0.8157905735688057
0.8161642235209988
0.8165363607203491
0.8158968933249544
0.8162680689432509
0.8166377508970873
0.8170059481844426
0.8173726697311672
0.8177379243917048
0.8172234774368312
0.8175875740953236
0.8174532051607404
0.8174185757854215
0.8177801231601038
0.8181402414937795
0.8175127459484269
0.8170283282820492
0.8173878011145009
0.8173537073868254
0.8177111365308826
0.8180671694673457
0.8184218143611716
0.8173854183910414
0.8177400098116413
0.8174472320148488
0.8178003321463481
0.8178550686598761
0.8182060222848089
0.8185556260881074
0.8189038878422569
0.8191034530438558
0.8176966268111396
0.8176355918090464
0.8133353221741294
0.8136881854592445
0.8136088748136744
0.8134462831987197
0.8137969480799251
0.8141462971454412
0.8117258125455205
0.8120770703579355
0.8120545804690009
0.8124039213974972
0.8127519660702291
0.8117519203418162
0.8118945025387609
0.8120365586021375
0.8123827159527782
0.8127276006661003
0.8128090965495438
0.8131519370320538
0.8134935239844633
0.812351471073773
0.8126926502172752
0.8130325909609826
0.8133713000353286
0.813708784122064
0.8140450498546956
0.813964303403121
0.8142988999797341
0.8146322951323738
0.8149644953203086
0.815295506956587
0.8156253364084503
0.81595398999774
0.8162814740013028
0.816354051946492
0.8166796653295656
0.8170041260988938
0.8173274403637367
0.8176496141902557
0.8179706536018926
0.8165330953354569
0.8168549670980263
0.8171757114638791
0.8171868193315379
0.8175058650220588
0.8178237990551215
0.8181406272306777
0.8168537912058382
0.8171712023129338
0.8174875151117004
0.8178027352928545
0.8181168685078669
0.8184299203692992
0.8187418964511388
0.81905280228913
0.8193626433811007
0.8196714251872869
0.8199791531306533
0.8202858325972109
0.8205914689363313
0.8205187801567752
0.8191280703598992
0.8194341142340787
0.8194012863384131
0.8197058372889385
0.8200093628153882
0.8203118680879673
0.8206133582421822
0.8205997680273711
0.8208997684152852
0.8211987671324551
0.8214967691872342
0.8217937795546432
0.8220898031766455
0.8223848449624221
0.8222273745688963
0.8225212136191956
0.8211290514655903
0.8210316430946021
0.821325515601836
0.8215159655762592
0.8214807512299805
0.820431874390731
0.8206285268275347
0.8207169357270022
0.8210079796625103
0.8212980801816958
0.8207781803755766
0.8210677148176193
0.8206842722668382
0.8209730254515937
0.820724944488917
0.8194075689760937
0.8196969799232473
0.81998546475537
0.8202730279107129
0.8205596737992126
0.820845406802717
0.8211302312752087
0.8213940591178701
0.8214507133144233
0.8213564950368765
0.8215555660100451
0.821837024107821
0.8219207453296984
0.8222007441577964
0.8222750996887751
0.82228238491955
0.8225605032530092
0.8224471274666764
0.8224121085470715
0.8222639163644012
0.8224039113650078
0.8224233951304514
0.8226987076961406
0.8229731679009453
0.8232467796970798
0.8235195470123622
0.8237117755409548
0.8239829881939686
0.8226057397639258
0.8226586296833422
0.8229297938581384
0.8232001300507215
0.8234696420475953
0.8237383336122108
0.8233983057495783
0.8236662901111116
0.823933462398822
0.82419982629837
0.8239618608004368
0.8242273783557906
0.8238466572610207
0.8228741447767534
0.8231397007815858
0.8234044617085595
0.8236684311230459
0.8239316125691309
0.8241940095697731
0.824455625626961
0.8247164642218688
0.8249765288150115
0.8240150597948487
0.8227979031334087
0.8230592631582857
0.8232777746579474
0.8235376602834504
0.822733437682396
0.8229933593280231
0.8232525198560933
0.8231608690672418
0.8234190283824722
0.8236764350466377
0.8239330923464242
0.824189003549409
0.8244441719041995
0.8238704432906737
0.824125334110803
0.8243794882522614
0.8246329089041341
0.8248855992371252
0.8238214034190456
0.8235959303390565
0.8238486582325536
0.8236237912918298
0.8238757573042701
0.8241270044407832
0.8243775357734886
0.8245524872461474
0.8248017024631273
0.8250502106865839
0.8252980149207388
0.8253430571303882
0.8255897477276618
0.8258357424417271
0.8256115606448607
0.8253880094578309
0.8251650862235737
0.824007771937145
0.8242542596515188
0.8231014564911671
0.8233485214960676
0.8235948973377746
0.8238405868958
0.8240855930336362
0.8243299185988673
0.8243498627858582
0.824593145524382
0.8248357552816097
0.8250776948461378
0.8253189669911777
0.8251004376518877
0.8239654989481023
0.8242073045814154
0.8239911994539603
0.8242323073999138
0.8240167593277752
0.8242571735909886
0.8239630923885096
0.8242029246877078
0.8244421043820103
0.8242766975862503
0.8239932619251898
0.8238622042901594
0.823324135689221
0.8235628868572086
0.8238009936225834
0.8240384585907471
0.8240830136359047
0.8241274489094357
0.8241320915376062
0.8239656946320599
0.8237830096325525
0.8239013220551753
0.8240337327374473
0.8242683544271306
0.8240117773205279
0.8236477517526343
0.823652293475636
0.8234440897265524
0.8233468127865172
0.8230586616944134
0.8232924019035357
0.8232927145814529
0.8231961497401071
0.8233091691603055
0.8235413515924207
0.8236416910260265
0.8235153883212384
0.823222828912441
0.8231924722733397
0.823013098745211
0.8231671579001563
0.8232113970918786
0.8222843924501287
0.822178491603753
0.8223644043790779
0.8225183060192452
0.822489174963593
0.8224836099031514
0.822712663309728
0.8229411263724732
0.8225920697592924
0.821523155587895
0.8213246216277396
0.8206436345119685
0.8205660851072217
0.8197451549573758
0.8197736755035498
0.8193940136626979
0.8186241557754498
0.8184734262255445
0.818317561692153
0.8174916416731093
0.8169315256709914
0.81681817700045
0.8157669331744715
0.8156990966867264
0.8159309217223405
0.8153366079297963
0.8154542419337626
0.8152677913381897
0.8145419169030319
0.814523739506903
0.8145349825434297
0.8140537312292502
0.8137225910261603
0.8139542793457796
0.813357234692348
0.813588801398685
0.8134536795314568
0.8136845536904525
0.8135832221247945
0.8133606913978915
0.8133666360671689
0.8127933102677716
0.8124517009501789
0.8124587404062374
0.8123231919578456
0.8118893808565902
0.8119703593139111
0.8119285590919844
0.8120225277486351
0.8122517685684538
0.8123118010812066
0.8125401322234436
0.8124875084531
0.8127150721564336
0.8127689240170233
0.8124767444134052
0.8117473055075012
0.8115720873446499
0.8117189646015723
0.8114121225746065
0.8116390634620017
0.8118654588184175
0.8112674516532047
0.8113738455960665
0.8102302080069211
0.810232919825312
0.8099261878080523
0.8095826990626729
0.8094430859593932
0.8092500012240423
0.8090688449493232
0.8091406081432045
0.809366744863414
0.8094148315558833
0.8096401095327677
0.8092745367942402
0.8093684216434084
0.8095929582492466
0.8095648656933232
0.8087372491154164
0.8086683086821823
0.8080174913528487
0.8080895612896618
0.8082524605408465
0.8082663523917242
0.8081718440776997
0.808339919961503
0.8082388478629935
0.8082034280140573
0.8081094318459489
0.8077990270996549
0.8080217396986125
0.8074426547078644
0.807544480989196
0.807766715999601
0.8072714584014219
0.8074934958917429
0.807533325313223
0.8074771038929263
0.8073777389430585
0.8069110786274782
0.8069031621571146
0.8068274614461118
0.8067688649822369
0.8063045169628508
0.8063453387943161
0.8065659021897668
0.8066825404228738
0.8066571213149958
0.8056108196685628
0.805830965965654
0.8053718811625253
0.8052151521065978
0.805193142099383
0.8053376068020143
0.8055117761637237
0.8055320434703616
0.8052629487426971
0.8053710199608816
0.8054957908652602
0.8056202823275238
0.8047509864310609
0.8049034171396164
0.8051211588615589
0.8050693188735918
0.8046182394539108
0.8040410381705518
0.8037698814614734
0.8038291189483563
0.8040466032954201
0.8034725918695275
0.803689989444893
0.8038419082085874
0.8037824800538318
0.8036313049563817
0.8032969092460773
0.8035133042854106
0.8034544984565255
0.8032465737466055
0.8027948827094119
0.8026210304792923
0.8021956169923875
0.8017847250702064
0.8016372162728226
0.8003626791679548
0.8003622845225055
0.7997598840460178
0.7996515671252296
0.7995073318752745
0.7992245086971448
0.7994417981898968
0.7992594494683609
0.7992062535186111
0.7988660860042889
0.7985224803081636
0.7986470908937153
0.7987441250851081
0.7988314031462411
0.7984962691154902
0.7987122431035766
0.7986898293291379
0.7989051343245077
0.7991199792664687
0.7990880804297177
0.7991245892281225
0.7988060326900733
0.7985820212660601
0.7986779903071046
0.7988253597441459
0.7987696262308609
0.79884462156048
0.7990574843948075
0.7992698972020011
0.7988218825270255
0.7990340957311108
0.7991756123144641
0.7993368810934814
0.799547883321564
0.7994083022116324
0.7993156503846643
0.7990913843503602
0.7985648973471623
0.7985342131127309
0.7983144650260067
0.7982652575561676
0.7978963098886893
0.7978985012325552
0.7977619436523617
0.7974870698370612
0.7975935214779365
0.7974577052385057
0.7971955756142183
0.7968879197388412
0.7968911380224618
0.797032090703568
0.7968975546622502
0.7966138861836651
0.7966457835273447
0.796708023315015
0.7969169564873532
0.7966046738042947
0.7964714040533842
0.7964067134071546
0.7960784318946352
0.7952644457679536
0.795181730005459
0.7953907282401472
0.7954718793836334
0.795680156492204
0.7958880098426697
0.7960954407269759
0.7963024504318217
0.796509040238686
0.7967152114238544
0.7969209652584457
0.7970588948520502
0.7972407537831504
0.797397302924016
0.7975484834866456
0.7977523621538293
0.7979558306023666
0.7981588900690979
0.798361541785896
0.7985201778915575
0.7987220614808445
0.7989235408987816
0.7991246173578828
0.799325292065817
0.7987284320616977
0.7987628990948369
0.7989078558563788
0.7989089414867402
0.7990183575419577
0.7992177440920154
0.7994167354259182
0.7995757287571797
0.7997739723489135
0.7999718241548928
0.8001692853353914
0.800366357046106
0.8005457558473915
0.8007420690798253
0.8009379962488716
0.801133538492242
0.8008826268209587
0.8010778399319185
0.8012726706469705
0.8012714253723648
0.8012701825323136
0.8014642546196844
0.8016579480298115
0.8018512638699384
0.802044203242996
0.8022367672476234
0.8021639158968218
0.8020323651694138
0.8022243803341379
0.8023191241516436
0.8025104899559499
0.8027014856136326
0.8028534648545858
0.8029365106306806
0.8031265429251544
0.8033162090687718
0.8034841220319181
0.8036730796068874
0.8033279992657131
0.8028047137732595
0.8022267610275517
0.8024161989959161
0.8023844426037963
0.8025733676108673
0.8018068218920412
0.801859623452395
0.8020485084634033
0.8019195733759777
0.8019177469503107
0.801962012255952
0.8017702154731828
0.8016872131001397
0.8012353768791917
0.8014236009541167
0.8006017541974296
0.8004053338370851
0.7990449847770347
0.7992342079552107
0.7990013668733441
0.7984969436732443
0.7980886238797825
0.7981738023647816
0.7982149752427509
0.7984039125318494
0.797937678750248
0.7972479191794193
0.7974370535831699
0.7975161923414115
0.79727391789122
0.7966562987427941
0.7959159118480518
0.7953669027351611
0.7955565534277143
0.7948199269893552
0.7949256355759432
0.7950832987975729
0.7952725108947127
0.7948463677419808
0.794267400275552
0.7939452796900721
0.7939304061832532
0.7941198083834523
0.7943088627375539
0.7943140839644001
0.794197083581909
0.7939930831129041
0.7941815615364056
0.7940040646794253
0.7941091668204403
0.7939928871670153
0.7941806785187319
0.7943681278096983
0.7943732523521827
0.7945601857591352
0.7947467795958663
0.7949330347867957
0.7951189522529907
0.7953045329121818
0.7947753218559622
0.7949608776228194
0.7951460981489054
0.7949632881258402
0.7951481724467365
0.7953327236427306
0.7950259844266214
0.7952103135773169
0.795394311498631
0.7948644562313689
0.7950482694426312
0.7952317535344462
0.7945204550071345
0.7946445058367378
0.794445205895302
0.7941825429105603
0.7936975317314957
0.7932875903259765
0.7932173039593926
0.7934011108003175
0.7935845911637276
0.7935902836294207
0.7937732709666288
0.7930763271242098
0.7929645590778283
0.7931474525768761
0.793330023227735
0.7935122718845007
0.7930842366737586
0.7925118536686383
0.7921346544689618
0.7921917794273747
0.7923742273822234
0.792263957592122
0.7916300413429102
0.7918125019021545
0.7919946431953284
0.7913280497700754
0.7910400239288251
0.7912223624768803
0.7911602680021838
0.791342184145039
0.7914270811900729
0.7914077800492386
0.7915890069996737
0.7917699193199864
0.7915788166765421
0.7917594242877408
0.7919397191584874
0.7921197021003918
0.7922993739222584
0.7919852737967396
0.7918771473022356
0.7913743442922403
0.790158030117375
0.7902809273733542
0.790460789356739
0.7905451322012396
0.7907244599990125
0.7895864694690996
0.7897345279605547
0.7896701518396717
0.7898494611731417
0.7900284650392634
0.7902071642179533
0.7903855594864755
0.7905636516194522
0.7900707531434226
0.7902486592848265
0.7904262641457199
0.7903215605945532
0.7898311525530083
0.7895865693019087
0.7897639836616879
0.7899410990924699
0.7901179163491261
0.7902944361839881
0.7904706593468587
0.7903667097308383
0.7902070061152924
0.7902431555932622
0.7897573929897589
0.7899331811227106
0.7901086755411544
0.7902838769806025
0.7904587861741132
0.7906334038523015
0.7906412028499266
0.7908153782219316
0.7909892640255709
0.7909967480255496
0.7905774264800631
0.7907510770385374
0.7908060826558566
0.7909792564284925
0.791152143726732
0.7906712979071998
0.7908440113577714
0.7908515595759431
0.7910238400046284
0.7911958368441308
0.7913675507940945
0.7915389825518644
0.7915928445178668
0.791681775736474
0.7916885939530834
0.791859201165243
0.7919749737774918
0.7921450678300042
0.792314883951058
0.792484422821302
0.7925371621641418
0.7927062435315713
0.7928010193178573
0.792218875560748
0.7923876660761333
0.7922856198103788
0.7924540824058286
0.792401261210421
0.7922223359555368
0.7920668162662524
0.792100176425563
0.7921065575431513
0.7921846708049316
0.792352263812347
0.792209662967522
0.7917394945637127
0.7917708689497299
0.7919381212638266
0.7921051051151398
0.7916481020013523
0.7910952548965869
0.7911824484475104
0.7913495024887524
0.7914866835123129
0.7916532276948111
0.7918195060446157
0.7919855191976901
0.79199190523817
0.7921575167785855
0.7921239785790799
0.7916599214248636
0.7911973362996855
0.79120431146902
0.7910303005901281
0.7911490871170255
0.7913141866529013
0.7914790253680254
0.7912848466151339
0.7914494484711156
0.7915012163266489
0.7916653885972579
0.7899647123379259
0.7901294458968765
0.7902939212527567
0.7896750536558478
0.7898396271662892
0.790003943329568
0.7900811971932863
0.7902450682337288
0.7902526773848724
0.7890217542113758
0.7891859396166587
0.7893498696791652
0.7895135449940998
0.7896769661548186
0.7898401337528367
0.7900030483778344
0.7899075128381666
0.7900701231223476
0.7900391330812631
0.7902013903199946
0.7903633969683962
0.7903965527834925
0.7905581591421791
0.7907195164926089
0.7908806254098586
0.7910414864672356
0.7912021002362847
0.7913624672867944
0.7912667682840162
0.7913571242202179
0.7913637471135356
0.791523499221412
0.7916830068731171
0.7918422706293303
0.7920012910490176
0.791614812418991
0.791773763744377
0.791639320795932
0.7917980113360722
0.7914585869686348
0.7916171735945142
0.7917755192072843
0.79193362435595
0.7914530578292541
0.7916110479369592
0.7917687988469237
0.7919263111019563
0.7920835852432246
0.7922406218102616
0.7922087420956877
0.7923654474183909
0.7925219165612556
0.7926781500578209
0.7928341484400198
0.7929899122381852
0.7931454419810565
0.7933007381957855
0.7934558014079417
0.7935192144357377
0.7936738816908421
0.7938283174081393
0.7932345789508408
0.7930292605200244
0.7929348896508285
0.7930894158525816
0.7930945691591792
0.7930831557527848
0.7930510759644357
0.7931696249796266
0.793323402210125
0.7933055027799768
0.7933764629775336
0.793381376580666
0.793534540867856
0.7935567592907424
0.7937095670188766
0.7938621487000757
0.7940145048355524
0.7941666359250387
0.7943185424667913
0.7943882846101705
0.7945398039288071
0.7946911000967535
0.7947855709010068
0.7949364638635795
0.7948422171352938
0.7948460040536967
0.7949231529868929
0.7950303768267766
0.7951805377228741
0.7953304787640726
0.7954802004328626
0.795629703210324
0.795778987576131
0.7959280540085572
0.7960769029844809
0.7960797623846378
0.7962282840434983
0.7963765895136268
0.7965246792667078
0.7965272049358453
0.7966749702191163
0.7968225210389863
0.7969698578620182
0.7971169811534226
0.7972638913770623
0.7970085951057652
0.7970520761339916
0.7966688496820643
0.7964947606610344
0.795920089116546
0.7960672267595765
0.7961587323044738
0.7963054862768968
0.7962721729774169
0.7962322510275702
0.7963786359047056
0.7962249387368004
0.796371118838137
0.7963122762542285
0.7958880639761265
0.7959148488612174
0.796060728168679
0.79620639907713
0.796173418064227
0.7959021400086593
0.7960476124676696
0.7960345997648991
0.7961797708682692
0.7962938120974742
0.7964385926148179
0.7962990765689266
0.7962746661255881
0.7963818248170257
0.7961717739135409
0.7963161281813075
0.7964602781259775
0.7965031936698367
0.7964450894441236
0.7965473008714853
0.7959851644559091
0.7954270458308831
0.7952041206151125
0.7951806868651404
0.7951840759742366
0.7950937615615117
0.7952376563918758
0.7953813492645833
0.79552484060451
0.7939988969944274
0.7941428530412518
0.7939873263082821
0.7941310895139287
0.7942746522130124
0.7944180148247107
0.7937762824913894
0.7938203482595755
0.7937319857289341
0.7938752274055113
0.794018270273377
0.7941611147461416
0.794303761236269
0.7944462101550805
0.7945884619127587
0.7941812905763208
0.7943234305690168
0.7944653743712465
0.7946071223889215
0.7947486750268341
0.7942013274545016
0.794170906719846
0.7943124673066961
0.7944538333085472
0.7944576424889672
0.7945987148002307
0.794739593596664
0.7948802792761729
0.7950207722355728
0.7944766101738099
0.7939331925197922
0.7940740447463679
0.7942147045518689
0.7943551723303319
0.7944954484747178
0.7946355333769163
0.7947754274277494
0.794915131016975
0.7950546445332899
0.7951939683643346
0.7953331028966958
0.7954720485159105
0.7956108056064696
0.7957493745518212
0.7958877557343741
0.7960259495355019
0.7961639563355455
0.7963017765138176
0.7963428853520804
0.7963453547070082
0.7964827734960047
0.7966200069595948
0.7967570554724253
0.7967592392734538
0.7968960096373344
0.7964969558609402
0.7966336268106642
0.796770114309449
0.7969064187264111
0.7970425404296776
0.7971784797863891
0.7973142371627034
0.7974498129237987
0.7975852074338763
0.797629329782709
0.7977644236880609
0.7978993373480422
0.7980340711231435
0.7981686253728949
0.798303000455869
0.7979063209339862
0.7980406024483158
0.7981747056339411
0.7983086308458628
0.79844237843814
0.7985759487638935
0.7987093421753081
0.7988425590236369
0.7989755996592032
0.7991084644314047
0.7991903458439843
0.7993228934704899
0.7994552662320529
0.7995874644744839
0.7993901077785192
0.7993027322412501
0.7994347699174071
0.7995666339740032
0.7996739903005401
0.7998055241217479
0.7999368853263924
0.8000680742540471
0.7995437832486383
0.7996750577848212
0.799806160495695
0.7999370917183923
0.8000678517891646
0.8001984410433847
0.8003288598155496
0.8004591084392837
0.8005891872473415
0.8007190965716103
0.8008488367431132
0.8009784080920117
0.8011078109476085
0.8012370456383509
0.8013661124918324
0.8014950118347969
0.8015913185716096
0.8017199048849138
0.801848324635636
0.8019765781471987
0.8021046657421875
0.8022325877423542
0.8023603444686188
0.802487936241073
0.802615363378982
0.8020978808751915
0.8022253951272049
0.8020951791612504
0.802222531040812
0.802349719123744
0.801961344404253
0.8020884552229922
0.8022154029746131
0.8017011623316807
0.8018281955396681
0.8019550660930999
0.8020817743041727
0.8022083204842851
0.8022971180242877
0.8024233650753577
0.802549450994263
0.8026753760892922
0.8028011406679478
0.8029267450369492
0.8028994205652515
0.803024802613238
0.8031500252434902
0.8031480239568044
0.8026380887034985
0.802763318342646
0.8028883891617059
0.8030133014626173
0.8031380555465548
0.8031360694354495
0.8032605880506073
0.8033849492465298
0.8035091533215477
0.8036332005732387
0.8037570912984291
0.8038808257931968
0.8040044043528733
0.8040378668546303
0.8041611910416319
0.8042843601038698
0.8044073743338485
0.8045302340233373
0.8046529394633729
0.8042004177531281
0.8043231761119036
0.8044457806381493
0.8043595069287119
0.804481935272311
0.8046042104847736
0.8047263328532206
0.8048483026640556
0.8049701202029669
0.8049670196912994
0.8050886113249083
0.8052100514424629
0.8053313403269944
0.8050376265703088
0.8051588718274167
0.8052799663756907
0.8054009104959542
0.805521704468334
0.8056423485722619
0.8057628430864763
0.8058831882890249
0.8060033844572669
0.8061234318678752
0.8062433307968375
0.8063630815194599
0.8064826843103683
0.80660213944351
0.806691107693163
0.806686982472637
0.8067180705038571
0.8066318319546963
0.8066824516820404
0.8064938400881401
0.8064078983712246
0.8064709714736323
0.806242801821835
0.8063058988201597
0.8064246566994852
0.8065432690421938
0.8065882517310841
0.8061666230940537
0.8062851756181552
0.8061998342312656
0.8058953091692381
0.8060138102014913
0.8061321666321188
0.8062503787256359
0.8063684467459128
0.8059684249819266
0.8060865208888152
0.8060385806250584
0.80615649030249
0.8062742567117838
0.8063204489913617
0.8064379729907601
0.8063127831951319
0.8060847148416804
0.8057857537787841
0.8059033168818236
0.8054157770651982
0.8054125027138891
0.8055300782409502
0.8056475117685825
0.8056977479647927
0.8058149387078779
0.8059319881721889
0.8060488966130491
0.805592720193701
0.8057096217449977
0.8057061904819297
0.8058228834606193
0.8059394363516993
0.8060558494072771
0.8056574402853077
0.8057738828016138
0.8054557605986915
0.8055721844403441
0.8055688517941476
0.8056850688582277
0.8052537367693754
0.8053415215042271
0.8050998151705931
0.8052159654595261
0.8051334465204
0.8050510258181062
0.8051669978431995
0.8052828319705222
0.8052364801554908
0.8053395008942674
0.8052572024763283
0.8053727082874337
0.8054880771621892
0.8056033093439651
0.8057184050755555
0.8058333645991793
0.8059481881564832
0.806062875988542
0.8061774283358613
0.8062918454383785
0.80604386494684
0.8060927122486927
0.8062069770028184
0.8059898350846777
0.8061040258821559
0.8062180823375192
0.8062013625817522
0.8063152278211284
0.8064289593373815
0.8063825061495501
0.8063787627441837
0.8059929300275389
0.8061065838470892
0.8058297845200906
0.8053604923839228
0.8050035543449001
0.8051174541379229
0.8050852781576906
0.8051989973652999
0.8049320040077816
0.8050456799961221
0.805159223572129
0.805272634967023
0.805192003222811
0.8047751679268197
0.8048886047845031
0.8049786810883448
0.8050918681567788
0.8052049239177087
0.8053178485994955
0.805430642429971
0.8050252182930079
0.8050174876497057
0.8049622051017673
0.8050749437115351
0.8049949851459401
0.8048766277642161
0.8047968759113036
0.8047472525687941
0.8047580780207803
0.8047882535847907
0.8049006380099002
0.8049533716612972
0.8050655318846086
0.8051775631881233
0.8048195164440854
0.8049315603496858
0.8050434756908507
0.8051552626887344
0.8052669215639844
0.8052222513496137
0.8053337440506156
0.8054451091855981
0.8055262545897531
0.8056373824442732
0.805098222570859
0.8052094044176525
0.8053204594892502
0.8053249937050961
0.8054358564649452
0.8052620170474921
0.8051831801018831
0.8052939344054068
0.8054045628517673
0.8055150656553722
0.8055686893411524
0.8052645834775519
0.8051320233800185
0.8050653763412763
0.8051242809464574
0.804779117732717
0.8048894743648636
0.8049997063002506
0.8051098137501094
0.8051391777700827
0.8047951651683126
0.8049051397231474
0.8050149904327627
0.8050309264726617
0.8051405828694712
0.8052501159875884
0.8053595260347864
0.8054064262946709
0.8055156258309814
0.8056247028776269
0.8056735999852387
0.8057824663157792
0.8058912107355352
0.8059998334491695
0.8058686414681737
0.8059771553633843
0.8060855480140193
0.8061317810351666
0.806239966425214
0.8063480311399797
0.8064559753812617
0.8065637993504086
0.8066715032483204
0.8067790872754499
0.8068865516318039
0.8069938965169446
0.8065865807429662
0.8066939729801994
0.8068012460251605
0.8069084000761726
0.8070154353311193
0.8071223519874455
0.80678242686073
0.8068892949874663
0.8069960449625977
0.8071026769819554
0.8072091912409383
0.8073155879345139
0.8074218672572196
0.8074779141380541
0.8075839869126337
0.8076899428669769
0.8076857106474574
0.807791494084945
0.8078971612129907
0.8080027122233132
0.8080166225039886
0.8078475683752817
0.8079529728907094
0.8080582618310106
0.8081634353861717
0.808268493745763
0.8083734370989399
0.8082959169838239
0.8079589815554262
0.8080638646894758
0.8081266447431806
0.80823132196918
0.8083358850433516
0.8084403341523199
0.8081045254052841
0.8082089299072399
0.8083132208643322
0.8084173984616886
0.8085214628840343
0.8085615451198065
0.8086654183997198
0.8087691790188088
0.8088728271602621
0.8089763630068708
0.8090797867410306
0.8091830985447422
0.8092862985996125
0.8093893870868559
0.8094923641872953
0.8095952300813626
0.8096979849491007
0.8097646706817783
0.8098672234199552
0.8099696656487161
0.8100719975465897
0.8101742192917206
0.8102568880396469
0.8103589004654321
0.8104393094388521
0.810541114321001
0.8106428099118109
0.8107443963871801
0.8103788670904924
0.8104804861327805
0.8105819963169622
0.8106833978178631
0.8107846908099349
0.8108858754672558
0.810986951963532
0.8110879204720984
0.8110108135560251
0.8111116615744051
0.8110790686882321
0.8111797728094003
0.8112803696272962
0.8111442009297075
0.8108131964606333
0.8108473202264703
0.8109478264325137
0.8108712034055536
0.8109715902402641
0.8110718705637441
0.8107851252825704
0.810708750900686
0.8108090110961835
0.8106444748277366
0.8107446629362933
0.8108447450817527
0.8109052780570416
0.811005169616441
0.8109289613255488
0.8108528334655706
0.8109525946293545
0.8110245059769683
0.81076358130242
0.810843728422831
0.8109432843552401
0.8108759427165831
0.8109753770264062
0.8110747068335389
0.8107680881467948
0.8108674224837256
0.8109666525873542
0.8110657786216556
0.810990097745369
0.8109843407533599
0.8110833018314995
0.8111821593396986
0.810757900888161
0.8107821481209131
0.8108810080226263
0.8105564975758387
0.8106553204774684
0.810754040331234
0.810539994453
0.8106386715392223
0.8107372458903211
0.810835717666653
0.81047184631639
0.810149278164373
0.810247850709459
0.8103463209478039
0.8104446890385986
0.8104853547720616
0.81058354888876
0.8106816413025929
0.8103051670231057
0.8102839179813093
0.8103820131633251
0.8100613705877432
0.8099873413136488
0.8098642459731509
0.8099623046394875
0.8100602622144156
0.8097574090253419
0.8098553712246078
0.8099532325878479
0.8096345146108939
0.8097323386013302
0.8094143382536902
0.809272685608785
0.80937049448796
0.8094682031017538
0.8095658116042632
0.8092489581635219
0.8092442272386301
0.8090009190106621
0.8090985169059044
0.8089406524948187
0.8090098223733023
0.8086946670215703
0.8087310102086134
0.8088284472895055
0.8087075715889654
0.8088049214253069
0.8087634503194308
0.8088267802040336
0.8087545443739843
0.808851672589132
0.8089111011441253
0.8090080513718554
0.8090915585519539
0.8091883190392565
0.8092849814916175
0.809381546057951
0.8091888283871581
0.8092853439013781
0.8093817618266049
0.8094780823107753
0.8094059553331774
0.8095021663602682
0.8095982803025688
0.8096942973069547
0.8097342139357763
0.8098300657171689
0.8099258209710877
0.8100214798432713
0.8098655334248391
0.8099611264195978
0.8100109403807393
0.8101063643182678
0.8100343564379207
0.8101296728672042
0.8102248936932487
0.8103200190598184
0.8104150491103898
0.810464461158452
0.8105593237905049
0.8106540915124707
0.8107487644667144
0.8108433427953168
0.8109378266400743
0.8110322161425007
0.8111265114438267
0.8104123213420173
0.810444486520632
0.8105388396881179
0.8106330989718551
0.810727264511899
0.8108213364480262
0.8108443476356542
0.8109382680191518
0.8107839562236088
0.8107360900321714
0.8108299243950706
0.81081354572975
0.8109072487779273
0.8106708260475092
0.8105593441215374
0.8106530338623279
0.8101813740791965
0.8102751116722439
0.8101630969741496
0.8102567510950306
0.8101859473058648
0.810164149129178
0.8100934607141719
0.8101869646724613
0.8102803765992957
0.8103736966304815
0.8103030442067038
0.8103962613839979
0.8104893869923555
0.8101846869069852
0.8102777792625973
0.810370780351194
0.8104636903069259
0.810523861532698
0.8106166056043902
0.8107092589284585
0.8108018216380289
0.8108942938659673
0.8109866757448799
0.8110789674071138
0.8111711689847579
0.8112632806096435
0.8113553024133443
0.8114472345271779
0.8115016084621753
0.8115933798309863
0.8115634073833801
0.8116550594225905
0.8114549354267604
0.811109233320139
0.8111402633185265
0.8112319428023524
0.8113235333201582
0.8114150350013802
0.8114095017803422
0.8115008731457587
0.8115921560159061
0.8111993234137687
0.8108983569501189
0.8109897545542997
0.8106894264475355
0.8099989402954899
0.8100905070712511
0.8101819856323921
0.8102733761063293
0.8091964450614348
0.809288089420195
0.8093796457862918
0.8094711142863944
0.8094425909701899
0.8091460479984888
0.8092374531479147
0.809328770786427
0.8094200010396392
0.8086579720526418
0.8085901634063257
0.8086815284834586
0.8087728063801746
0.8084784567077435
0.8081846677013552
0.8078914377606308
0.8079827875286952
0.8078522507158646
0.8079435323069736
0.8076512271030751
0.8077424741490414
0.8078336346639067
0.8079247087707011
0.8080156965922214
0.8081065982510318
0.8078151066727433
0.8079059742346001
0.8079967559102926
0.8080874518215301
0.8081780620897919
0.8081337523456654
0.8082242552926722
0.808314672899795
0.8084050052876838
0.808181231537352
0.8081146050943809
0.8082049041037482
0.8082951181657879
0.8083852474003127
0.8084752919269103
0.8085652518649437
0.8086551273335517
0.8087449184516495
0.8088346253379292
0.8089242481108603
0.8086790700591281
0.8087686817359153
0.8087021545753025
0.8087916715829883
0.8088811048516585
0.8089704544987593
0.8090597206415169
0.8089620748121653
0.8090512615186022
0.8091403649896621
0.8092293853418124
0.8093183226913034
0.8093406081220824
0.8094294108197433
0.8093319110940357
0.8094206351931078
0.8095092767581343
0.8095978359042254
0.8096863127462773
0.8094134543670278
0.8094503510404363
0.8095387731513224
0.8095343488595083
0.809159043180853
0.8091547989532436
0.8092431941366836
0.8093315074727313
0.8094197390750114
0.80919953259687
0.8091143733122668
0.8091101614946548
0.8089563879679553
0.8090445890815435
0.8091327087912429
0.8092207472096971
0.8093087044493422
0.8089357511293195
0.8090237586138292
0.8091116850601396
0.8091995305801304
0.8092872952854753
0.8093749792876429
0.8094625826978967
0.8093969897185531
0.8093314569715137
0.8094189597448173
0.8093268848330876
0.8094143094617747
0.8095016539578967
0.8095889184315762
0.8096761029927338
0.8096106524497929
0.8096708380939551
0.8097578656028285
0.8098448135618765
0.8099316820801215
0.8100184712663863
0.8097128265406567
0.8097996363825634
0.8098863670545275
0.8098050965806505
0.8098917457393836
0.8099783159826718
0.8100648074182736
0.8101512201537521
0.8102375542964744
0.8103238099536123
0.8104099872321432
0.8104960862388497
0.810582107080321
0.8106680498629524
0.8107539146929466
0.8108397016763133
0.8109254109188705
0.8108600763426693
0.8109456987617084
0.8110312436943954
0.8110951739108977
0.811180573922692
0.8112311371170681
0.8112260643360757
0.8111608004996562
0.8112113041650791
0.8112964591925194
0.8113500823209896
0.8114350980567621
0.8115200372017815
0.8113547622838357
0.8114396611306928
0.8115244835953213
0.8115193017232011
0.811229480314187
0.8112244356240188
0.8113092023794638
0.8113938930426687
0.8114785077160457
0.8115630465018233
0.8116475095020466
0.8117318968185779
0.8117042515445884
0.8117885379136374
0.8117465514170088
0.8118307434780924
0.8117658511773274
0.8118499593760864
0.8119339924446991
0.8120179504837863
0.8121018335937891
0.8118670487820676
0.8119509243733373
0.8120347252091781
0.8121184513894858
0.8121678540928194
0.812251446503103
0.8123349645429148
0.8124184083114595
0.812472148278136
0.8125554569639297
0.8126386916633241
0.8126725355147336
0.8127556444164573
0.8128260093508307
0.8127021207533053
0.812785106078625
0.8128680179005565
0.8129508563167138
0.8130336214245383
0.8131163133212989
0.8127568454551091
0.8128395865751024
0.8128591551575086
0.8125830217460721
0.8124010265887074
0.8124837421854496
0.8125596045223512
0.8126421773837952
0.8127246775258542
0.8128071050445489
0.8128894600357303
0.812614392378556
0.8125502677187529
0.812632590833501
0.8127148416715899
0.812577625856903
0.8122158743217368
0.8122981635967931
0.8123803807831282
0.8123749603011741
0.8123945523785665
0.8123308043970653
0.8124128635118895
0.8124948508967182
0.8125282253126169
0.8126100907164105
0.8126918846532432
0.812773607216658
0.8124673865142359
0.8125491000713103
0.812630742449328
0.8125050039997679
0.8125865945115173
0.8126681140441352
0.8127495626902029
0.8127440218111546
0.8128253667191427
0.8129066409845709
0.8129878446994213
0.813068977955517
0.8131500408445216
0.8131443407834705
0.8132253007744656
0.8131694260345528
0.8131938397970448
0.813274673271819
0.8133394173417546
0.8134201179827656
0.8131493446626941
0.8132300228385737
0.8133106313742497
0.813391170359852
0.8134716398853543
0.8135520400405762
0.8136323709151817
0.8137126325986808
0.8137928251804291
0.8138729487496286
0.8138096342197004
0.8138896816684452
0.8139696603183513
0.8140495702580771
0.8141294115761286
0.8142091843608599
0.8142888887004734
0.8143685246830203
0.814448092396401
0.8145275919283649
0.8145128049510936
0.8145922087160974
0.8146715445275154
0.8147508124725421
0.814830012638223
0.8149091451114545
0.814774626040497
0.814505932377637
0.8145850680720151
0.8145422964925754
0.8146213492221182
0.8147003345867445
0.8147792526725253
0.8147161992089212
0.8147950433794706
0.8148066598064287
0.814885398471477
0.8149640702103331
0.8148120645973054
0.8147208492832513
0.814799490688479
0.8148780653636218
0.8149565733935779
0.8148836189931808
0.814616881492975
0.8146953671485664
0.8146761269463159
0.814754521139655
0.8148328490376933
0.8149111107244905
0.8148593137585349
0.8148991075065638
0.8149772421171562
0.8149950335159013
0.8150730617598845
0.8151510242127681
0.8152289209577269
0.8153067520777952
0.8153845176558677
0.8154622177746995
0.8151969005183709
0.8152745815185733
0.8153521972406244
0.8150618930549015
0.8151395328982873
0.8151704810124253
0.8152480101730744
0.8153254743197523
0.8154028735342035
0.8152504688545602
0.8153278346548724
0.8154051356868293
0.8154823720317302
0.8154898379293888
0.8155190001633812
0.8155960920981228
0.8153839351288639
0.8153218402359779
0.8152597971752228
0.8153368685990128
0.8149968615645679
0.8150739783375713
0.8150068000773666
0.8150838484738359
0.8151608327167693
0.8152377528862588
0.8153146090622628
0.815252801186007
0.8153295872204267
0.8154063094525744
0.815482967961938
0.8155595628278732
0.8152977962888207
0.8153743726585185
0.81545088555837
0.8155273350672522
0.8155660777480073
0.815504447197063
0.8155431672888686
0.8156194521659204
0.8156366176909211
0.8157128009067514
0.8157889211872524
0.8158649786103791
0.8158034027490735
0.815879391444309
0.8158865889461189
0.8159624807066522
0.8159009661561619
0.8158183811681999
0.8157819276260446
0.8157205633211231
0.8157963672852032
0.8158721089104971
0.8159477882738714
0.8159801584685432
0.816055731298741
0.8157207330510814
0.8157963503128577
0.8158719055424258
0.8159473988160861
0.8159716007018173
0.8160469912791619
0.8160638200530619
0.8161391111623321
0.8161497356107754
0.8160390218315704
0.8161142307351552
0.8161893781684468
0.8162644642067768
0.8160400469762581
0.8159110510387168
0.815660348385874
0.8155607432566092
0.8156359325174095
0.8154122286600947
0.8151553783110229
0.8151595465841551
0.8149906452226482
0.8148218812351644
0.814897156893199
0.8147466275504729
0.8146864813437776
0.8146263839768767
0.8147016167755873
0.8147767885334877
0.8148518993248367
0.8148877217436152
0.8149627267185976
0.8149926684610724
0.8150675702147319
0.8146778175958959
0.8147527558014778
0.8145389164845468
0.8142906179324318
0.814210284328818
0.8140834331845593
0.814113621019791
0.8141886054405173
0.8141291207877859
0.8140696840872131
0.8140473436382074
0.8141222339549057
0.8140628718102647
0.8141376956043048
0.8140783749973308
0.8138259004193586
0.8139006991737101
0.8138415690401731
0.8137824863816531
0.8138572125107134
0.813619894022832
0.8136373450906427
0.8137120395415082
0.8136531271325038
0.8135737244445792
0.8135983146269472
0.813272745073275
0.8132141026419124
0.8132088191142667
0.8129437553207127
0.8130184582938275
0.8130931016238498
0.8131314088095909
0.8131886047929658
0.8131336351241188
0.8132081135477441
0.8132825326260119
0.8133568924298248
0.8134311930299721
0.8133727909104483
0.8134470260771507
0.8135212022099232
0.8135953193791561
0.8136693776551278
0.8134716493374269
0.8135456979085514
0.8136196877109686
0.8136936188146137
0.8137108469027691
0.8137846832694346
0.8138447991799378
0.8137487927531055
0.8135849967148027
0.8136587660077529
0.8137324769389207
0.8138061295775373
0.813879723992724
0.8139532602534933
0.8140267384287487
0.8141001585872845
0.8140649967251743
0.8141383438665055
0.8141853450453174
0.8142585869274438
0.8143317710933511
0.8144048976112347
0.814477966549183
0.8145509779751771
0.8146239319570908
0.8146968285626917
0.8147135133223536
0.814758251206538
0.8148310091597168
0.814838273519424
0.8149109429568182
0.8149835553762153
0.8150561108446952
0.8151286094292327
0.8150704346867709
0.8150123055179419
0.8150064275596343
0.8150788320889651
0.8151511799637347
0.815223471250413
0.8152957060153658
0.8153678843248557
0.8154400062450413
0.815512071841978
0.8155840811816182
0.8156560343298112
0.8155979261520954
0.8156141230062827
0.8156859803238952
0.8157577816560635
0.8157516454482536
0.8158233653215707
0.815895029381757
0.8159666376939383
0.8160381903231396
0.816109687334285
0.8161811287921971
0.8162525147615981
0.81632384530711
0.8160070723752872
0.8160525829497474
0.8160269712463935
0.8160982786218793
0.8161695307417468
0.816240727670197
0.8163118694713313
0.8163829562091519
0.8164539879475623
0.8165249647503668
0.8165958866812713
0.8166667538038828
0.8167375661817106
0.8168083238781655
0.8168790269565607
0.8169496754801113
0.8170202695119354
0.8167053041034883
0.8167759378976681
0.8168465172744409
0.8169170422966687
0.8169875130271165
0.8170322786370843
0.8171026508376085
0.817172968926483
0.8172432329660961
0.8173134430187406
0.8173835991466137
0.8174537014118165
0.8175237498763553
0.8175937446021412
0.8176454268137127
0.8172743064355668
0.8173442894664226
0.8174142189114967
0.8174840948323112
0.8175114111269005
0.8175811964381331
0.8176284423380376
0.8176828449202546
0.8177524847808657
0.8176788870394449
0.8177484752504985
0.8178180103610478
0.8178874924318483
0.8178298405729977
0.8178992651764379
0.817968636884942
0.8180379557589386
0.8177265595062706
0.8177959177408572
0.8177384322897069
0.8176176191975815
0.8176869397528086
0.8171352841646314
0.8170781803249737
0.8171475740350174
0.8172169151142609
0.8172862036225572
0.817203867054303
0.8171468453874895
0.8172160817201712
0.817285265640792
0.8173543972088431
0.8171144316911049
0.8171835494417885
0.817252614969011
0.8173216283319381
0.817390589589646
0.8174594988011216
0.817528356025263
0.8172889829713428
0.8173578266100121
0.8173728115555988
0.817441571792212
0.8174684620131741
0.8175371345255845
0.8176057553851085
0.8175991366800767
0.8176455768656866
0.8177140796542419
0.8177825309949651
0.8178509309457929
0.8179192795645749
0.8179875769090743
0.8176808699061088
0.8177492054121409
0.8178174897113496
0.8178857228612705
0.8179123058511721
0.8179804524432936
0.8180485480465697
0.8179296069291252
0.8179976706274694
0.8180241621141141
0.8177866534045443
0.8178207348736322
0.8178140853456942
0.8178820398084523
0.8178256582375567
0.8178935577313183
0.817961406629332
0.8180292049881293
0.8180969528641575
0.81816465031378
0.8181909614144404
0.8182585735522558
0.8181402618148758
0.8181149402757398
0.8181825053053551
0.8182500201567084
0.8183174848856778
0.8182364765424919
0.8182509076925661
0.8183182970482604
0.8182620881415215
0.8182724222497142
0.818286818707082
0.8181954235766568
0.8182010260599124
0.8181942924209706
0.8181930426141636
0.8182602540586685
0.8182746230915894
0.8183417547417218
0.8182857447387398
0.8183528227214867
0.8184198512001872
0.8181640711001503
0.8181082092253591
0.8181752537483133
0.8179408705042998
0.8177068323221104
0.8177455998315861
0.817812629769125
0.8178796104199453
0.8177952133908006
0.8178621512257048
0.8179290398958386
0.8178327207018812
0.8178261765841924
0.8176510479544533
0.8177179159236669
0.8177847348694427
0.8178515048456723
0.8179182259061684
0.8179325886418829
0.8179992311789833
0.8178462859791373
0.817730029107894
0.8177966726073062
0.8178632673907099
0.8178080256659295
0.8176421485066784
0.8176565700870493
0.8176014642828813
0.8176680088052151
0.8177345047903335
0.8178009522913214
0.817867351361186
0.8178122691445395
0.8177572270460406
0.8178235695189033
0.8178898637075792
0.8179561096647608
0.8180223074430646
0.81808845709503
0.818067165384925
0.818012170652372
0.818078251926645
0.8181442852290309
0.818210270611749
0.8180585802705768
0.8181245488781654
0.8181904696650889
0.8182563426833261
0.8182014387803864
0.817804065874451
0.8178699833614719
0.8176401424479783
0.8177060477091103
0.8177719053508339
0.8178377154247412
0.8179034779823495
0.8179691930751022
0.818034860754368
0.8181004810714418
0.8181660540775444
0.8182315798238228
0.8182970583613502
0.8183624897411265
0.8183878772138218
0.8184532288233166
0.8185185334172651
0.8185837910463851
0.8186090624690459
0.8186742406715363
0.8187393720506054
0.8188044566566914
0.8188694945401599
0.8186407502829576
0.8187057769053014
0.8184773958398014
0.8184707778613488
0.8185357722122756
0.8186007200389713
0.8186656213913723
0.8186754526591701
0.818663668187613
0.8184359699609696
0.8184650999716978
0.81852991071787
0.8185946752036952
0.8186067566668381
0.8186714475524777
0.8187360923127085
0.818800690996845
0.8188652436541315
0.8189297503337419
0.8189942110847801
0.8187027540701591
0.8187672497108315
0.8188316994797821
0.8188961034259322
0.8186695342583117
0.8187339271793846
0.8187095274892251
0.8187738605170856
0.8188381479024999
0.8189023896940238
0.8187893438274184
0.8188535573838226
0.8189177254470943
0.8189818480655621
0.8189785000873172
0.8190425558197704
0.8190560331106522
0.8191200161258182
0.8190779093686156
0.8191418394359765
0.8192057243390369
0.8192695641256403
0.8193333588435628
0.819397108540513
0.8194608132641318
0.8195244730619935
0.8195880879816051
0.8196516580704065
0.8197151833757709
0.8197515783545389
0.819815023768705
0.8198784245344443
0.8199417806988711
0.8200050923090333
0.8200683594119124
0.8197802117100811
0.8198435133568285
0.8198872636837553
0.8198334832004217
0.8198966995221059
0.8196623964827005
0.8197256284614933
0.8197888161136274
0.8198519594856969
0.8199020859317485
0.8199651454254699
0.8200281607753385
0.8200911320276913
0.8200982983719087
0.8201223510259356
0.8201852233254721
0.8201781704871335
0.8202409793692546
0.8203037443904245
0.8202501188833656
0.820138377739303
0.8201623576873844
0.8201132234214609
0.8200734078514084
0.8201361000437947
0.820198748563459
0.8201862537782664
0.8200748071184062
0.8200678221472447
0.8201304072525848
0.8201929488355985
0.8202554469416689
0.8202484089128497
0.8203108443387223
0.8203732364066603
0.820310628549525
0.8203035811419783
0.8200524019068107
0.8200146275341355
0.8200770141450421
0.8201393575219843
0.820201657709888
0.8202639147536173
0.8202569005913627
0.819973074674203
0.8198278055373389
0.8198901057428931
0.8199523628788271
0.8198664873461905
0.8199287096303541
0.8197990534614363
0.8198612560663858
0.8198659048163054
0.8199280414479659
0.8199901352267769
0.8200521861970538
0.8201141944030507
0.8200613361434101
0.8200085142875296
0.819955728797815
0.8200176848443402
0.8200795982654464
0.8201414691051075
0.8202032974072371
0.8199833020122476
0.8199306520687909
0.8199924678421967
0.8200542411888535
0.820115972152425
0.8200633489338085
0.8199941403185352
0.8200558284130114
0.8201174742408932
0.8201790778456053
0.8202406392705126
0.8203021585589211
0.8203636357540771
0.820425070899168
0.8204553840062422
0.820516745802549
0.8205401049221548
0.8205330898589984
0.8205090089133312
0.820537764167887
0.8205307570835583
0.8205474809786155
0.8205587701213387
0.8206199293680594
0.8206810469389731
0.8207421228766643
0.8208031572236589
0.8207506941567573
0.8208116840532674
0.8208046052491677
0.8206766351162861
0.8206950998902098
0.8207560257821942
0.8208169102843061
0.8206563021948909
0.8207171792138336
0.8206083508530553
0.8205238258261134
0.8205846858377017
0.8205777079780958
0.8206385084836945
0.820629366303873
0.8206192302754661
0.8206315944010136
0.8206922943690674
0.8207529532681307
0.8208135711398695
0.8206487705185692
0.8207093826272145
0.8207699537817323
0.8208304840236162
0.820757975624574
0.8207809695203769
0.8207570893012405
0.8207500885965858
0.8208105234959127
0.8208709176571881
0.8209312711215893
0.8209915839302382
0.8210518561242011
0.8211120877444891
0.8211722788320582
0.8211203092349625
0.8211804570798734
0.8212405644892583
0.8213006315038789
0.8213606581644419
0.8214206445115996
0.8214805905859495
0.8212049259582361
0.8212649041783104
0.8213248421715438
0.8213847399783921
0.8214445976392573
0.8215044151944869
0.821452560623647
0.8215123354610679
0.8214605129480845
0.8215202451284298
0.8213052533229277
0.8213649775029668
0.8214246617737643
0.8214175059081085
0.8212029414849389
0.821262600163122
0.8213222190423205
0.8213817981623464
0.821318530545415
0.8213780711883523
0.8214179773840218
0.8214774452570208
0.821453651167388
0.8215130675896284
0.8215724444799845
0.8216317818778961
0.8216655069913267
0.8216480810233106
0.8217073341525387
0.821434432347772
0.8214462877344901
0.8214834224990433
0.8212527099206203
0.8213119762634847
0.8213712033180876
0.8213991321365236
0.821334077770132
0.821062112843718
0.8208800950773606
0.8209222511882115
0.820896867064931
0.8208899567252932
0.8209491666569543
0.820978294793912
0.8209640230671145
0.821023149875877
0.8210822376441583
0.8211082831102824
0.8211673038020969
0.8212262855620566
0.8212852284286698
0.8212859681067635
0.8213448524665307
0.8214036980355469
0.8214625048521306
0.8215212729545492
0.8215141912589407
0.8215729036960265
0.821631577519211
0.8215864029461658
0.8216450337700416
0.821703626071694
0.8217621798890761
0.8218206952600908
0.8218791722225915
0.8219376108143821
0.8219960110732163
0.8219997282280558
0.8220580698445001
0.8221163732292169
0.822174638419774
0.8222328654536902
0.8222910543684353
0.8222401301578
0.8222528455588315
0.8222408970435128
0.8222990072438908
0.8223570794637458
0.8224151137403012
0.822364248800042
0.8224222428422229
0.8224149248778488
0.8224728645434678
0.822237224339768
0.8222951841622852
0.8223531062013457
0.8223405388105286
0.822316975117105
0.8223283153587284
0.822321047026906
0.8223788664063311
0.8223282118195582
0.8221186356090123
0.8221764456071894
0.8221620210887263
0.8221115191873225
0.822122892998347
0.822147507179027
0.8221279605387691
0.8219734800655663
0.822031205915091
0.8219722006619581
0.8219218748246296
0.8216556221926813
0.8213895420041474
0.8214473634538061
0.8215051474785784
0.8215628941147871
0.8215397495824085
0.8215974476911759
0.8216551085031697
0.8216911919360712
0.8217487852203296
0.8218063413116372
0.8217962997793928
0.8216669859142103
0.8216951871797512
0.8216782686315575
0.8215745683515344
0.8216320692963132
0.821689533191514
0.8216396063423916
0.8216970308091198
0.8216471336851602
0.8215972686700319
0.8215104648325475
0.8214320941936231
0.8214894930704494
0.8215468550585372
0.8216041801934365
0.8216614685106512
0.8216785916347248
0.8217358193010809
0.8216188501120664
0.8215129266453751
0.8215701523822635
0.8213640837168471
0.8213238172499016
0.8213810302446983
0.8214382066114574
0.8214953463853417
0.8215524496014692
0.8215208335560674
0.8214874129353895
0.8215444639379669
0.8214772998136151
0.8215343176035181
0.8215912989835936
0.8216056862697996
0.8215755864105152
0.8215218338229806
0.8215207687669727
0.8214576051885888
0.821450767200957
0.821401457197601
0.8214583357144171
0.8215151780144125
0.8215411839432595
0.8215979637129244
0.8216110512238425
0.8216677726701942
0.8217244580571395
0.821690318005099
0.8217116644380353
0.8217229160076461
0.821462051589866
0.8215187123161148
0.8215753370901262
0.8216319259461078
0.8216884789182238
0.8217449960405951
0.8218014773472997
0.8217945715895084
0.8218337292759761
0.821890128855186
0.8219464927384597
0.822002820959675
0.8220591135526668
0.8221153705512275
0.8220361395780534
0.8220923682859277
0.8221485614734558
0.8222047191742852
0.8222608414220205
0.8223169282502244
0.8223729796924167
0.8224289957820754
0.8224563166879105
0.822512271205185
0.8225681904644147
0.8226240744989141
0.8226799233419559
0.8226498927482923
0.8227056983201148
0.8227614687830527
0.8228172041702279
0.8228729045147201
0.8229285698495677
0.8229842002077677
0.8230397956222752
0.823032561777496
0.8230881071127824
0.8231436175906259
0.8231990932438283
0.8232545341051505
0.8233099402073119
0.8233653115829912
0.8234206482648261
0.8234759502854133
0.823531217677309
0.8235864504730281
0.8236416487050453
0.8236968124057944
0.8237519416076687
0.8238070363430212
0.823862096644164
0.8239171225433691
0.8236598092633743
0.8237148639592022
0.8237698842888029
0.8238248702843447
0.8238798219779553
0.8239347394017227
0.8239896225876947
0.8240444715678793
0.8240992863742445
0.8241540670387184
0.8242088135931895
0.8242635260695066
0.8240070657315883
0.8240618069242067
0.824116514073795
0.8241711872120997
0.8242258263708281
0.824280431581648
0.8243350028761878
0.8243895402860368
0.8244440438427451
0.8244985135778233
0.8245529495227434
0.824607351708938
0.8245997238875775
