0.1724137931034483
0.4103970741901777
0.5577978056426333
0.49239209066795275
0.4334748903714421
0.49154990603266463
0.5266970768694906
0.5707392820036499
0.5136653538032848
0.47013975081482556
0.4855591393963487
0.5008400153132287
0.5126847761241886
0.49183912438257604
0.5139837944932805
0.5063738880298748
0.5152790423985855
0.52487879904101
0.529280020379282
0.5516952575040781
0.5402545639811656
0.5312579887356076
0.5438444614271796
0.5620906829700923
0.5676907454594083
0.5837021993312821
0.5842842636408792
0.5659514124445513
0.5368825868277811
0.551355005989413
0.5500693564572663
0.5515379047967586
0.5464939646597083
0.5408621878636053
0.5409863056363334
0.52954937598073
0.5245181954000275
0.5191638612046819
0.5231310397562308
0.5084892859691194
0.5164132307685224
0.5271596034181109
0.5289846361940456
0.528993724034723
0.5286567821344269
0.5212692287575339
0.5173303306688697
0.5069154062913865
0.5126795991041723
0.5094187579083388
0.5122267562790233
0.5207841816074614
0.5290465233038845
0.530344612787156
0.5381722025740366
0.5457431500728229
0.5472634218458419
0.5397438343842366
0.5469353369719828
0.5423671010185677
0.5416984057841607
0.5485387280858897
0.5551778644375678
0.5533429885554498
0.548035491316346
0.5427329181448601
0.5448872617319169
0.5510374338706748
0.5471470582091893
0.5406495091976649
0.5446170979893036
0.5449608348282685
0.5429852405758713
0.5383463625686729
0.5422821217609467
0.53925524332494
0.5338276015393257
0.5381053461969324
0.54347621426441
0.5487236141004512
0.5488012497988047
0.5515300747074323
0.5394085346039723
0.5444149635756682
0.5474161942013568
0.5442521921353849
0.5489110333262035
0.5478228396920185
0.5508736351591111
0.5466044359591679
0.5511841891312974
0.5521986630294582
0.5555322296221258
0.5549877959983794
0.5538619376900835
0.5502005433188031
0.5502515434353437
0.5472375593535879
0.5470420287939626
0.5512360840829074
0.5525499222513619
0.5470985723008869
0.549356620762486
0.5483888630566234
0.552350364257881
0.5498356471316111
0.5485439605184076
0.5524025591464554
0.5561957577977567
0.5599252052112209
0.5635924951677941
0.5671991687614486
0.570746716558486
0.5742365806515064
0.5776701566139942
0.5810487953610823
0.5843738049217087
0.5876464521270495
0.5908679642198069
0.5881480575204285
0.591316149385656
0.5944358734361472
0.5975083289404188
0.5984840011083309
0.6014803891597613
0.6044323862770964
0.6052026163299808
0.6080843490574992
0.6109243175425898
0.6119248620207007
0.6129111130062671
0.6156564242615418
0.6183630691611084
0.6210318588872545
0.6236635820894264
0.6226078900425621
0.6190520022742025
0.620131769454499
0.6199957439852117
0.6206285625778326
0.6168831956900588
0.6131464300162661
0.6156915192924749
0.6156615819841
0.6181572859971903
0.6203135677157952
0.6208777969825743
0.6213021422247235
0.6236989641093771
0.6189432675985505
0.6199298173512163
0.6218350124822054
0.6229384035940512
0.6252375596696972
0.6267958347091321
0.6246263818895992
0.6220266801446087
0.6225758410621153
0.6241516579131613
0.6225352303628425
0.6222363610123497
0.6232698705413476
0.6228784583159963
0.62167251015476
0.6201670041265835
0.6223251461485916
0.6198364062371203
0.6219721567638782
0.6240840441562587
0.6261724661331683
0.6264882720293019
0.6237474550097347
0.6258034798457471
0.6228204341776892
0.624318702101053
0.6247853279559458
0.6267918235283739
0.628776973403223
0.6299852585023745
0.6319327045102567
0.6338597584133444
0.6353761138382749
0.6368667916063507
0.6387386122681737
0.6405912347693625
0.640724272687206
0.6401791410153589
0.6395613531458729
0.6391392134594894
0.640943517392192
0.6411029316439251
0.6420060330306615
0.6415801686096019
0.6398947403761664
0.6416513513987216
0.6433909079453298
0.6426981982451109
0.6407395247806972
0.6387593871324763
0.6373049773524804
0.6379707252217945
0.6396784104801823
0.6413700611352049
0.6422212730540343
0.6418464942752549
0.6427088947647213
0.6427362669024351
0.6443750913661854
0.6452624639052411
0.6440339981602172
0.645644704050895
0.6464901483269421
0.6461362354087387
0.6477159843578068
0.6488776506899538
0.6504312894037152
0.6516775539144183
0.6532052839411094
0.6547196713474802
0.6562208901677086
0.6577091114223937
0.6591845031835042
0.6589304924402273
0.6603880544383459
0.661833211653502
0.6604412630165521
0.661874000303402
0.6625307558407063
0.6620831608604337
0.6634911476901819
0.6648874499819238
0.6662722125853043
0.6667102992525553
0.6680762406490612
0.6667097671478494
0.6680591203172912
0.6693975916063344
0.6707253121219716
0.6712424108734838
0.6697064422473514
0.6710171309685922
0.6723174585141708
0.6711847731838607
0.672474244661571
0.6706286421433617
0.6719102427575899
0.6731819084833357
0.6718497399565407
0.6728342336310245
0.6740829579301426
0.674507411647953
0.6749827623614078
0.6746998085411761
0.675296175175733
0.6762782119728277
0.6774861290923321
0.678685065415409
0.6798751207286852
0.6810563933459225
0.6820757938605821
0.6832403513922284
0.6843964085039356
0.6855440579275576
0.6852341156886896
0.6863704546212214
0.6874986184535192
0.6886186950898865
0.6897307711788512
0.6908349321355101
0.6897149501066607
0.6901688966369617
0.6912598512262681
0.6923431499938952
0.6934188732456649
0.6944871001681538
0.6955479088481256
0.6966013762915576
0.6976475784422763
0.6986865902002067
0.6997184854392471
0.6993266327939847
0.6988916053743744
0.6992343456951393
0.6993290699572258
0.7003414299910398
0.7013469956622108
0.7023458351416014
0.7033380156911294
0.7043236036788665
0.7053026645938372
0.7062752630605241
0.7072414628530882
0.7058168261641512
0.7067782090851833
0.7077333289252967
0.707870558376838
0.7088159611005376
0.7089488128389229
0.7098846687461933
0.710814525577135
0.7117384408308821
0.7126564712740958
0.7129914723753902
0.7121416400085202
0.7130497105447708
0.7139520699455735
0.7148487719206658
0.7151148695084137
0.7160023621267676
0.7159785452671606
0.7168578686564264
0.7177317641235362
0.7186002817723869
0.7188499741595882
0.7197097601713325
0.7201287635157579
0.7209794359670778
0.7204949864978173
0.7213394125204825
0.7216311065134383
0.722467049136521
0.7231618946616976
0.7239882770656925
0.7243845704587792
0.7226589697834035
0.722662373789398
0.7234804788814646
0.7242937715906368
0.7249393747368357
0.7232095325105097
0.7229960936402167
0.7238013375540532
0.7246019133872299
0.7253978616144344
0.7261892222437877
0.7269760348235469
0.7277583384486943
0.7285361717674123
0.7290246727025479
0.7289067048823703
0.7296746745569245
0.7304383054197581
0.7311976341368854
0.7319526969623437
0.7322725881365496
0.7330204300691291
0.7337641057513877
0.7338500551308365
0.734587312595848
0.7353204968151965
0.7360496414520692
0.7367747797997284
0.7357836160194552
0.7351393984893474
0.735861089501638
0.7365788582801661
0.737032157184139
0.7369479685240228
0.7364889892737334
0.7371973522057933
0.7368295308862067
0.737533195242126
0.7373442178325914
0.7352009240156193
0.7359014506716627
0.7358786835914545
0.7365737396872664
0.7372651471946489
0.7375789631892776
0.7382641356091489
0.7389457394226668
0.7396238024371534
0.7402983521717722
0.7409694158612509
0.7416370204595466
0.7410158455997534
0.7391158049700104
0.7397830279752022
0.740446846781388
0.7411072873748195
0.7417643754779291
0.7424181365526685
0.7430685958037981
0.7437157781821261
0.7443597083876986
0.7450004108729426
0.7456379098457602
0.7462722292725787
0.7469033928813534
0.7450500345863624
0.7456810988571883
0.74507447886001
0.745702374232276
0.7444979508291766
0.7451226502159024
0.7457443022885465
0.7463629292902775
0.7469785532483109
0.7474049415529805
0.7480150745443985
0.7486222671358578
0.7492265405321658
0.7498279157347265
0.7502089276805548
0.7496117703352552
0.7502079327868378
0.7490221132001704
0.7496154415377586
0.7502059711567733
0.7507937218128751
0.7513787130762252
0.7519609643336579
0.7525404947908222
0.7531173234742935
0.7536914692336556
0.7542629507435543
0.754831786505722
0.7552621437437879
0.7558260558549773
0.7563873752668049
0.7554716768307408
0.7556151782983633
0.7561731345122941
0.7567285487844756
0.7567132566281473
0.7561311403999655
0.756682879901323
0.7572321284794239
0.7577789029648306
0.7579861413851344
0.7585287733551229
0.7590689774415768
0.7596067699026446
0.7601421668516365
0.7595640731475218
0.758988543051851
0.7595217542397894
0.7578451057756839
0.7583784865999665
0.7589095228931534
0.7594382300797913
0.7599646234494197
0.7604887181580454
0.7610105292295966
0.7615300715573583
0.7620473599053901
0.7618409081884231
0.7623552906761372
0.7628674559979558
0.7633774184581753
0.763885192238308
0.7643907913983972
0.7648942298783151
0.7653955214990437
0.7658946799639393
0.7663917188599819
0.7668866516590074
0.7673794917189249
0.7678702522849188
0.7683589464906347
0.7688455873593518
0.7693301878051394
0.769812760633999
0.7702933185449927
0.7695565963535795
0.7679566865898507
0.7684381042525273
0.7678823317799548
0.7683619137390871
0.7673399866442174
0.7678187109515338
0.7682954692452678
0.7687702736115685
0.7692431360377208
0.7697140684131539
0.7693102282970957
0.7697791099468984
0.7702460894399067
0.7707111783276801
0.7698275867216309
0.7702916440064663
0.7707538338575599
0.7712141675245127
0.7716726561667481
0.7721293108544146
0.7713643599123677
0.7718198093946139
0.7714782193162947
0.7712702598864344
0.7717231900648771
0.7721743300054603
0.7716374970074219
0.770905927131423
0.7713560137185912
0.7711507404890776
0.771598586398101
0.7720446829090422
0.7724890402522994
0.7713103975021328
0.7717544549827112
0.7712277990622021
0.7716702984837452
0.7715962888985127
0.7720363731202883
0.7724747647104415
0.7729114734154119
0.7731991466906255
0.7718038868707
0.7716430015904123
0.7676911606692729
0.7681303078135654
0.7678816914523391
0.7675117232413715
0.7679487312803914
0.768384099514387
0.7658854673666696
0.7663222482111348
0.7661366698469925
0.7665713600517378
0.7670044373058162
0.7658764563790316
0.7659395313210297
0.7660023735141643
0.766433308369571
0.7668626589056563
0.7668317182471138
0.7672587663821924
0.7676842530981299
0.7667090827771895
0.767133248081231
0.7675558737652941
0.7679769681968787
0.7683965396829603
0.7688145964705362
0.7685554710714901
0.7689717382098508
0.7693865106726697
0.769799796495837
0.7702116036577407
0.7706219400797805
0.7710308136268753
0.7714382321079662
0.7714001535429432
0.7718054724196401
0.7722093565392514
0.7726118135064965
0.7730128508724463
0.7734124761349948
0.7720532274950388
0.7724531341134685
0.772851640008191
0.7727242770011836
0.7731209187516178
0.7735161784750471
0.773910063382047
0.7726359139664533
0.7730299591762168
0.7734226409077458
0.7738139662256944
0.774203942145995
0.7745925756362773
0.7749798736162836
0.7753658429582797
0.7757504904874607
0.7761338229823539
0.7765158471752168
0.7768965697524312
0.777275997354893
0.77703675735321
0.775719745900069
0.7760992387158049
0.7764774494612173
0.7768543846223283
0.7772300506414827
0.7776044539177154
0.7779776008071152
0.7778205370307478
0.7781920745942416
0.7785623716316469
0.7789314343455941
0.7792992688974317
0.7796658814075689
0.7800312779558151
0.7797282707495523
0.7800923562524456
0.7786203331126792
0.7783518533137844
0.7787158075776369
0.7788857045179629
0.7789202614663787
0.7780102443000936
0.7781908284118018
0.7781901567847546
0.7785502376990651
0.7789091514143016
0.7781881549449149
0.7785464939514659
0.7779549104223222
0.7783124709530431
0.7778650232505462
0.7766164437589723
0.7769744302273073
0.7773312711389436
0.7776869719837696
0.7780415382166503
0.7783949752577066
0.778747288492591
0.779058800733079
0.7790127487509346
0.7787538434766209
0.7789453855880323
0.7792940521722782
0.7792916643385861
0.7796386900235883
0.7796223510584505
0.7795052596505013
0.7798503218419716
0.7801943057140935
0.7805372163136035
0.780211501913471
0.7803024788582702
0.7802225271198598
0.7805632673878911
0.7809029527324919
0.7812415880451156
0.7815791781870213
0.7817641707387551
0.7820999181683879
0.7806210840635769
0.7805741911323922
0.7809097046016087
0.781244193602217
0.7815776628192869
0.781910116909364
0.7813731280213124
0.7817048835174865
0.7820356336939751
0.7823653831135001
0.7819388493021504
0.782267749981936
0.7816920455391921
0.7808461234805159
0.7811746900120293
0.7815022728114125
0.7818288762900203
0.782154504832871
0.7824791627988429
0.7828028545208684
0.7831255843061271
0.7834473564362368
0.7826087547899757
0.7814527595834913
0.7817751006460525
0.7820146725809544
0.7823352392389236
0.7814213842620675
0.7817418807660821
0.7820614387737452
0.7818152032837783
0.7821337212351889
0.7824513105628343
0.7827679753218404
0.7830837195437563
0.7833985472367262
0.7826584439403357
0.7829729758593801
0.7832865987266353
0.7835993164773906
0.7839111330242531
0.7828558328335704
0.7824500138481564
0.7827616900460816
0.7823571668843562
0.7826680852173786
0.7829781164795506
0.7832872644617735
0.7834532854227098
0.7837608801877344
0.7840676023434964
0.7843734555979673
0.7843248368488897
0.7846294627855438
0.7849332294106699
0.7845319150030493
0.7841317294685864
0.7837326680507936
0.782633463747777
0.7829378986725
0.7818428806323986
0.7821475693465991
0.7824514081620153
0.7827544006297562
0.7830565502811753
0.7833578606280069
0.7832730677869447
0.783573243593334
0.7838725890378799
0.7841711075613083
0.7844688025853616
0.7840769722787702
0.7829984620005326
0.7832965410362461
0.782907931240586
0.7832053176361468
0.7828178958609947
0.7831145927245726
0.7826430857767901
0.7829392123629253
0.7832345331624315
0.7829063159525187
0.7824470732503368
0.782161140321039
0.7814730795229407
0.7817683861722339
0.7820628957725413
0.7823566115464328
0.7823130629440822
0.7822696314078671
0.7821670981481803
0.7818404150923001
0.7816118618071847
0.7816881957852758
0.7817889363211338
0.7820798844060389
0.7816530649348438
0.7811183694280097
0.7810296142418978
0.780656895920622
0.7804176152637735
0.7799673274128957
0.7802579914453753
0.7801521101901704
0.7799147556312901
0.7799850432335297
0.7802741561859166
0.7803239037738378
0.780050122211131
0.7795900715650057
0.779442459271021
0.7791176719757853
0.7792607895988793
0.7793621985409939
0.7784246588297363
0.7781776596547856
0.7783788991796604
0.7785220468347243
0.7783773438849596
0.7782661427847306
0.7785522509875891
0.7788376217981721
0.7783375011812361
0.7772175211092892
0.7768754687317987
0.7761008202443059
0.7758921276682985
0.7750289193315574
0.7751741488845643
0.774696220032482
0.7738632731876569
0.773564160437052
0.7732592989813365
0.7723944698202818
0.7717205527698764
0.771494095171675
0.7703890238933941
0.7702583912016728
0.770547374357394
0.7698392703088598
0.7699189366363686
0.7695806923548694
0.7687843877753681
0.7686567406239821
0.7685710268404317
0.7679867736897578
0.7675153999793228
0.7678045599295973
0.7670992126501818
0.7673881714434198
0.7671111844269134
0.7673994131590584
0.7671639665135256
0.7667889673377637
0.7667682657750784
0.7660878685441801
0.7655948308546429
0.7655756725857796
0.7653032972127785
0.7647398808627083
0.7647617521170406
0.7646825812709317
0.7647257038823225
0.7650126237556367
0.765002567888403
0.7652884528423101
0.7651179929968152
0.765403043976188
0.7653843736198532
0.76501652142605
0.7642337288473288
0.763914605986402
0.7640486052554172
0.7635971826178709
0.7638816625425184
0.7641654586211933
0.7634714382766635
0.763537038252569
0.7623084807447877
0.762215173750249
0.7617618775299939
0.7612746061342139
0.7610379696983399
0.7607017305780865
0.760378912476318
0.7603894128995141
0.7606733116993962
0.7606875767420327
0.7609704519468293
0.7604655675092692
0.7605121883023007
0.7607942705304487
0.7606604641222122
0.7598319037126157
0.7596443075814976
0.7589239288977239
0.7589359977974113
0.7591009849344903
0.7590262430726737
0.7588073426390167
0.7589824983108721
0.7587559254788961
0.7586876046353161
0.75847011446899
0.7580198827472978
0.7583002768576718
0.7576330522106353
0.7577205669864997
0.7580003353848986
0.7573951831333975
0.7576746817703405
0.7576396967824262
0.7574712731207349
0.7572994842161818
0.7567189318580515
0.7566157792060568
0.7564651890696654
0.7562945349760348
0.7557165731781169
0.7556841400584985
0.7559624041358807
0.7560504256708038
0.7559244152897263
0.7548081158528706
0.7550857963558685
0.7545144323328414
0.7542565807589893
0.7541355900623419
0.7542718520803099
0.7544619478809818
0.7544421280355174
0.7540379647928991
0.7541128433026503
0.754216028283425
0.7543189821668186
0.7534913775259305
0.7536426596615317
0.7539176120503023
0.7537584074784637
0.7531974292964164
0.7525450035315334
0.7521409411819305
0.7521385649985988
0.7524133559464938
0.7518016025069075
0.7520761582563468
0.7522273325443386
0.7520593112059895
0.7517814067834911
0.7513205608876209
0.7515941356281186
0.7514275486658899
0.7510952658997561
0.7505384106117554
0.7502366160765838
0.7497012035482914
0.7491809663974477
0.7489089347747431
0.7475795246279993
0.7475277514782409
0.7468677766148873
0.7466414940544603
0.7463739870110173
0.7459645038751782
0.7462394340657895
0.7459421637238979
0.7457845587954703
0.7453318105729528
0.7448689416754434
0.7449736094057797
0.745032777567709
0.7452171319061611
0.7447624231502838
0.7450359896849567
0.744919638128938
0.7451924513501905
0.7454646816372096
0.7453361174092082
0.7453030146340233
0.7448642822790705
0.7445554324623327
0.7446143533630103
0.7447605726706679
0.7446335731238273
0.7446596294756355
0.7449298309259258
0.7451994611257926
0.7446562401856063
0.7449255901432164
0.7450626548532867
0.7452353161735368
0.7455032075340273
0.7452556242504502
0.7450732244048869
0.7447259706093349
0.7441282607379933
0.744097044685219
0.7437641657617168
0.7436252543391062
0.7431477663634808
0.7430680985512965
0.742815166086623
0.7424210093273191
0.7424996809876043
0.7422481253019325
0.7418694345961304
0.7414465193774319
0.7413691875752491
0.741507235935192
0.7412580024615746
0.7408756440779753
0.7408850409429826
0.7408944184728766
0.7411607140345695
0.74073541871926
0.7404885105974967
0.7403559517865475
0.7399221655130607
0.7391655988816567
0.7389780503185044
0.7392443992467508
0.739283678939443
0.739549174174739
0.7398141292366162
0.7400785457719448
0.7403424254209072
0.7406057698170321
0.7408685805872276
0.7411308593518154
0.7412662174313384
0.7414823362830208
0.7416514670325747
0.7418110925698402
0.742071101540062
0.742330587353402
0.7425895515872176
0.7428479958125317
0.7430223375084736
0.7432798301562606
0.7435368073032514
0.7437932704959481
0.7440492212746734
0.743562582747705
0.7435334225201532
0.7437333339847545
0.7436567269595874
0.743745780193325
0.7440000006494825
0.7442537171998793
0.7444307698789655
0.7446835584349705
0.744935847408849
0.7451876382801137
0.745438932522441
0.745655758442497
0.7459060972629277
0.7461559437749602
0.7464052994294051
0.7460408192533213
0.7462897988422887
0.7465382907141376
0.7464601384401185
0.7467079779919854
0.7469553334822276
0.7472022063276108
0.7474485979393773
0.7476945097232728
0.747939943079573
0.7477684062752474
0.7475278544244949
0.7477727352640443
0.7478409611195849
0.7480850647390237
0.7483286962044599
0.7485718568844556
0.7486214979492389
0.748863907305122
0.7491058495909552
0.7493054798985004
0.7495465323216749
0.7491009682038965
0.7485242380502921
0.7479131037003983
0.7481545662447466
0.7480367149851822
0.7482775976668408
0.74756291037203
0.7475652358392323
0.7478058790843808
0.7475698734852528
0.7474928961238649
0.7474827717979518
0.7471799120228079
0.7469981052329907
0.7464739647074108
0.7467140461802257
0.7458496976698861
0.7455429960021892
0.7442188875239115
0.7444597360290679
0.7441177723836525
0.7435614341699869
0.7430719137831815
0.7431253172411709
0.7431104600809381
0.7433509933580159
0.7428207029883968
0.7421338295934605
0.7423743763942129
0.7424182713688786
0.7420690429400207
0.7414451913386148
0.7407561158819803
0.7403094440528857
0.7405501211204919
0.7398644265638988
0.7401050700175863
0.7402836543644585
0.740523466317954
0.7400248284338968
0.7394265650813394
0.7391140175996807
0.7390194910300063
0.739259362821339
0.7394987940767832
0.7394319756112693
0.7392125145887108
0.738901880417842
0.7391407625034615
0.7388568782859734
0.7389431581535966
0.7387251443231645
0.7389633164796612
0.7392010548070932
0.7391350544539171
0.7393722044044135
0.7396089235648092
0.7398452131078538
0.7400810742020444
0.740316508011644
0.7397530062476728
0.7399883109436514
0.740223190518228
0.7399562421914466
0.7401907270947907
0.7404247895028134
0.7400230729029538
0.7402568651035807
0.7404902371924363
0.7400588645696696
0.7402917867340337
0.7405242918488645
0.7398619266504308
0.7399826934720122
0.7396791374956979
0.7393166523893979
0.73878504854846
0.7383052755755763
0.7381426868566973
0.7383754489128247
0.738607797537236
0.7385439633483535
0.7387757506148886
0.7380581534161602
0.7378476687535465
0.7380792520850362
0.7383104266198244
0.7385411934393836
0.7380862868568133
0.737504276988914
0.7370510825695941
0.7370624612316594
0.7372933106950206
0.7370851586680951
0.7364704602693626
0.7367012216876907
0.7369315793240094
0.7363004550178995
0.7359194065855695
0.7361498434035576
0.7360311425810611
0.7362610806101717
0.7363165539951932
0.7362197569917192
0.736448931833603
0.7366777088024974
0.7363857073204484
0.7366141425827357
0.7368421822861273
0.7370698274571601
0.737297079118822
0.7369194477897038
0.7371464370495918
0.7367379160555357
0.7356294850004097
0.7357491163437571
0.7359757466041826
0.7360306088607342
0.7362566100517781
0.7351405018864474
0.735305686281567
0.7351523158628588
0.7353781024648512
0.7356035044218658
0.7358285227159749
0.7360531583259103
0.7362774122270778
0.7358766023674899
0.736100435755314
0.7363238900857498
0.7361239544765402
0.7357250964453298
0.7354417841276544
0.7356648517632972
0.7358875435478268
0.7361098604303624
0.7363318033568297
0.7365533732699752
0.7363547558281028
0.7360965483387936
0.7361780544452433
0.7357827773666739
0.7360036947769024
0.7362242430686511
0.7364444231662565
0.7366642359909719
0.7368836824609795
0.7371027634914032
0.7373214799943222
0.7375398328787824
0.7374809681227923
0.737034925825595
0.7372529731507811
0.7372635340678061
0.7374810311422533
0.7376981684200513
0.7373056033194401
0.7375223478711568
0.7374639342840137
0.7376801913397929
0.7378960924168795
0.7381116383935103
0.7383268301450359
0.7383364140283322
0.7384019147700496
0.7383431153863583
0.7385574125891541
0.7386690677343348
0.7388827479733092
0.7390960790615663
0.7393090618541691
0.7393177820321021
0.7395302369774711
0.7396066238637544
0.7390294023365213
0.7392414011973365
0.7390472117483127
0.7392588522902849
0.7391228472004455
0.7388482538019027
0.7385972207717809
0.7385775671691244
0.7385194808197686
0.7385691019006242
0.7387799332700592
0.7385427572113762
0.7381589394202075
0.7381521635281733
0.7383624830755402
0.7385724650313383
0.7380804261660365
0.7375319413923229
0.7376620199020169
0.7378718902860952
0.7380243279665791
0.7382335737110147
0.7384424854638392
0.7386510640240753
0.7385937059385315
0.7388018319688352
0.7386914088725991
0.7383122326869397
0.7379342592806163
0.7381419183461625
0.7378741891946612
0.7379936628494825
0.7382007824835937
0.7384075749144913
0.738120749677779
0.7383272790550047
0.7383364774166635
0.7385425116864142
0.7370086262494081
0.7372148939935262
0.7374208384339702
0.7368433749739592
0.7370492878260924
0.7372548786878389
0.737303898313864
0.7375089694314957
0.7374537102249707
0.7363050284333431
0.7365102385279475
0.7367151294777703
0.7369197020267386
0.7371239569164694
0.7373278948862781
0.7375315166731881
0.7373475263426899
0.7375508177309694
0.7374959962684293
0.7376988587133533
0.737901407857204
0.7378831858714235
0.7380852805623476
0.738287063859295
0.7384885364814202
0.7386896991456653
0.7388905525667677
0.7390910974572694
0.7389076046733422
0.7389800170419465
0.7389246045129233
0.7391245091036485
0.7393241077959946
0.7395234012915634
0.7397223902898127
0.7392849431725431
0.7394838104927777
0.739258932927192
0.7394575171366915
0.739056129668516
0.73925456607181
0.7394527009000228
0.7396505348401139
0.7392232123085917
0.7394207704810851
0.7396180295496082
0.7398149901929141
0.740011653087704
0.7402080189086347
0.7404040883283264
0.7405998620173698
0.7407953406443349
0.7409905248757774
0.7411854153762472
0.741380012808295
0.7415743178324812
0.7417683311073817
0.7419620532895967
0.7419925230364952
0.7421857870641831
0.7423787617744645
0.7418235046601979
0.7415306619810796
0.7413502806054403
0.741543302784093
0.7414874663664066
0.7414091326629768
0.7413038391911503
0.7414286807610162
0.7416209270950228
0.7415342845043134
0.7416201112100583
0.7416634197328995
0.7418549220162702
0.7418239183703323
0.7420150183567348
0.7422058356508495
0.742396370879489
0.7425866246676135
0.7427765976383385
0.7428187977875726
0.7430083196757175
0.7431975624447339
0.7433299240051696
0.7435186520022247
0.7433397257333031
0.7432834312699649
0.7433984104106325
0.743505074984297
0.7436929833542718
0.7438806166021823
0.7440679753318076
0.7442550601451615
0.7444418716424989
0.7446284104223219
0.7448146770813866
0.7447577178901221
0.7449436190424236
0.74512924959625
0.7453146101419982
0.7452574532063331
0.7454424514247744
0.7456271811407216
0.7458116429382989
0.7459958373999379
0.7461797651063825
0.7458465773499483
0.7458495805478152
0.7454218324071349
0.7453348852357218
0.7447971255782646
0.7449811218828224
0.7450619300494363
0.7452454707765426
0.7451718101089746
0.745058987308118
0.7452421345873508
0.7450019853778223
0.7451849107828598
0.7450489757611914
0.7446981540349764
0.7446763997862288
0.7448589041466389
0.7450411477865342
0.7449376209144524
0.7446033685382465
0.7447854046262449
0.7447081811445764
0.7448898835067511
0.7450120576057269
0.7451932857097741
0.7449684122316927
0.7448764436036962
0.7449864603103603
0.7451671927977378
0.7453476692900907
0.7455278903309328
0.7455506978892403
0.7454164257038456
0.7455177480648519
0.7449916240365776
0.7444114150292439
0.7441174091573381
0.7440790824601224
0.7440246433491566
0.7438531573032331
0.7440330357040033
0.7442126616438601
0.7443920356539275
0.7430091208688816
0.7431887091841375
0.7429490522643162
0.7431284318510124
0.7433075612569741
0.743486441005227
0.7427996122773144
0.7428046195010437
0.7426358880072973
0.74281461308507
0.7429930901058298
0.7431713195856455
0.7433493020391551
0.7435270379795712
0.7437045279186857
0.743367686829648
0.7435449190901249
0.743721906723603
0.7438986502362074
0.7440751501326677
0.7435627016821631
0.7434638973451484
0.7436403320787488
0.7438165242903785
0.7437635367508018
0.7439394025457566
0.7441150270981944
0.7442904109041586
0.7444655544583338
0.7439559955572672
0.7434471337272007
0.7436224945380502
0.7437976157849504
0.7439724979584761
0.7441471415478632
0.7443215470410139
0.744495714924501
0.7446696456835721
0.7448433398021547
0.7450167977628602
0.7451900200469888
0.7453630071345332
0.7455357595041842
0.7457082776333338
0.745880561998081
0.7460526130732346
0.746224431332319
0.7463960172475778
0.7463984523710591
0.7463446159188617
0.7465157733979988
0.7466867000511357
0.7468573963449018
0.7470278627446695
0.7471980997145586
0.7468658442041897
0.7470358469951875
0.7472056215945195
0.747375168461324
0.7475444880535081
0.7477135808277523
0.7478824472395141
0.7480510877430329
0.748219502791333
0.748248525612893
0.7484165840070099
0.7485844181737832
0.7487520285616672
0.748919415617922
0.7490865797886158
0.7487553476346416
0.7489222876029906
0.7490890058715145
0.7492555028815534
0.7494217790732765
0.7495878348856865
0.7497536707566231
0.749919287122767
0.7500846844196435
0.7502498630816266
0.7503204661160131
0.7504852710888738
0.750649858640926
0.7508142292021383
0.7505831262843504
0.7507473243578959
0.7509113063813446
0.751075072780831
0.751191693251127
0.7513550604912772
0.7515182133387239
0.7516811522152231
0.7511885695466679
0.7513515108894664
0.7515142389582561
0.7516767541714946
0.7518390569465458
0.7520011476996834
0.7521630268460935
0.7523246947998795
0.7524861519740647
0.7526473987805963
0.7528084356303485
0.7529692629331264
0.7531298810976692
0.7532902905316539
0.7534504916416982
0.7536104848333649
0.7537378450896338
0.7538974446715588
0.7540568375182741
0.7542160240312072
0.7543750046107472
0.7545337796562478
0.7546923495660305
0.7548507147373889
0.7550088755665905
0.7545220871232852
0.754680255881582
0.7544702695149946
0.7546282680545602
0.7547860633805702
0.7544587852002483
0.7546163854664869
0.7547737835514988
0.7542899542030683
0.7544473597416954
0.7546045637367392
0.7547615665750395
0.7549183686424467
0.7550039728087383
0.7551604198248247
0.7553166671638006
0.7554727152077012
0.755628564337588
0.7557842149335513
0.7556932658634512
0.755848677271935
0.7560038910816795
0.7559720476648177
0.7554920654123322
0.7556472100408775
0.7558021579102239
0.7559569093944379
0.756111464866639
0.756054854234867
0.7562091522397785
0.75636325517768
0.75651716341825
0.7566708773302335
0.7568243972814447
0.7569777236387704
0.7571308567681726
0.7571416015361945
0.7572944387913637
0.7574470837984132
0.7575995369198472
0.7577517985172594
0.7579038689513351
0.7574556722084984
0.757607737617772
0.7577596124688887
0.7579112971198162
0.758062791927626
0.7582140972484969
0.7583652134377165
0.7585161408496854
0.7586668798379191
0.7586094873156664
0.7587599801539983
0.7589102854623135
0.7590604035909173
0.758712512860618
0.758862567268043
0.7590124351566272
0.7591621168739212
0.7593116127666127
0.7594609231805293
0.7596100484606405
0.7597589889510614
0.7599077449950546
0.760056316935033
0.7602047051125623
0.7603529098683641
0.7605009315423182
0.7606487704734649
0.7607385923300514
0.7608861024457542
0.7608793950505318
0.760718755028949
0.7608660050258542
0.7607055708284214
0.760852647920721
0.760897169226257
0.760601460600126
0.7606460813809439
0.7607928342433713
0.7609394072616045
0.7609915900165906
0.7605641165832878
0.7607105605486804
0.7608568254872202
0.7605031060958526
0.760649319095794
0.7607953536784079
0.7609412101700674
0.7610868888963501
0.7606725899876484
0.760818254875057
0.7607089959494618
0.7608544616054196
0.7609997505108841
0.7610170388737862
0.7611620528065084
0.7609603604934488
0.7606662275632353
0.7603176624255139
0.7604627485862733
0.7600026985266325
0.7599462680357861
0.7600913156079699
0.7602361880019265
0.760260185474466
0.7604047812612728
0.760549202731278
0.7606934501995122
0.7602446675904163
0.7603888379646855
0.7603325145444343
0.7604764589801434
0.7606202306134086
0.7607638297552122
0.7603533850922771
0.7604969720394956
0.7601368486485085
0.7602803933231653
0.7604237662936658
0.7605669678679076
0.7601364401450801
0.7602253151265514
0.7599210662803221
0.7600641407342671
0.75990924845271
0.7597545405667263
0.7598974587460442
0.7600402069869799
0.7599281382789833
0.7600459560907732
0.7598916261465057
0.7600340391796335
0.7601762833769189
0.7603183590384255
0.7604602664635063
0.760602005950806
0.7607435777982626
0.76088498230311
0.7610262197618796
0.7611672904704027
0.7608657168477063
0.7608887913071121
0.7610296936104078
0.7607532725109122
0.7608940887130835
0.7610347392491346
0.7609663689392322
0.7611068117306898
0.761247089586397
0.7611356937424076
0.7610802866884043
0.7606810602600993
0.7608212588188221
0.7604929091356729
0.7600490328851235
0.7597450597315465
0.7598853955611425
0.7598309771554832
0.759971099105801
0.7596505007550315
0.7597905645657803
0.75993046522707
0.7600702030237946
0.7599189114571723
0.7595041397806895
0.7596438817099279
0.759738790560896
0.7598782340951032
0.7600175158618695
0.7601566361425293
0.7602955952177654
0.7598875233939888
0.7598550096094457
0.7597334668637717
0.7598723492528678
0.760011071177043
0.7598197087967856
0.7596697839792457
0.7595632846805264
0.7595289542570794
0.7595234652281295
0.7596619088290345
0.759692310492539
0.7598304977780522
0.7599685262276051
0.7595894518300016
0.7597274601814195
0.7598653101755781
0.7600030020848811
0.7601405361811076
0.7600324537270684
0.7601698135131434
0.7603070161369917
0.7603868863393147
0.7605238081185495
0.7599410183832543
0.7600779601868006
0.7602147458423384
0.7601748176937504
0.7603113923989361
0.7600683769982157
0.7599204427678413
0.7600569291562621
0.7601932604465143
0.7603294369028195
0.7603622702633637
0.760019290315826
0.7598151977476199
0.7596814834847655
0.7597231889490058
0.7594293844366201
0.7595653768705168
0.7597012156406465
0.759836901007309
0.7599724332302169
0.7596793414227421
0.7598147333430673
0.7599499727950138
0.759924275406995
0.760059301123864
0.7601941750411636
0.760328897414736
0.7604634684998485
0.7605978885511954
0.7607321578228997
0.7607577853201419
0.7608918145720635
0.761025693735237
0.7611594230616303
0.7612930028026472
0.7614264332091298
0.7615597145313594
0.7615811775606551
0.7617142237785341
0.7618471215901468
0.7619798712436641
0.7621124729867038
0.7622449270663325
0.762377233729067
0.762509393220875
0.762641405787178
0.7622390091873699
0.762371025284434
0.7625028948597479
0.762634618157108
0.7627661954197703
0.7628976268904519
0.7626066499929528
0.7627379516245939
0.7628691080913574
0.7630001196338484
0.7631309864921401
0.7632617089057757
0.7633922871137704
0.7634308433685771
0.7635611845017074
0.7636913820873342
0.7636379837849564
0.7637679958950856
0.7638978650562208
0.7640275915039921
0.7640656506702904
0.7638292443490298
0.7639587949555305
0.7640882035109278
0.76421747024873
0.7643465954019344
0.764475579203028
0.7643308989080592
0.7640420126797444
0.7641708810507549
0.7642216299460017
0.7643502597168986
0.7644787492154171
0.7646070986708856
0.7643190125536609
0.7644472394238712
0.7645753268412588
0.764703275033193
0.7648310842265481
0.7648444624024352
0.7649720562915278
0.7650995117924543
0.7652268291302362
0.7653540085294073
0.765481050214015
0.7656079544076222
0.7657347213333076
0.7658613512136679
0.7659878442708189
0.7661142007263961
0.7662404208015573
0.7662990829262598
0.7664250672481324
0.7665509158110375
0.766676628834295
0.7668022065367522
0.7668901195822622
0.7670154474749599
0.7670993064086524
0.7672243873396897
0.7673493339916813
0.7674741465807415
0.7670996111226507
0.7672244237640641
0.7673491027015231
0.7674736481497557
0.7675980603230302
0.767722339435157
0.7678464856994888
0.7679704993289228
0.7680943805359015
0.7682181295324139
0.7681284131966631
0.7682520121235307
0.768375479352021
0.7681711342536522
0.7678858458129569
0.7678911046816251
0.7680144356568208
0.7678721019151018
0.7679953120520896
0.7681183914621416
0.7677939649555339
0.7679170206179845
0.7680399459248606
0.7678098206667391
0.7679326726134762
0.7680553946269011
0.768104578409398
0.7682270799527634
0.7680854605863681
0.7679439906863225
0.768066383096298
0.7681359316555515
0.7678300117758594
0.7679146570716969
0.7680368072521856
0.767905550919343
0.7680275774435704
0.7681494757213195
0.7678133704967837
0.7679352532419297
0.7680570080933243
0.7681786352521637
0.7680380804118847
0.7679849785712639
0.7681064524044727
0.7682277991065112
0.7678260063245517
0.7678166879731013
0.7679379958686222
0.7676583111130182
0.7677795117853641
0.7679005860753613
0.7676307056240452
0.7677517312981994
0.7678726309695694
0.7679934048348298
0.7676246217482863
0.7673465701932232
0.7674673663665392
0.7675880371675945
0.7677085827914703
0.767725322769287
0.7678456723429816
0.7679658972666776
0.767590903666058
0.7675171370319834
0.7676373453375512
0.7673608604766653
0.7672228321542716
0.7670333466887638
0.7671534945244065
0.7672735184963011
0.7669426202384462
0.76706262918786
0.7671825146077325
0.7669077768035085
0.7670275569798685
0.7667534013772198
0.766565226209761
0.7666849363501662
0.766804523773872
0.7669239886694796
0.7666507809021619
0.7665996381327319
0.7663099655160996
0.7664293778995867
0.7662081848226886
0.7662737941423836
0.766002224744992
0.7660122716669947
0.766131470713522
0.7659959658913664
0.7661150519138136
0.7660160252197723
0.7660714314092895
0.7659362325112157
0.7660551069487417
0.7661194734644312
0.7662381343099591
0.766330669712803
0.7664491032304346
0.766567416754634
0.7666856104676696
0.766435631551809
0.766553772355273
0.7666717937039306
0.7667896957788655
0.7666549535082701
0.7667727450511735
0.7668904177327824
0.7670079717329171
0.7670246007794227
0.7671419687387278
0.7672592185027063
0.7673763502498111
0.7672418551038102
0.7673588778010934
0.7673920307938231
0.7675088605121587
0.767374568915516
0.7674912901553979
0.7676078943228224
0.7677243815938386
0.7678407521441423
0.7678735476279626
0.7679897270335542
0.7681057902016214
0.7682217373065205
0.7683375685222594
0.7684532840224981
0.7685688839805498
0.7686843685693818
0.7680336196377884
0.7681491407435465
0.7682645468457149
0.7683798381159409
0.7684950147255302
0.7686100768454479
0.7686008318991759
0.7687157272160086
0.7688305084928244
0.7687247173455342
0.7688393803513123
0.7687737333027554
0.7688882584472316
0.7690026702004755
0.7688342232724057
0.76894854858236
0.7686827891470019
0.7687970198684109
0.768620794639395
0.7687349432360209
0.7688489792600662
0.7687868837270929
0.7686544763952076
0.7687683835954069
0.7688821786822202
0.7689958618210878
0.7691094331771247
0.7692228929151211
0.7693362411995439
0.7690719269294757
0.7691851824827226
0.7692983270011134
0.7694113606478548
0.7694630690902406
0.7695759114450668
0.7696886433866299
0.7698012650769054
0.769913776677552
0.7700261783499128
0.7701384702550154
0.7702506525535732
0.770362725405986
0.7704746889723411
0.770586543412413
0.7706287043056086
0.7707403748487899
0.7706572895082308
0.7707688375191704
0.7708802770731231
0.7705312738184459
0.770534793247275
0.7706461841243395
0.7707574669073942
0.7708686417537048
0.770818131828796
0.7709291695556231
0.7710400997398577
0.7706668954321424
0.770405128608707
0.7705160976137294
0.7702548556073424
0.7696228572626838
0.7697338823917138
0.7698448005601185
0.769955611922391
0.7689561777812619
0.7690671498380433
0.7691780153446021
0.7692887744543215
0.7692075807975088
0.7689495955739367
0.7690602518978956
0.7691708022799454
0.769281246872156
0.7685198717998527
0.768391638814275
0.7685021917313087
0.7686126391589179
0.7683565737259732
0.7681009960367103
0.7678459046989019
0.7679562965654264
0.7678025361794373
0.7679128437632
0.7676585363652284
0.7677687552758711
0.7678788696640759
0.7679888796784532
0.7680987854673312
0.7682085871787576
0.7679548420631676
0.7680645560858327
0.7681741664090436
0.7682836731797525
0.7683930765446346
0.768292634109057
0.768401930036364
0.7685111229029192
0.7686202128544259
0.7683523747890211
0.7682260318630376
0.7683351019656903
0.7684440694624138
0.7685529344979275
0.7686616972166785
0.7687703577628425
0.7688789162803248
0.7689873729127601
0.769095727803514
0.769203981095683
0.768921629964273
0.7690298633928612
0.7691379954792877
0.7692460263658206
0.7693539561944615
0.7694617851069465
0.769569513244747
0.769443605018103
0.7695512410568434
0.7696587766419779
0.7697662119140665
0.7698735470134073
0.7699807820800366
0.7700879172537302
0.7699289244750139
0.7700359840727454
0.7701429440801535
0.7702498046361367
0.7703565658793354
0.7700568182871945
0.7700707194857613
0.7701774152075777
0.7701294046563064
0.7697723673801561
0.7697245890202332
0.7698312473856709
0.7699378069933627
0.7700442679804088
0.7697806027315742
0.7696348629497036
0.7695872806039167
0.7693761548392035
0.7694826293752889
0.7695890056423054
0.7696952837762342
0.7698014639128057
0.7694467166944128
0.7695529135084641
0.7696590125353939
0.7697650139102051
0.769870917767652
0.7699767242422417
0.7700824334682332
0.7699583717165254
0.7698344238874544
0.7699400528806222
0.7697875574435209
0.7698931110622997
0.769998567931657
0.7701039281845514
0.7702091919536976
0.7703143593715678
0.7703686020657661
0.7704736004187309
0.7705785027951392
0.7706833093265256
0.7707880201441847
0.7704706690159187
0.7705753813019516
0.7706799980911435
0.7705390949295425
0.7706436329272968
0.7707480757174027
0.7708524234298664
0.770956676194457
0.7710608341407078
0.7711648973979165
0.771268866095146
0.7713727403612245
0.7714765203247465
0.7715802061140727
0.7716837978573317
0.771787295682419
0.7718906997169988
0.7717675608131415
0.7718708801608947
0.7719741060069757
0.772036121747855
0.7721391795589997
0.7721775906198148
0.7721299343759336
0.7720070766177504
0.7720454952912725
0.77214831644811
0.7721922375035397
0.7722948998570758
0.772397469722005
0.7721783417688273
0.7722808717680312
0.7723833095225215
0.7723357750608058
0.7720295158769174
0.7719821830605605
0.7720845709442334
0.7721868669177773
0.7722890711048936
0.7723911836290618
0.7724932046135401
0.7725951341813655
0.772517841241741
0.7726196685285621
0.7725349766559915
0.7726367051995264
0.7725297300668191
0.7726313700444478
0.7727329192315652
0.7728343777497653
0.7729357457204259
0.7726653313229889
0.7727666842738035
0.7728679468922197
0.7729691192989493
0.7730065964751932
0.7731076171265171
0.7732085479018167
0.77330938892098
0.7733545847481262
0.7734552712942177
0.7735558684206412
0.7735676057182795
0.7736680637459112
0.7737437960655115
0.7735781294892413
0.7736784493255332
0.7737786803045741
0.7738788225443685
0.7739788761627117
0.7740788412771907
0.7737366313562017
0.7738366151691243
0.7738260866288553
0.7735844042929074
0.7733534451379481
0.7734533774813617
0.7735398665039336
0.7736396286772799
0.773739302993142
0.7738388895675288
0.7739383885162452
0.7736975635593079
0.7735773097967598
0.7736767488350572
0.7737761005695458
0.7735828391534701
0.7731968246810282
0.7732962125755589
0.7733955134022888
0.7734947272755802
0.7735313347722399
0.7734116797701523
0.773510756429632
0.77360974648364
0.773621275646382
0.7737201309845276
0.7738189000238185
0.7739175828772112
0.7736164964305628
0.7737151384800484
0.7738136946044037
0.7736312936531947
0.7737298004879845
0.7738282216273982
0.7739265571832123
0.7738799427153651
0.7739781703683992
0.7740763127173491
0.7741743698732878
0.7742723419470955
0.7743702290494602
0.7744680312908778
0.774565748781653
0.7744554994318125
0.7744532376438467
0.7745508346851085
0.7746174525890386
0.7747148942437774
0.7744775595619253
0.7745749353997656
0.7746722271842283
0.7747694350240971
0.7748665590279677
0.7749635993042487
0.7750605559611621
0.775157429106743
0.7752542188488408
0.7753509252951193
0.775232494789616
0.7753291274229824
0.7754256770029467
0.7755221436365366
0.7756185274305956
0.7757148284917842
0.7758110469265797
0.7759071828412767
0.7760032363419876
0.7760992075346431
0.7760452035913735
0.77614107465148
0.7762368636653219
0.7763325707381767
0.776428195975142
0.7765237394811356
0.7763344227762454
0.7760985419202691
0.7761940630201325
0.7760999741043694
0.7761954131605908
0.7762907708882599
0.7763860473912888
0.776268386238717
0.776363591180743
0.776342710336886
0.7764378027219468
0.776532814280501
0.7763288055642801
0.7761811378882746
0.7762761374052999
0.7763710563117889
0.7764658947102996
0.776337543000175
0.7761034578303315
0.7761982489150774
0.776134263198228
0.7762289610564352
0.776323578831887
0.7764181166261255
0.7763137624428047
0.7763378416534847
0.7764322537085065
0.7764211008588404
0.7765153981591952
0.7766096159508651
0.7767037543343666
0.7767978134100472
0.776891793278085
0.7769856940384898
0.7767527371890042
0.7768465779888406
0.7769403399308622
0.7766418250760354
0.7767355942510664
0.7767453569055981
0.776839003987433
0.7769325725392202
0.7770260626596983
0.7768227281829522
0.7769161860019711
0.7770095655808735
0.777102867017869
0.7770765946829747
0.7770937791409592
0.7771869284183762
0.77693823637719
0.7768226045457172
0.7767070692349719
0.7768002244000803
0.7764762876926575
0.7765694613951616
0.7764542241195803
0.7765473293989974
0.7766403571552842
0.7767333074852237
0.7768261804854378
0.7767110760444876
0.7768038810835382
0.7768966090099678
0.7769892599198475
0.7770818339090879
0.776851985851096
0.7769445016115226
0.7770369406908383
0.7771293031843383
0.7771525760746691
0.7770378606044396
0.7770611520701941
0.7771533517591642
0.7771421267274324
0.7772342167577104
0.7773262307119616
0.7774181686844175
0.777303675011828
0.7773955464330277
0.7773695217599773
0.7774612903000597
0.7773469675599278
0.7772098577892872
0.7771251392687599
0.7770110960015711
0.7771028232348078
0.7771944750344646
0.7772860514935545
0.7772992962585628
0.7773907544531178
0.7770716285276444
0.7771631050854911
0.7772545066010426
0.7773458331666018
0.7773460101930818
0.7774372244453583
0.7775283639930874
0.7776194289280064
0.7775988288045795
0.7774560773116416
0.777547060109143
0.7776379685439165
0.777728802707093
0.7774740527483911
0.7772927708220992
0.7770220765615481
0.7768683155189048
0.7769592782928474
0.7767053609642219
0.7764800308657169
0.7764500034631272
0.7762358252680649
0.7760218212724292
0.7761128693125624
0.7759136012980974
0.7758015324104864
0.7756895545248144
0.7757805896082052
0.7758715508294595
0.7759624382784338
0.7759817195810225
0.7760724887384045
0.77608217991348
0.7761728349013693
0.7757626875990468
0.7758533618054362
0.7756071262778943
0.775338643039443
0.7752050024099619
0.7750266125556718
0.7750366905974169
0.7751274382010485
0.7750164997179029
0.7749056506652152
0.7748396577000444
0.7749303384661741
0.7748196579756482
0.7749102738074488
0.7747996904310178
0.774578790358324
0.7746693573368864
0.7746259827623201
0.7745157354789951
0.7746062187312106
0.774352809555168
0.7743430449964049
0.7744334886657451
0.7743235393513758
0.7741914291812088
0.7742317848941066
0.7739219682534928
0.7740123994661914
0.7739694783415214
0.7737220282703622
0.7738123948724905
0.7739026893256353
0.7739264046664205
0.7739833413485108
0.7738780066516288
0.7739681310013093
0.774058183538759
0.774148164349775
0.7742380735200179
0.774128945754988
0.7742187910430728
0.7743085648836123
0.7743982673617985
0.7744878985626877
0.7742547818436398
0.774344398841717
0.7744339447151924
0.7745234195487049
0.7745561790402172
0.774645534498386
0.7747348191519128
0.7745864093225457
0.7744117248110693
0.7745009959923868
0.7745901965477695
0.7746793265609969
0.774768386115716
0.7748573752954411
0.774946294183555
0.7750351428633089
0.7749581755614685
0.7750469494567105
0.775086363120174
0.775175016504833
0.7752636000286687
0.7753521137742265
0.7754405578239217
0.7755289322600398
0.775617237164737
0.7757054726200397
0.7756953682675948
0.7757311133750208
0.7758192001333181
0.7757950409319645
0.7758830334590713
0.7759709569453564
0.7760588114720446
0.7761465971202327
0.7762343139708909
0.7761261140829273
0.7762137702637876
0.7763013578292421
0.7763888768598254
0.7764763274359459
0.7765637096378865
0.7766510235458044
0.7767382692397319
0.7768254467995758
0.7769125563051185
0.7769995978360178
0.7770865714718072
0.7770760114049565
0.7771628874722188
0.7772496958526348
0.7772066339253817
0.7772933576957495
0.7773800139768017
0.7774666028472891
0.7775531243858399
0.7776395786709601
0.7777259657810335
0.7778122857943225
0.7778985387889675
0.7775966767250214
0.7776344592398682
0.7775655819776581
0.7776517968683644
0.7777379449517164
0.777824026305337
0.7779100410067287
0.7779959891332741
0.778081870762236
0.778167685970758
0.7782534348358641
0.7783391174344592
0.7784247338433296
0.7785102841391429
0.7785957683984486
0.7786811866976775
0.7787665391131432
0.7784663207094757
0.7785516901427284
0.7786369938060016
0.7787222317752716
0.7788074041263973
0.7788444155138053
0.7789294753539924
0.779014469788689
0.7790993988933053
0.7791842627431349
0.7792690614133565
0.7793537949790327
0.7794384635151114
0.779523067096425
0.7795727480174353
0.7791669451453913
0.7792515231058871
0.7793360363053106
0.7794204848180143
0.7794283576241282
0.7795127062445396
0.7795545167119113
0.7796093590528991
0.7796935418798461
0.7795867478585097
0.7796708750539836
0.7797549380547261
0.7798389369341865
0.7797322503398539
0.7798161938420111
0.7799000733872141
0.779983889048529
0.7796869785464169
0.7797708115073962
0.7798545806928251
0.7796848007508633
0.7797685389489817
0.7792600706054559
0.7791540895539927
0.7792378702483955
0.779321587400368
0.7794052410821724
0.7792722991297242
0.7793559081073266
0.7794394537687779
0.7795229361859736
0.7796063554307008
0.7793949328557059
0.7794783058969548
0.7795616159438391
0.7796448630677274
0.7797280473398801
0.7798111688314499
0.7798942276134826
0.7796832255572341
0.7797662386598878
0.779755027270562
0.7798379508295716
0.7799208119696432
0.7800036107612274
0.780086347274668
0.7801690215802038
0.7802098783510827
0.7802924441368261
0.7803749479129669
0.780457389749336
0.7805397697156589
0.780622087881557
0.7803293911856883
0.7804117264963384
0.7804940001094908
0.7805762120944685
0.7806583625204908
0.7807404514566733
0.7808224789720281
0.7806551307500241
0.7807371288319866
0.7808190656298821
0.7806093426533101
0.7806290231276215
0.7805864998602853
0.7806683400319151
0.7805636911355572
0.7806454788019249
0.7807272055236827
0.7808088713689253
0.7808904764056457
0.7809720207017359
0.7809790995630821
0.7810605502512327
0.7808941089066536
0.7808826283756589
0.7809640241303485
0.7810453594351645
0.7811266343574232
0.7809958160992466
0.7809843191348181
0.7810655262838226
0.7811466732347923
0.781128958029197
0.7811174287854825
0.7809763264423557
0.7809516444985524
0.7809093637076415
0.7808748188246136
0.7809558262853069
0.7809443865860145
0.7810253084971389
0.780921532533883
0.7810024031383371
0.7810832140596883
0.7808196889592113
0.7807161418762617
0.7807969689526066
0.7805901203566931
0.7803835762857644
0.7804118173751157
0.7804925780160222
0.7805732792741046
0.7804395392474204
0.780520200695162
0.7806008028983588
0.7804554338020727
0.780413676456335
0.7802026399664861
0.7802832403918742
0.7803637817260415
0.780444264033947
0.7805246873804547
0.7806050518303336
0.7806853574482581
0.7805216721119556
0.7806019494813368
0.7806821681469742
0.7807623281732363
0.780842429624397
0.780638404713001
0.7806272187309955
0.780524800038028
0.7806048712528992
0.7806848840642585
0.7807648385359813
0.7808447347318501
0.7809245727155544
0.7808222695208291
0.7809020575552227
0.7809817875197222
0.7810614594776998
0.7811410734924352
0.7812206296271162
0.7811592285618298
0.7810571002550512
0.7811366002186477
0.7812160424690221
0.781295427068997
0.7811027192608472
0.7811820873829426
0.7812613979710604
0.7813406510877376
0.7812387529888286
0.7808065935775561
0.7808858965465946
0.7806827975613838
0.7807620592897678
0.7808412637481169
0.7809204109984786
0.7809995011028114
0.7810785341229836
0.7811575101207747
0.7812364291578751
0.781315291295886
0.7813940965963199
0.7814728451206007
0.781551536930064
0.781558177845496
0.7816367823155047
0.7817153302355351
0.7817938216665903
0.7818722566695858
0.7819506353053495
0.782028957634622
0.7821072237180566
0.7821854336162195
0.781983005041172
0.7820611753513043
0.7818590534055133
0.7818177953873403
0.7818959128970476
0.7819739744887094
0.782051980222345
0.7820345558135863
0.7819862984906387
0.781784807745022
0.7817978066773209
0.781875708210103
0.7819535541386504
0.7819396060789711
0.7820173736944921
0.782095085860733
0.7821727426369764
0.782250344082421
0.7823278902561809
0.7824053812172858
0.7821269451385607
0.7822044524508559
0.7822819046370397
0.7823593017559032
0.7821586912395581
0.7822360496588622
0.7822246062617522
0.7823018863872803
0.7823791116847661
0.7824562822125375
0.7823561559161134
0.782433279886377
0.7825103492169166
0.7825873639657775
0.7825510498546392
0.7826279956968704
0.7826164541348977
0.7826933224325868
0.7826069909430248
0.7826838082607127
0.7827605713097199
0.7828372801475343
0.7829139348315627
0.7829905354191309
0.783067081967484
0.783143574533786
0.7832200131751206
0.7832963979484908
0.7833727289108197
0.7833987043080844
0.7834749455244491
0.7835511330876002
0.783627267054154
0.7837033474806469
0.783779374423536
0.7835039775948558
0.7835800211573445
0.7836190509399807
0.7835195005535505
0.7835954586235316
0.783349438392805
0.7834254028253461
0.7835013140055687
0.783577171989449
0.7836279580688122
0.7837037185876956
0.7837794260715641
0.7838550805760878
0.7838344946787194
0.7838401469533073
0.7839157009040402
0.7838747333868362
0.783950222477515
0.7840256588523482
0.7839265224967279
0.7837925634867849
0.783798216586371
0.783704244305234
0.7836212015381198
0.7836965948476884
0.7837719356366651
0.7837311608215641
0.783806437131755
0.7837656786869167
0.7838408906247648
0.7839160502594571
0.7839911576455331
0.7839503916653459
0.784025434947157
0.7841004261155782
0.7839916055009231
0.7839508959454635
0.7836964922529763
0.7836228903386822
0.7836978910699338
0.7837728398256268
0.7838477366597711
0.7839225816263017
0.7838819946013935
0.7836107551568947
0.7834261786244987
0.7835010658379757
0.7835759012801333
0.7834433595036026
0.7835181631790763
0.7833462695749793
0.7834210551222437
0.7833971988969723
0.7834719152823132
0.7835465801391124
0.783621193520657
0.7836957554801605
0.7835980304524374
0.7835003727284524
0.7834027822387007
0.7834773167251982
0.783551799932379
0.7836262319131451
0.7837006127203251
0.7835056964628738
0.7834083387374402
0.7834826922085224
0.7835569946477096
0.7836312461075217
0.7835339788763463
0.78341873528436
0.7834929577876896
0.7835671294362722
0.7836412502823555
0.7837153203781165
0.7837893397756599
0.7838633085270196
0.7839372266841581
0.7839541142419869
0.7840279508399903
0.7840334076384735
0.7839933233690158
0.7839305055733965
0.7839448934406144
0.7839255580035047
0.7839205461383026
0.7839071674492217
0.7839808187213931
0.784054419805304
0.7841279707522368
0.7842014716134039
0.7841047386414457
0.7841781973897813
0.7841382274813721
0.7839687531727128
0.7839666488302943
0.7840400546580788
0.7841134106177737
0.7839186442018728
0.7839919915731554
0.7838616922886039
0.7837654027050596
0.7838387274243864
0.7837990080817566
0.7838722717184623
0.7838356197550332
0.7837916002948541
0.7837801610259663
0.7838533318682586
0.7839264532038918
0.7839995250830923
0.7838020945472292
0.7838751590641109
0.7839481742130757
0.7840211400441418
0.7839032337202564
0.7839086663109686
0.7838466188526989
0.783807097789567
0.7838799881814114
0.7839528294391864
0.784025621612556
0.7840983647511169
0.7841710589043993
0.7842437041218667
0.7843163004529159
0.7842206676576071
0.7842932229139429
0.7843657293936357
0.7844381871458556
0.7845105962197064
0.7845829566642264
0.7846552685283874
0.7843919613912973
0.7844642888111594
0.7845365677216855
0.7846087981716614
0.7846809802098077
0.7847531138847793
0.7846577511540744
0.7847298443073539
0.7846345531948012
0.7847066058702128
0.7845162303397079
0.7845882503161986
0.7846602221670785
0.7846208121619014
0.7844308116197372
0.7845027399441884
0.7845746202844338
0.7846464526884737
0.784538750024757
0.784610546509254
0.7846452827991872
0.7847169959917283
0.7846555056468575
0.7847271677082063
0.7847987820902061
0.7848703488404256
0.7848943756051537
0.7848412368960792
0.784912718212725
0.784652036473033
0.7847235331408706
0.7847534954597751
0.7845314367563192
0.7846028785876334
0.7846742730594307
0.7846982851813934
0.7845889268406726
0.7843291291827784
0.7841214276322703
0.7841652877378409
0.7841019160226093
0.7840630816147534
0.7841344657200047
0.7841507244336906
0.7841229243925826
0.7841942180106828
0.7842654645547532
0.7842766580708018
0.7843478304040018
0.7844189557897525
0.7844900342744905
0.7844621865374191
0.7845332039388894
0.7846041745568278
0.7846750984374479
0.7847459756269024
0.7848168061712831
0.7848875901166215
0.7849583275088883
0.7848712274669721
0.7849419237445052
0.7850125735724472
0.7850831769965614
0.7851537340625506
0.7852242448160582
0.7852947093026671
0.7853651275679008
0.7853418228422344
0.7854121795046919
0.785482490061866
0.7855527545590616
0.7856229730415243
0.7856931455544403
0.7855996595774919
0.7855961922371002
0.7855641136915681
0.7856342136870923
0.7857042678656259
0.785774276272073
0.7856809469852434
0.7857509172931163
0.785712051676071
0.7857819661779712
0.7855428434163174
0.7856127674973685
0.7856826459955767
0.7856366250762052
0.7855761571201543
0.785564572568829
0.785525868823418
0.785595661902226
0.7855027550505986
0.7853171225700716
0.7853868927609816
0.7853384771481169
0.7852458046969483
0.7852343612538648
0.785243962180045
0.7851888488293651
0.7850022957360376
0.785072009647926
0.7849796038101147
0.784905260307764
0.7846509988045869
0.784396901978549
0.7844666990319714
0.7845364509093073
0.784606157654403
0.7845464532049675
0.7846161116423406
0.7846857250516353
0.7847337533580268
0.7848032837994486
0.7848727693390678
0.7848688489076244
0.784701632972729
0.7847173206180067
0.7846658155162273
0.7847352333706707
0.7848046064827008
0.7848739348955608
0.784782188056625
0.7848514790456602
0.7847597984923788
0.7846681769355922
0.7845444496351949
0.7844228115484955
0.7844921066910385
0.7845613572994282
0.7846305634165823
0.7846997250853631
0.7847015301754305
0.7847706246779417
0.7846139117076555
0.7844691777184399
0.7845382802584469
0.7843559423665798
0.784275537943443
0.7843446139799645
0.7844136457936712
0.7844826334270173
0.7845515769224021
0.7844840303142828
0.7844118882104136
0.7844807882141815
0.7843715684578255
0.7844404373276889
0.7845092622199853
0.7845103377149291
0.7844423473619341
0.7843467831314672
0.7843174339315871
0.7842117637864637
0.7841743051831751
0.7840837749808229
0.78415253810981
0.7842212574545697
0.7842337680065462
0.7843024177781
0.7842942492895113
0.78436283617368
0.7844313794552522
0.7843586511985317
0.784363619860794
0.7843527073108223
0.7841037064513585
0.7841722232058963
0.7842406964853361
0.7843091263310432
0.7843775127843308
0.7844458558864594
0.7845141556786374
0.7844873852777254
0.7845228711355027
0.7845910816859504
0.7846592490651637
0.7847273733141149
0.7847954544737247
0.7848634925848617
0.784741854312869
0.7848098663652188
0.7848778354535431
0.7849457616185403
0.7850136449008578
0.785081485341091
0.7851492829797847
0.7852170378574321
0.785241266081789
0.7853089492629797
0.785376589795663
0.7854441877201369
0.7855117430766482
0.785444357753498
0.7855118705421218
0.7855793408565156
0.7856467687367494
0.7857141542228429
0.7857814973547652
0.7858487981724358
0.7859160567157233
0.7858786157769324
0.7859458227399654
0.7860129875273076
0.7860801101786479
0.7861471907336248
0.7862142292318275
0.7862812257127952
0.786348180216018
0.7864150927809362
0.786481963446941
0.7865487922533739
0.7866155792395274
0.7866823244446448
0.7867490279079205
0.7868156896684994
0.786882309765478
0.7869488882379037
0.786703120315281
0.786769713159391
0.7868362644349344
0.7869027741808204
0.7869692424359107
0.7870356692390177
0.7871020546289057
0.7871683986442909
0.787234701323841
0.7873009627061756
0.787367182829866
0.7874333617334359
0.7871883606874703
0.7872545540433996
0.7873207062343065
0.7873868172985793
0.7874528872745586
0.7875189162005373
0.7875849041147608
0.7876508510554268
0.7877167570606858
0.7877826221686409
0.7878484464173479
0.7879142298448154
0.7878766453552994
