0.5
0.6638418079096046
0.7478813559322034
0.7983050847457627
0.8319209039548022
0.8559322033898304
0.8739406779661016
0.8879472693032014
0.7991525423728814
0.8174114021571648
0.8326271186440678
0.8400074501769417
0.8514354894500172
0.8613397901533495
0.8700060532687651
0.8776527560176612
0.8807461214240875
0.8853248484798656
0.8910586060558723
0.8962462914817831
0.900962369141702
0.9052683530920629
0.9092155050465602
0.9128468848446978
0.9157853628055924
0.9189044234424223
0.9190534412865116
0.9218447019318043
0.8946289147103976
0.8979217611256977
0.9004925750518782
0.9034192640209406
0.9061787136203423
0.9087848604642217
0.9112501345057292
0.9135856572818942
0.9158014096592816
0.9179063744177995
0.9199086579685849
0.9003780227142321
0.9026421585616359
0.9048056661491551
0.9068751081893909
0.9088564888662123
0.910755312014833
0.9125766321777955
0.9114679566770967
0.8787433553557515
0.8809888487750895
0.8831526878882697
0.8852392470331221
0.8872525935764006
0.8891965143768075
0.890879721711547
0.8926983930163546
0.8944574357537913
0.8961597351771173
0.897807993348909
0.8994047434528324
0.8978754397074041
0.8992108722272009
0.8982276253780387
0.8997242779460087
0.9000627220783407
0.9014903974772216
0.8880230716213728
0.8895570021471074
0.8910494750910655
0.8925021487565179
0.8939165941676164
0.8952943007368681
0.8966366814966518
0.8979450779334031
0.8981790977925689
0.8994361459679693
0.8898111785952472
0.8911229502786371
0.8924038567459472
0.8936549746907617
0.8948773313035117
0.8960719070841535
0.8972396384652305
0.8775200859714891
0.8788513893848425
0.8801540626172636
0.881429019397931
0.8826771349832159
0.8824111529223789
0.8832552205652998
0.8844464938248375
0.88561370095792
0.8858752110071643
0.8870051594130339
0.8881129519678082
0.8891992339875382
0.8902646259684273
0.8913097247687279
0.8923351047237399
0.8924917010262368
0.8934871482389568
0.8944643303652049
0.8873568649532192
0.8883626072304226
0.8893505487593569
0.890321157980766
0.8912748870418029
0.8922121724983391
0.8931334359812593
0.8940390848288757
0.8949295126874566
0.8958051000817278
0.8925339835521268
0.8934148525394044
0.8902163578033117
0.8911017097565108
0.8919728960784586
0.89283025404609
0.8936741103134436
0.8945047813266198
0.8953225737194367
0.8961277846908257
0.8969207023649415
0.897701606134904
0.8984707669910326
0.8992284478343832
0.8999749037763506
0.9005550385973821
0.9012809142280581
0.9019962699220577
0.9027013327283738
0.9033963232088854
0.9040814556683969
0.9047569383749574
0.9054229737709367
0.9060797586753052
0.9067274844775445
0.9073663373235886
0.9079964982941765
0.9086181435759726
0.9092314446257983
0.909836568328293
0.9104336771473109
0.9110229292713418
0.9114592354707303
0.9120341755001411
0.9126016969485273
0.9131619424809085
0.9131842655648942
0.9137337322385342
0.9082331132171314
0.908803093880379
0.909366037745315
0.9097647674177914
0.9103149822506098
0.9104797399339394
0.9110190186090361
0.9113453552723312
0.9118730614909483
0.912394522665558
0.9128829889437273
0.9133924451487347
0.9138959774443817
0.91439368855742
0.9148856788530669
0.915372046402478
0.9158528870479185
0.9157005480752686
0.916174140501812
0.9166424413928633
0.9171055389406807
0.9175635193885223
0.9180164670841897
0.9184644645318172
0.9189075924419703
0.9193459297801219
0.9196166342958038
0.9200464918664144
0.9204717764841462
0.9208925607355529
0.92130891567905
0.9191031098377984
0.9195244478073933
0.919941419580412
0.9203540926753583
0.9207625332257411
0.9211668060154057
0.9201825721131585
0.9202598514003029
0.9206605556646229
0.9210572528862998
0.9214500028719401
0.9218388642438612
0.921776066435226
0.9218969120479386
0.9198388783306315
0.9202280099892207
0.9206133819216399
0.9209950483547089
0.9213730624774137
0.9217474764656165
0.9221183415060638
0.9224857078197144
0.9228496246844106
0.9232101404569133
0.9235673025943231
0.9238354237928748
0.9241864126233224
0.9245341813727567
0.9248787741518765
0.925220234269368
0.9255586042500495
0.9258939258525268
0.926022408043975
0.9263526651509215
0.9266799866391396
0.9270044114770195
0.9273259779462838
0.9276447236570458
0.9279606855624735
0.9282738999730714
0.9285844025705906
0.9288922284215794
0.9291974119905855
0.9294999871530188
0.9297999872076869
0.9272725861319482
0.9275794528571298
0.9278837408703351
0.9281854825403337
0.9284847096964157
0.9287814536395841
0.9290757451534701
0.9293676145149784
0.9296570915046711
0.9261639444192673
0.9264628758183796
0.9267593964804023
0.9270535354503605
0.9273453213085591
0.9276347821798397
0.9279219457426181
0.9282068392377065
0.9284894894769282
0.9287699228515285
0.9290481653403897
0.9293242425180536
0.9295981795625572
0.9262935781813068
0.9265363429101668
0.9268167385479144
0.9270950018994432
0.9273711571952786
0.9276452283002021
0.9279172387201261
0.9281872116088148
0.9283116565712388
0.9285781559891896
0.9288426813373778
0.9291052544689742
0.9293658969157794
0.9296246298941099
0.9298814743105548
0.9301364507676073
0.9303895795691739
0.930640880725964
0.9308903739607626
0.9311380787135914
0.9313840141467572
0.9316281991497937
0.9318706523442979
0.9321113920886643
0.9323504364827183
0.9317106103897965
0.9319493844793427
0.9321864946379512
0.9324219581982361
0.9326557922529135
0.9328880136589379
0.9331186390415532
0.9333476847982602
0.9334685118126007
0.9336948093914694
0.9339195727494645
0.9337674420607464
0.9339904473063331
0.9342119558724192
0.9344319827758559
0.9346505428332698
0.9348676506643885
0.9350833206953011
0.9352975671616532
0.9355104041117793
0.9357218454097735
0.9359319047384997
0.9361405956025437
0.9363479313311068
0.9365539250808445
0.9367585898386481
0.9369619384243759
0.9371639834935286
0.9373647375398751
0.9375642128980284
0.9377624217459711
0.9379593761075345
0.9381550878548294
0.9383495687106318
0.9385428302507239
0.9387348839061904
0.9389257409656726
0.9389428797963522
0.9391319111282519
0.9393197756000783
0.9395064839828473
0.9396920469154153
0.9398764749064996
0.9400597783366628
0.9402419674602595
0.9403787065093452
0.9405588312630935
0.9407378709279637
0.9409158352795313
0.9410927339762992
0.9412685765614446
0.9414433724645355
0.9416171310032164
0.9417898613848636
0.9419615727082121
0.9421322739649527
0.9423019740413019
0.9424706817195436
0.9424301591156133
0.9425975133042307
0.9427638973236387
0.9429293195857091
0.9430937884053469
0.9432573120018832
0.9434198985004452
0.9435815559333011
0.9434573919562831
0.9436180243654981
0.9437777466760775
0.9439365666007213
0.9440944917652263
0.944251529709706
0.9444076878897909
0.9445629736778083
0.9447173943639425
0.944870957157376
0.945023669187411
0.9451755375045728
0.9453265690816952
0.9454767708149873
0.9456261495250832
0.9457747119580747
0.9459224647865269
0.9460694146104764
0.9462155679584155
0.9463609312882577
0.946355765555525
0.9464999704868274
0.9466434022013399
0.9467860669013364
0.9469279707229328
0.9445570000559677
0.9447036746589942
0.9448495752535615
0.9449947079502626
0.9451390787955376
0.9452826937725126
0.9454255588018272
0.9455676797424474
0.945709062392467
0.9458497124898959
0.9459896357134362
0.946128837683247
0.9462673239616961
0.9438409974899995
0.9439846266524292
0.9441275230130097
0.9442696921656484
0.9444111396474615
0.9445518709394932
0.9446918914674237
0.9448312066022665
0.9449698216610548
0.9451077419075183
0.9452449725527495
0.9453815187558599
0.9455173856246264
0.9431711886379648
0.9433118540126233
0.9434518247434563
0.9435911059633
0.9414166397575976
0.9415598753572122
0.9417024122465849
0.9418442555257903
0.9419854102453878
0.9421258814070214
0.9422656739640092
0.9411999735448188
0.9401393966853361
0.9402829472928053
0.9404258110552627
0.940567992890453
0.9407094976692852
0.9386208270642176
0.9387659314919617
0.938910351464858
0.9390540918143525
0.9386103028664314
0.9387540726489457
0.9388971706100463
0.9390396014477851
0.9391813698165111
0.9393224803273778
0.9394629375488421
0.9396027460071589
0.9397419101868659
0.9398804345312639
0.9400183234428895
0.9401555812839812
0.9402922123769402
0.9404282210047832
0.9405636114115905
0.9406983878029475
0.9408325543463797
0.9409661151717829
0.9410990743718464
0.9412314360024715
0.9413632040831834
0.9414943825975387
0.9416249754935263
0.941754986683964
0.9418844200468884
0.9420132794259419
0.9421415686307518
0.9400617859185426
0.9401938084165194
0.9403252505958237
0.9404561162743417
0.9405864092365422
0.9407161332338424
0.9408452919849669
0.940973889176304
0.9411019284622556
0.941229413465584
0.9413563477777533
0.9414827349592668
0.9416085785399996
0.9417338820195275
0.9418586488674514
0.9419828825237175
0.9421065863989335
0.9422297638746805
0.9423524183038212
0.9424745530108046
0.9425961712919657
0.9427172764158224
0.942837871623368
0.942957960128361
0.9430775451176097
0.9431966297512548
0.9433152171630476
0.9434333104606246
0.9414719106467772
0.9415933382180494
0.9417142629836435
0.9418346880601236
0.9419546165383501
0.9420740514837445
0.9421929959365499
0.9423114529120897
0.9424294254010221
0.9425469163695914
0.9422565967843174
0.9423739614249996
0.942490849941379
0.9426072652248985
0.942723210143636
0.94283868754254
0.9429537002436617
0.9430682510463851
0.943182342727655
0.9432959780421997
0.9434091597227541
0.9435218904802786
0.9436341730041746
0.9437460099624997
0.9438574040021779
0.9439683577492092
0.9430926805149897
0.9432047027974406
0.9433162849137521
0.9434274294531368
0.9435381389845398
0.9436484160568356
0.943758263199025
0.9438676829204277
0.9439766777108735
0.9440852500408912
0.9441934023618952
0.9443011371063703
0.9444084566880536
0.9445153635021151
0.9446218599253355
0.9445805860999554
0.9446865505624794
0.9446330775016095
0.9393707057023549
0.9394853168446945
0.9395617596431008
0.9396755793047898
0.939788971073014
0.939901937356179
0.9382574441324176
0.9383726354679914
0.9384873977855557
0.9386017334774042
0.9387156449180769
0.9388291344645249
0.9389422044562725
0.9390548572155782
0.9391670950475938
0.939278920240521
0.9393903350657677
0.9395013417781015
0.9396119426158015
0.9380104419141047
0.9381231502015335
0.9382354493844708
0.9383473416863105
0.9384588293143642
0.9385699144600061
0.938680599298817
0.9387908859907256
0.9389007766801498
0.9390102734961352
0.9391193785524927
0.9392280939479347
0.9393364217662094
0.9394443640762339
0.9395519229322263
0.9396591003738358
0.9397658984262716
0.9398723191004301
0.939978364393022
0.9400840362866961
0.9384318675058759
0.9385398817734095
0.9386475177072564
0.9387547772916843
0.9388616624971089
0.938968175280215
0.9390743175840756
0.9391800913382699
0.9392854984590008
0.93939054084921
0.9394952203986933
0.9395995389842128
0.93970349846961
0.9398071007059166
0.9399103475314639
0.9400132407719922
0.940115782240758
0.9402179737386407
0.9403198170542477
0.9404213139640194
0.9405224662323318
0.9389283603573617
0.9390316964650481
0.9385716204011995
0.9386752095742159
0.9387784499621381
0.9388813433235463
0.9389838914052182
0.9390860959422279
0.9391879586580436
0.9392894812646244
0.9393906654625167
0.9394915129409485
0.9395920253779236
0.9396922044403152
0.9396765427742543
0.9397762509680159
0.938327235314085
0.9384286707823184
0.9385297731291455
0.9386305439928682
0.9384036527588373
0.9369732982637023
0.9370759476150644
0.9371782631473976
0.9372802464864441
0.9373818992474061
0.9374832230350316
0.9375842194436989
0.9376848900574993
0.9377852364503213
0.9378852601859318
0.93637982638146
0.9364817817879
0.9365834109370393
0.9366847153924115
0.936785696707575
0.9368863564261936
0.9369866960821138
0.9370867171994437
0.9371864212926301
0.9372858098665341
0.937384884416508
0.9374836464284694
0.9375820973789757
0.937680238735298
0.9377780719554938
0.9378755984884789
0.9379728197740995
0.9374447372432024
0.9370223065558755
0.9371204026515829
0.9372181936272413
0.9372803901080574
0.9373776298133162
0.937474568466856
0.9375712074645888
0.9376675481938102
0.937763592033265
0.9378593403532138
0.9365162135423144
0.9366134322045773
0.9367103535620627
0.9368069789764717
0.9369033098012027
0.936999347381414
0.9370950930540866
0.9371905481480864
0.9372857139842257
0.9373805918753237
0.9374751831262673
0.9375694890340708
0.9376635108879352
0.9363492060504339
0.9364446345271199
0.9365397772898039
0.9366346356197145
0.9367292107904313
0.9368235040679418
0.9369175167106979
0.9370112499696716
0.9371047050884109
0.9358114959017588
0.9344292041795996
0.9345259162678303
0.9346223434898218
0.9347184871023367
0.9348143483547562
0.9349099284891333
0.9350052287402474
0.9351002503356564
0.9351949944957503
0.9352894624338032
0.9353836553560246
0.9354775744616118
0.9355712209427997
0.9356645959849116
0.9357577007664095
0.9358505364589436
0.9359431042274011
0.9360354052299553
0.9347824299275703
0.9348759988946757
0.9349692997558581
0.9350623336617868
0.9351551017565557
0.9352476051777303
0.9353398450563946
0.9354318225171963
0.9355235386783934
0.9356149946518992
0.9357061915433271
0.9357971304520353
0.9358878124711708
0.9359782386877136
0.9360684101825196
0.9361583280303643
0.9362479932999845
0.9349348825099424
0.9350260101254747
0.9337182814399846
0.9338108536726103
0.9339031676842245
0.9339952245537451
0.9340870253540876
0.9341785711522069
0.9342698630091386
0.9343609019800401
0.9344516891142309
0.9345422254552334
0.9346325120408123
0.9347225499030151
0.9334368242497785
0.9335282571835013
0.9336194392724129
0.9337103715473821
0.9338010550336374
0.9338914907508046
0.9339816797129453
0.9340716229285954
0.9341613214008013
0.9342507761271589
0.9343399880998493
0.9344289583056761
0.934467569949326
0.9345561272872323
0.9346444456039836
0.9347325258659729
0.9348203690343901
0.9349079760652579
0.9349953479094656
0.9350824855128042
0.934882528083355
0.9349695835270939
0.935056406513039
0.9351429979710216
0.9352293588259204
0.9353154899976944
0.9353776777362671
0.9354633837339643
0.9355488626959061
0.9355952110723588
0.9356802900537692
0.935765144552379
0.935849775455472
0.9359341836456622
0.9360183700009241
0.9361023353946237
0.9361860806955482
0.9362696067679362
0.9363529144715075
0.9363956808613776
0.9364786069619494
0.9363753052043725
0.9364580421286841
0.9365405641518937
0.9366228721101921
0.936704966835438
0.9367868491551852
0.9368685198927107
0.9369499798670428
0.9370312298929873
0.937036564823097
0.9359145197272739
0.9359464040785538
0.9359217181151582
0.9360036596520953
0.9358299640458985
0.9356567115407378
0.9354202061757177
0.9355023687632805
0.935584322551383
0.9356660683349473
0.935747606904865
0.935648107221622
0.9356550963029958
0.9345563444838205
0.9344988287966732
0.9345812202069919
0.9346634046037168
0.934745382766071
0.9348271554693717
0.9349087234850545
0.9349900875806982
0.9350712485200482
0.9348404863647862
0.934828231711779
0.9349092911250728
0.9349901491485199
0.9350708065317103
0.9351512640205186
0.9352315223571269
0.9353115822800476
0.9353914445241464
0.9353478052583952
0.9353326933345264
0.9354122349171408
0.935368730943041
0.9354365658812795
0.9354135635538107
0.9354926167195955
0.935418664865415
0.9354975187544683
0.9355761803169628
0.9356546502556754
0.9357329292699629
0.9358110180557832
0.9358889173057154
0.9359666277089812
0.9357414865132077
0.9357520100415404
0.9358296042323115
0.9359070112235874
0.9359581345235355
0.9360352005469729
0.9361120813155461
0.9361887774964399
0.9362652897536384
0.9352215928881991
0.9352989864450829
0.9353761952918072
0.9354532200888372
0.9354110138744457
0.9354878140957603
0.9355644318937463
0.9356408679175972
0.9357171228134293
0.9357274510047087
0.935803423284845
0.9358792161735288
0.9359548303053996
0.9360302663121071
0.9361055248223281
0.9361806064617848
0.9362555118532616
0.9363302416166224
0.9364047963688277
0.9364791767239519
0.9365533832931996
0.9366274166849228
0.9367012775046374
0.9367749663550394
0.9367031349988126
0.9367766505214621
0.9368499954744535
0.9369231704507287
0.9369961760404848
0.9370317202710552
0.9371044319104651
0.9371769758182962
0.9372493525742659
0.9373215627554232
0.9373936069361641
0.9373342736167359
0.9373933958819564
0.9374651102051156
0.9374326454441153
0.9375041509921792
0.9375754932855671
0.937646672882733
0.9377176903395863
0.9377885462095071
0.93785924104336
0.936866362945756
0.9369378619684675
0.9370091992286842
0.936977653138133
0.9370487844551328
0.9371197553858486
0.9371905664721257
0.9371862276272002
0.9372568048995292
0.9373272237492491
0.9373974847091715
0.9374675883097211
0.9375375350789497
0.9376073255425486
0.9376769602238627
0.937746439643903
0.9378157643213597
0.9378849347726151
0.9379539515117566
0.9380228150505893
0.9380915258986485
0.9376063747071771
0.9376753942041824
0.9377442611719127
0.9378129761154316
0.9378815395375755
0.9379499519389658
0.9380182138180209
0.9380863256709681
0.9381237964684996
0.9381916431828982
0.938259341273607
0.9383268912284498
0.9383538158970121
0.9384211152246354
0.9374534284236301
0.9374489451863175
0.9375169354632888
0.9375847780957934
0.9376524735642362
0.9377200223469402
0.9377874249201578
0.9378043989171014
0.9378715647930008
0.9378711639679814
0.9379381131447401
0.9380049181897941
0.9380715795680847
0.937972849457006
0.9380394021936401
0.9381058122663157
0.9381720801332684
0.9382382062507728
0.9383041910731544
0.9383700350527989
0.9384357386401627
0.9385013022837834
0.938389421465751
0.938454894981728
0.9385202294881168
0.938506873917001
0.938572014940394
0.9386370180991872
0.9387018838305835
0.9387666125699387
0.9388312047507721
0.9388956608047755
0.9389599811618231
0.939024166249981
0.9390493120448475
0.9390515441104755
0.9391154313808
0.9391791848557939
0.9390684674378834
0.9390823780804571
0.9391205068675315
0.9391839891335715
0.9392473391448907
0.939310557314355
0.9393736440531134
0.9394365997706076
0.9394994248745799
0.9395425675176858
0.9396051528515184
0.9396676087430887
0.9397299355935608
0.9397921338024425
0.9397329181399415
0.9397157646949744
0.9397777855131895
0.9398396788477082
0.9399014450911911
0.9399630846346874
0.9399392153539824
0.93995618825447
0.9389950878574818
0.9390574013530308
0.9391195876781808
0.939181647221832
0.9392435803713006
0.9393053875123267
0.9393670690290825
0.9394286253041798
0.9394900567186787
0.9395513636520944
0.939612546482406
0.9396736055860638
0.9397345413379972
0.9397953541116217
0.939856044278848
0.9399166122100878
0.9399770582742627
0.9400373828388112
0.940097586269696
0.9401576689314114
0.9402176311869912
0.9402774733980152
0.9403371959246172
0.9403967991254917
0.9395186400046034
0.9395788804030052
0.9395837217602603
0.9396437777028446
0.9397037143684822
0.9397635321121643
0.9398232312874744
0.9398828122465956
0.9399422753403182
0.9400016209180451
0.9400608493278002
0.9401199609162343
0.9401789560286321
0.9402378350089189
0.9402965981996673
0.9403552459421037
0.9404137785761154
0.9404721964402565
0.9405304998717547
0.9405886892065182
0.9403209257436249
0.9403792060895784
0.9404373727177836
0.9404954259607488
0.9405533661496867
0.9406111936145216
0.9406689086838953
0.9407265116851731
0.9407840029444503
0.9408413827865584
0.9408986515350709
0.9409558095123097
0.9409385352258987
0.940995544361781
0.9410524435475459
0.9411092331009684
0.9411659133385998
0.9412224845757742
0.941278947126614
0.9413353013040356
0.9413915474197556
0.9414476857842962
0.9415037167069906
0.9415596404959896
0.9406603476206353
0.9407169694263408
0.9407734832781746
0.9408298894845764
0.9408861883528118
0.9409423801889782
0.9409984652980106
0.9410544439836861
0.9411103165486305
0.941166083294323
0.9403321209440503
0.9403884645503353
0.9394726436078191
0.9395296373520678
0.9395865238644365
0.9395955144833354
0.9396522323101116
0.9397088437244548
0.9397653490255566
0.9398217485114877
0.9398780424792038
0.9390566082262082
0.9391134584051016
0.9391702026190764
0.9392268411641237
0.9392833743351339
0.9384104343961607
0.9375970569668542
0.9376548910197117
0.9367866920465453
0.9366909905121205
0.9367495016114623
0.9368079046570658
0.9368661999479726
0.936924387782122
0.9365220632998179
0.9365804606656875
0.9366387506834579
0.9366969336488542
0.9367550098565158
0.9368129796000021
0.9368708431717969
0.936928600863314
0.9369862529649015
0.9370437997658467
0.9371012415543816
0.9371585786176866
0.9372158112418963
0.9372729397121039
0.9373299643123656
0.9373868853257059
0.9374437030341217
0.9375004177185876
0.93755702965906
0.9376135391344816
0.9376699464227868
0.9377262518009053
0.937682174758566
0.9377383675676204
0.9377944591283703
0.9378504497142134
0.9379063395975639
0.9379621290498572
0.9371765467555974
0.9372328401724831
0.9372890327954262
0.9364506705120672
0.9365074616912342
0.9365641514575813
0.9366207400825076
0.9366772278364448
0.9367336149888612
0.936789901808266
0.9368460885622143
0.93690217551731
0.9369581629392112
0.9370140510926339
0.9362405748960098
0.9362969492771804
0.936353224056971
0.9364093994991095
0.9364654758663943
0.9360809247863358
0.9361371915778971
0.9361933593953308
0.9362494284995528
0.9363053991505629
0.9363612716074483
0.9364170461283883
0.9364727229706576
0.9365283023906309
0.9365837846437859
0.9366391699847083
0.9366944586670952
0.936662466985607
0.9367176390526927
0.9367727150848487
0.936827695332601
0.9368825800456049
0.9369373694726486
0.9369920638616576
0.9370466634596977
0.9371011685129793
0.9371555792668609
0.9372098959658524
0.9370482293890252
0.9366711385957646
0.9359189057988727
0.9343658501997347
0.9344221885257434
0.9344784302165448
0.934534575520558
0.934590624685352
0.9334203843012745
0.9334772413599413
0.9335340013929105
0.9335906646483301
0.9336472313735018
0.933703701814886
0.9337600762181048
0.9338163548279449
0.9330804492217907
0.933137160705501
0.9331937761494421
0.9332502957973698
0.9325184540814959
0.9322941065815679
0.9323511941814148
0.9324081855932249
0.9324650810598972
0.9325218808235138
0.9325785851253428
0.9326351942058421
0.9326917083046626
0.9326084238327671
0.9318843929979006
0.9319413458465645
0.9319982035359158
0.9320549663042498
0.9321116343890669
0.932168208027076
0.9319471409651606
0.9320037573204308
0.9320602795504223
0.932116707889666
0.9317581048125791
0.9318146901319717
0.9318711816894432
0.9319275797178459
0.9319838844492622
0.9312704511140858
0.9313271586626716
0.9313837727115893
0.9314402934918928
0.9314967212338748
0.9315530561670706
0.9316092985202612
0.9316654485214761
0.9317215063979967
0.931777472376359
0.931833346682357
0.9318891295410457
0.931944821176744
0.9320004218130375
0.932055931672782
0.9321113509781059
0.9321666799504139
0.9322219188103892
0.9315191189424048
0.9315747492275857
0.9316302892038619
0.9316857390909634
0.9317410991079076
0.9317963694730024
0.9318515504038495
0.9319066421173468
0.9319616448296913
0.9320165587563825
0.9320713841122241
0.9321261211113279
0.9314308256630394
0.9314572363452119
0.9315122907738503
0.9315672568326193
0.9316221347341168
0.9316769246902593
0.9316515628610439
0.931706241610755
0.9317608329443995
0.9318153370714407
0.9318697542006734
0.9319240845402263
0.9319783282975648
0.9320324856794935
0.9320865568921589
0.9314001604554756
0.9307159413270768
0.930506710523067
0.9305617329217027
0.9306166682595811
0.9306715167431704
0.9307262785782864
0.9307809539700951
0.9308355431231156
0.9308900462412218
0.930944463527646
0.928806490329757
0.9288623283765572
0.9289180789029079
0.9281906567581132
0.9282468456025904
0.9283029465833545
0.9283589599063363
0.9284148857768232
0.9284707243994622
0.9270245083178431
0.9270812985837436
0.9271380005288573
0.9271946143590603
0.9272511402795889
0.9273075784950431
0.927363929209388
0.927420192625957
0.927476368947454
0.9274219733466771
0.9274780614661927
0.92753406296313
0.9275899780380041
0.927645806890712
0.9277015497205342
0.9277572067261382
0.9278127781055795
0.9278682640563055
0.9279236647751562
0.9279789804583679
0.9280342113015747
0.928089357499811
0.9281444192475141
0.9281993967385259
0.9282542901660958
0.9283090997228827
0.9283638256009568
0.9284184679918027
0.9284730270863212
0.9285275030748312
0.928533729374439
0.9285880763482987
0.9286423407279732
0.9286965227016043
0.9280366439613539
0.9280911616553226
0.928145596809255
0.9281999496104583
0.9282542202456734
0.9283084089010769
0.9280606289698308
0.9281148818891597
0.9281690530407127
0.9282231426092061
0.9282771507788004
0.9283310777331021
0.9283849236551659
0.9284386887274968
0.9284923731320524
0.9285459770502442
0.9285995006629406
0.9286529441504684
0.9279583645362945
0.9280122073131732
0.9280659696676816
0.92811965177987
0.9281732538292511
0.9282267759948031
0.9282802184549708
0.928333581387668
0.9283868649702793
0.9284400693796625
0.9284360878308112
0.928340808833904
0.9283939290645683
0.9284469705985945
0.9284999336107347
0.9285528182752238
0.9286056247657817
0.928658353255615
0.9287110039174189
0.9287635769233795
0.9288160724451751
0.9288684906539784
0.9288642290148488
0.9289165347288084
0.928968763579118
0.9290209157350804
0.9289996237939688
0.9290516768557036
0.9291036536492158
0.9291555543420056
0.9292073791010823
0.9292591280929675
0.9293108014836958
0.9293623994388173
0.9294139221233987
0.929465369702026
0.9295167423388052
0.929568040197365
0.9296192634408579
0.9296704122319619
0.9297214867328828
0.9297724871053553
0.9298234135106451
0.9298742661095504
0.9299250450624038
0.9299757505290736
0.9300263826689658
0.9300769416410257
0.9297664167734149
0.9290955896328857
0.9291467103325015
0.9291977573711668
0.9292487309079767
0.929227688655525
0.9292785673840257
0.9293293730109049
0.9293801056935963
0.9294307655890816
0.9294813528538922
0.9288664905019182
0.9289173728406149
0.9289681824382986
0.9290189194508426
0.9290695840336757
0.9290060536598999
0.9290566551897217
0.9291071846375923
0.9291576421574232
0.9292080279026882
0.9292583420264248
0.9293085846812356
0.92935875601929
0.9294088561923259
0.9289864072037654
0.9290367001165105
0.9290869218432505
0.9291049264632661
0.9291550289887338
0.9292050607479225
0.9285493055886086
0.9279452896540228
0.9279219034233546
0.9278678161090436
0.9279185419767587
0.9279691965502115
0.9280197799796004
0.9280702924147024
0.9281207340048744
0.9262238927908748
0.9262754484213493
0.9263269320467534
0.9263783438178304
0.926429683884903
0.9264809523978752
0.9258873811349693
0.9259389198129004
0.9259903868595906
0.9260417824242715
0.9260931066557605
0.9261443597024624
0.9261955417123707
0.9262466528330685
0.9262976932117307
0.9257084773261581
0.9257597836263473
0.9258110191103871
0.9258621839247937
0.9259132782156795
0.9252755968945943
0.9253270245636276
0.9253783814930886
0.9254296678288322
0.9254808837163124
0.925532029300584
0.9255831047263038
0.9256341101377319
0.9256850456787334
0.9250514487959965
0.9244187186668611
0.9244703805132952
0.9245219717834364
0.9245734926218094
0.924624943172545
0.9246763235793803
0.9247276339856614
0.9247788745343437
0.9248300453679938
0.9248811466287905
0.9249321784585264
0.9249831409986089
0.9250340343900617
0.925084858773526
0.9251356142892622
0.9251863010771503
0.925236919276692
0.9252874690270121
0.9253379504668587
0.9253883637346056
0.925438708968253
0.9254889863054288
0.9255391958833901
0.9253648709478907
0.9254150964721518
0.9248433019876463
0.9248937766001462
0.9249441834614883
0.9249945227079931
0.925044794475615
0.9250949988999448
0.92514513611621
0.925195206259276
0.9252452094636482
0.9252617457298715
0.925311637755419
0.9253614632138877
0.9254112222384118
0.9254609149617706
0.9255105415163899
0.9249447030303309
0.9249945736595466
0.9250443780595071
0.9250941163620555
0.9251437886986854
0.9251933952005419
0.9252429359984223
0.925292411222778
0.9253418210037154
0.9253911654709965
0.9254404447540407
0.9254896589819258
0.925538808283389
0.9255878927868277
0.9254173254441926
0.9251372613721425
0.9251865131738713
0.9252357002132048
0.9252848226177953
0.9253338805149602
0.9253828740316827
0.9254318032946127
0.9248253604353109
0.9248745907166237
0.9249237565603956
0.9249728580930572
0.9250218954407088
0.9250708687291211
0.9251197780837366
0.9251686236296702
0.9252174054917108
0.925266123794322
0.9253147786616435
0.9253633702174915
0.9254118985853604
0.9254603638884239
0.9255087662495354
0.9255571057912293
0.9255729572141923
0.9256211924979161
0.9256693653007024
0.9257174757438734
0.9257655239484376
0.9258135100350902
0.9258614341242147
0.9259092963358841
0.9259570967898609
0.9253600902800029
0.9254081830053379
0.9254562137954182
0.9255041827698098
0.9255520900477714
0.9250054592320388
0.9250535943673199
0.925101667751305
0.9245086538617208
0.9245570147497018
0.9246053137159311
0.9246535508792607
0.9247017263582381
0.9247498402711083
0.9247978927358138
0.9248458838699964
0.9248938137909978
0.9249416826158601
0.9249894904613277
0.9250372374438476
0.9250849236795703
0.9251325492843512
0.9251312432956552
0.9245438583792771
0.9245917366417268
0.9246395541834885
0.9246873111200009
0.92473500756641
0.9247826436375705
0.9248302194480464
0.9248777351121121
0.9249251907437532
0.9249725864566676
0.9250199223642659
0.925067198579673
0.9251144152157287
0.9251363834681117
0.9251834971349033
0.925230551539221
0.9252775467928105
0.9253244830071365
0.9253713602933844
0.9254181787624601
0.9254649385249915
0.9255116396913292
0.9252451953333509
0.9252919755615528
0.9253386972778995
0.9253853605921009
0.9254319656135924
0.9254785124515365
0.9255250012148231
0.9255714320120707
0.925617804951627
0.92566412014157
0.9257103776897084
0.925756577703583
0.925802720290467
0.9258488055573674
0.9258948336110251
0.9259408045579165
0.9259867185042538
0.926032575555986
0.9260783758187996
0.9261241193981197
0.9261698063991103
0.9262154369266757
0.926261011085461
0.9263065289798528
0.9263519907139799
0.9261918887879335
0.9262373651349527
0.9262827854766184
0.9262050729932481
0.9259429542521698
0.9256811577222054
0.9257268081167249
0.925761440436569
0.9258069855651356
0.9258524748443722
0.925897908376943
0.9258922554426441
0.9259376090194845
0.9259829071179436
0.9257225263678714
0.9257679005118129
0.9258132192538692
0.925858482695447
0.925903690937706
0.9259488440815586
0.9259939422276722
0.9260389854764685
0.9260665947136656
0.9261115390329886
0.92615642874196
0.9262012639400524
0.9262460447264965
0.9262907712002828
0.9263216693554782
0.9263662958428461
0.9264108683029897
0.9258504261564059
0.925895256612176
0.9259400328921686
0.9259847550945284
0.926029423317163
0.9260740376577437
0.9261185982137065
0.9261631050822524
0.9256201891916601
0.9256649154759706
0.9257095880027278
0.9257542068687923
0.9257987721707918
0.9258432840051224
0.925887742467949
0.9259321476552062
0.9259764996625982
0.9260207985856008
0.925865682477994
0.9259099946821314
0.9254014454347498
0.9254459553121753
0.9254904121068609
0.9255348159137102
0.9255791668274007
0.9256234649423845
0.9256677103528886
0.9257119031529166
0.9257560434362483
0.9258001312964405
0.9258441668268284
0.9258881501205254
0.9259320812704243
0.9259759603691977
0.9260197875092989
0.926063562782962
0.9261072862822033
0.9261509580988214
0.926194578324398
0.9262381470502986
0.9261908996751385
0.9262344191918394
0.9262778874185973
0.9262476884271847
0.9262910976747261
0.9263344558525645
0.9263660052612344
0.9264092684778846
0.9264524808862945
0.9264956425759153
0.926538753635988
0.926581814155545
0.9266248242234093
0.9266677839281965
0.9267106933583146
0.9262119082111979
0.9262550087321025
0.9262146630510815
0.9262577116724052
0.9263007100912551
0.9263436583953978
0.9263865566723952
0.9264294050096057
0.9264722034941841
0.9264318957346775
0.9264746430352385
0.9265173406873667
0.9265599887775074
0.9266025873919057
0.9266451366166061
0.9266876365374539
0.9267300872400958
0.926717374171532
0.9267597585705074
0.9268020939701777
0.9265555300799581
0.9265979345083183
0.926640289999081
0.9266585674173822
0.92670083913645
0.9267430621553805
0.9267852365582847
0.9268273624290797
0.9268694398514897
0.9269114689090463
0.9269534496850894
0.9269953822627672
0.9270372667250376
0.9270791031546678
0.9271208916342353
0.9271626322461286
0.9272043250725476
0.9272459701955038
0.9272875676968214
0.9273291176581375
0.9268412990306738
0.9268830324596352
0.9269247183020186
0.9269606010778574
0.9270021952685875
0.927043742112487
0.9270852416903524
0.9271266940827969
0.9271680993702498
0.9272094576329584
0.9272507689509873
0.9272920334042198
0.9273332510723581
0.9273744220349234
0.9274155463712569
0.9269320446219681
0.92697334928866
0.9270146072834122
0.927055818685285
0.9269559000517154
0.9264745517991204
0.9265159745868392
0.9265573507272746
0.9265986802991782
0.9266399633811246
0.9266812000515119
0.9267223903885616
0.9266512380076584
0.9266923989290907
0.9267335136801119
0.9267745823383631
0.9268156049813108
0.9268565816862484
0.9268975125302964
0.9266028271206038
0.9266438540478702
0.9266848351349942
0.9267257704587604
0.9267666600957811
0.9268075041224985
0.9268483026151838
0.9268890556499385
0.9269297633026947
0.9269704256492152
0.9270110427650944
0.9270516147257586
0.9270921416064665
0.9271326234823096
0.9271730604282129
0.9272134525189349
0.9272537998290685
0.9272941024330414
0.9268211703882898
0.926861645404668
0.9269020756725482
0.9269424612660992
0.9269828022593262
0.9270230987260705
0.9270633507400109
0.9271035583746635
0.9271437217033828
0.9271838407993611
0.92722391573563
0.9272639465850604
0.9273039334203627
0.9273438763140878
0.9272922505354052
0.9273321559961433
0.9273720176768914
0.9274118356496562
0.9274516099862866
0.9274913407584737
0.927531028037752
0.9275706718954995
0.9271033815437011
0.9271431940059929
0.9271829630048979
0.927222688611551
0.9272623708969319
0.9273020099318654
0.9268367927190926
0.926876598599006
0.926916361188131
0.9269560805570505
0.926995756776194
0.9270353899158377
0.9270749800461058
0.9271145272369702
0.9271540315582509
0.927193493079617
0.9272329118705863
0.9272722880005265
0.927311621538655
0.9273509125540395
0.9273901611155986
0.927429367292102
0.9274685311521711
0.9275076527642788
0.9275467321967509
0.9275857695177656
0.9276247647953543
0.927663718097402
0.9277026294916476
0.9277414990456844
0.9277803268269602
0.9278191129027782
0.9278578573402968
0.9278965602065306
0.9279352215683502
0.9279738414924829
0.9280124200455131
0.9280509572938828
0.9280894533038914
0.9281279081416968
0.9281663218733154
0.9282046945646223
0.9279760748665099
0.9280145081243185
0.9280529003866522
0.9280912517190687
0.9281295621869862
0.9281678318556832
0.9277123341622197
0.9277507646065779
0.9277891542109314
0.9278275030403468
0.9278658111597521
0.9279040786339379
0.9279423055275573
0.92771552105192
0.9277538073225492
0.9277920530571588
0.9278302583200915
0.9278684231755542
0.9279065476876178
0.9279446319202181
0.9279826759371558
0.9280206798020966
0.9280586435785723
0.9280965673299805
0.9281344511195854
0.9281722950105177
0.9282100990657752
0.9282478633482235
0.9282855879205957
0.9283232728454929
0.928360918185385
0.9283985240026105
0.9284360903593772
0.9284736173177625
0.9285111049397133
0.9285485532870471
0.9285859624214519
0.9286233324044861
0.9281376507452788
0.9281752160088724
0.9282127420193171
0.9277657558585454
0.9278034367370751
0.9278410783237607
0.9278786806800277
0.9279162438671734
0.9279537679463681
0.927991252978654
0.928028699024947
0.9275839938831029
0.9276215930555415
0.9276591532044489
0.9276966743905461
0.9277341566744287
0.9277716001165663
0.9278090047773034
0.9278463707168597
0.92788369799533
0.9279209866726851
0.9274789195376927
0.9275163594346789
0.9275537606940005
0.9275911233754374
0.9276284475386458
0.9276657332431597
0.9277029805483898
0.9277401895136248
0.9273003538431738
0.9273377123458237
0.9268989672612797
0.92683385747818
0.9268713785769092
0.926908861212185
0.9269463054431214
0.926509308201112
0.9265468993478122
0.9265844520577571
0.9266219663898686
0.9266594424029484
0.9266968801556779
0.9262616972080433
0.9262992804408628
0.9263368253820544
0.9262046104336251
0.9262421653392569
0.9262796820405085
0.9263171605956481
0.9263546010628251
0.9263920035000709
0.9264098443417148
0.9264471807981625
0.9264844793880214
0.9265217401688689
0.9265589631981652
0.9265961485332548
0.9266332962313655
0.9266704063496096
0.926707478944984
0.92674451407437
0.9267815117945345
0.9268184721621293
0.9268553952336923
0.9268922810656471
0.9269291297143035
0.9269659412358581
0.9270027156863939
0.9270394531218813
0.9268246445438523
0.926861434566706
0.9268981876146625
0.9269349037434346
0.9269715830086236
0.9270082254657191
0.9270448311700994
0.9270814001770317
0.9271179325416725
0.9271544283190677
0.9271908875641532
0.927227310331755
0.9272636966765891
0.9273000466532625
0.9273363603162729
0.9273726377200091
0.9274088789187516
0.9265208736189229
0.9264467983719901
0.9264834102194903
0.9265199856372915
0.9265565246797395
0.9265930274010716
0.9266294938554178
0.9266659240968005
0.9263714662353794
0.9264079883255404
0.9264444742014325
0.9264809239168926
0.926517337525651
0.9261576754773709
0.9261561511070591
0.9261926713092811
0.9255244967328885
0.9255612747591933
0.9255980164794503
0.9256347219473934
0.9254248428931786
0.9254356578651646
0.9254723890681867
0.9255090841006495
0.9255457430159543
0.9255823658673974
0.9253731316658894
0.9254098033456605
0.9254464390021704
0.9250289253230711
0.9250656938736729
0.925102426376676
0.9251391228850656
0.9251757834517234
0.9252124081294268
0.9252489969708508
0.9252855500285667
0.9253220673550435
0.9253585490026472
0.9253949950236421
0.9254314054701899
0.9254677803943507
0.9255041198480833
0.9255404238832451
0.9255766925515923
0.9256129259047804
0.9256491239943645
0.9256852868717991
0.9253568059350603
0.9253930757086584
0.9254293102517819
0.9254655096157374
0.9255016738517317
0.9255378030108724
0.9255738971441682
0.9256099563025286
0.9256459805367646
0.9251979427920711
0.9247867262129685
0.9248230786894244
0.9244128198012646
0.9235578350088809
0.9235946746064669
0.9236314787131112
0.9236682473800766
0.9223733540645934
0.9224106387168198
0.9224478875700524
0.9224851006758249
0.9225222780855726
0.9221173693380063
0.9221546694484766
0.9221919338479746
0.9222291625877603
0.9213850691870134
0.9214226121339155
0.9214601192402955
0.9214975905574518
0.9210957816055382
0.920694738004009
0.9202944575682298
0.9203323584443267
0.9202117949026073
0.9202496990380454
0.9198507909231541
0.9198888123695853
0.9199267977596424
0.9199647471445904
0.9200026605755972
0.9200405381037338
0.9196431487583187
0.9196811425414116
0.9197191004135565
0.9197570224256427
0.9197949086284635
0.9198327590727162
0.9198705738090027
0.9199083528878292
0.9199460963596069
0.9199838042746518
0.9200214766831853
0.9200591136353344
0.9200967151811316
0.9201342813705151
0.9201718122533298
0.9202093078793263
0.9202467682981623
0.920284193559402
0.9203215837125167
0.920358938806885
0.9203962588917928
0.9204335440164336
0.9202367118329053
0.9202740367220804
0.9203113266955499
0.9203485818022841
0.9203858020911616
0.9203062197454861
0.9203434250583967
0.9203805956486635
0.920417731564872
0.9204548328555179
0.9203754037628545
0.9204124902073059
0.9204495421206172
0.9204865595509938
0.9205235425465516
0.9205604911553165
0.9205974054252257
0.9206342854041272
0.9206711311397798
0.9207079426798541
0.9207447200719322
0.9203178565021259
0.9203547805723289
0.9203916704377424
0.920428526145873
0.9204653477441396
0.9205021352798731
0.920538888800317
0.9205756083526274
0.9206122939838733
0.9206489457410368
0.9206855636710133
0.9207221478206115
0.9207586982365541
0.9203343854723898
0.9203710808268474
0.9204077423918443
0.9204443702140294
0.9204809643399658
0.9205175248161314
0.9205540516889181
0.9205905450046329
0.9206270048094976
0.9206634311496492
0.9206998240711403
0.9207361836199385
0.9207725098419275
0.9208088027829069
0.9208450624885923
0.9206524560526708
0.9206887541057117
0.9207250189643739
0.9207612506741708
0.9207974492805325
0.9208336148288063
0.9208697473642564
0.9209058469320647
0.9209419135773305
0.920977947345071
0.9210139482802213
0.9210499164276347
0.9210858518320827
0.9211217545382556
0.921157624590762
0.9211934620341299
0.9212292669128058
0.9212650392711561
0.9213007791534661
0.9213364866039409
0.9213721616667055
0.9214078043858049
0.9214434148052042
0.9214789929687889
0.9215145389203647
0.9215500527036588
0.9215855343623183
0.9216209839399122
0.9216564014799303
0.921691787025784
0.9217271406208062
0.9217624623082517
0.9217977521312971
0.9218330101330413
0.9218682363565055
0.9219034308446332
0.9219385936402907
0.9219737247862672
0.9220088243252748
0.9220438922999487
0.9220789287528475
0.9221139337264536
0.9221489072631728
0.9221838494053347
0.9222187601951932
0.9222536396749264
0.9222884878866364
0.9223233048723503
0.9223580906740196
0.922392845333521
0.9223977404064515
0.9224324462470569
0.9224174513622296
0.9224521173803878
0.92248675243292
0.9225213565612981
0.92255592980692
0.9225904722111097
0.9226249838151172
0.9226594646601194
0.9226939147872195
0.9227283342374478
0.9227627230517613
0.9227970812710444
0.9228314089361084
0.9228657060876924
0.9228999727664629
0.9229342090130142
0.9229684148678685
0.9230025903714764
0.9230367355642163
0.9229821980041258
0.9230163219748817
0.9230504157206856
0.9230844792816768
0.9231185126979239
0.9231525160094242
0.9227444026071211
0.9227785411830791
0.9228126496012844
0.922439469857594
0.9224736827072377
0.9225078653868201
0.9225420179362309
0.9225761403952899
0.9226102328037463
0.9226442952012799
0.9226783276275002
0.922306742284531
0.9223408781622618
0.9223749840567887
0.9224090600075979
0.9224431060541062
0.9220727043828619
0.922106853066305
0.9221409718341252
0.9220291179351903
0.9220007213221519
0.9220348417415211
0.9220689323223075
0.9221029931036351
0.9221370241245597
0.9221710254240686
0.9222049970410813
0.922238939014449
0.9218708143945585
0.9219048576126873
0.9219388711764448
0.9219728551245613
0.9220068094956994
0.9220407343284546
0.9220746296613553
0.9221084955328628
0.9221423319813715
0.9221761390452093
0.9222099167626376
0.9222436651718513
0.9222773843109788
0.9221665864273011
0.9222003097434072
0.9222340038491917
0.9222676687825904
0.9223013045814729
0.9223349112836434
0.9223684889268412
0.922003591744183
0.9220372689498203
0.9220709170857936
0.9221045361897255
0.9221381262991737
0.9221716874516309
0.9222052196845255
0.9222387230352213
0.9222721975410175
0.9223056432391497
0.9223390601667887
0.922372448361042
0.922405807858953
0.9224391386975016
0.922472440913604
0.9225057145441131
0.9225389596258188
0.9225721761954475
0.922605364289663
0.9226385239450658
0.9226609485600786
0.9226940560307293
0.9227271351680717
0.9227601860084618
0.922793208588193
0.9228262029434973
0.922859169110544
0.9224982137805308
0.9225312776825015
0.9225643133849823
0.9225973209240339
0.9226303003356555
0.9226632516557852
0.9226961749202995
0.9227290701650143
0.9227619374256842
0.9227947767380033
0.9228275881376046
0.922860371660061
0.9228931273408848
0.9229258552155278
0.9229585553193821
0.9229912276877793
0.9230238723559914
0.9226655293891501
0.9226982704859372
0.9227309838712584
0.9227636695802807
0.9227963276481115
0.9228289581097987
0.922861561000331
0.9228941363546384
0.9229266842075913
0.9229592045940015
0.9229916975486223
0.9230241631061482
0.9230566013012151
0.9230890121684009
0.9231213957422246
0.923153752057148
0.9227978616012547
0.922830313109619
0.9228627373478082
0.9228951343501821
0.9229275041510426
0.9229598467846343
0.9229921622851441
0.9230244506867017
0.9230567120233796
0.9230889463291929
0.9231211536381003
0.9231533339840032
0.9231854874007462
0.9232176139221178
0.923234782860397
0.9232668619314958
0.9232989142030364
0.9233309397085885
0.9233629384816651
0.9233949105557235
0.9230098417856837
0.9230419343901914
0.9230508521027141
0.9230829008940082
0.9231149230002139
0.9231469184546457
0.9231788872905631
0.92321082954117
0.923242745239615
0.923274634418992
0.9233064971123396
0.9233383333526416
0.9229871609483674
0.9230190899861168
0.9230509925596825
0.9230828687019527
0.9231147184457614
0.9231465418238881
0.9231783388690582
0.9232101096139428
0.923241854091159
0.9232735723332701
0.9233052643727855
0.9233369302421609
0.9233685699737985
0.9234001836000469
0.9234317711532015
0.9234633326655044
0.9234948681691445
0.9235263776962577
0.923557861278927
0.9235893189491826
0.923620750739002
0.9236521566803099
0.9236835368049789
0.923714891144829
0.9237462197316278
0.9233670135658923
0.9233984591901985
0.9234298790182583
0.9234612730818015
0.9234926414125056
0.9235239840419966
0.9234529258994733
0.9234842591266941
0.9235155667129762
0.9234445992010281
0.9234758974024995
0.9235071700230951
0.9235384170941641
0.9235696386470044
0.9236008347128627
0.9235810057309317
0.9236121717155439
0.9236433122896509
0.9236744274843169
0.9233294157355512
0.9233606206945518
0.9233918002630243
0.9234229544719454
0.9234540833522413
0.9234851869347882
0.9235162652504117
0.9235473183298878
0.9235783462039423
0.923609348903251
0.9236403264584403
0.9236712789000866
0.923702206258717
0.9237331085648092
0.9237639858487909
0.923370568384512
0.9234015548105595
0.9234325161869498
0.9234634525440459
0.9234943639121622
0.9235252503215639
0.9235561118024672
0.9235869483850399
0.9236177600994007
0.9236485469756202
0.9236793090437203
0.9237100463336745
0.9237407588754081
0.9237714466987983
0.9238021098336741
0.9234614328965087
0.9234921836265624
0.9233890408486668
0.9234197959506946
0.923450526369655
0.923280670562848
0.9233114321223658
0.9233421690233188
0.9233728812953447
0.9234035689680338
0.9233841920389032
0.9230146905614967
0.922845484685272
0.9228763341516114
0.9225384385590013
0.9225693736873724
0.922600284117038
0.9226311698775659
0.9226620309984763
0.9226928675092425
0.9227236794392907
0.9227544668180001
0.9227852296747034
0.9228159680386864
0.9228466819391883
0.9228773714054018
0.9229080364664732
0.9229386771515025
0.9229692934895432
0.922999885509603
0.9230304532406433
0.9230609967115795
0.9230915159512814
0.9230653666020313
0.9230958599168937
0.9230999159681681
0.9231303714469926
0.9229628614028726
0.9229933470137144
0.9230238085061931
0.923054245908919
0.923084659250457
0.9231150485593269
0.9231454138640033
0.9231757551929161
0.923192918141406
0.9232232167930268
0.923253491549812
0.923283742440017
0.9233139694918531
0.9233441727334868
0.9233743521930405
0.9234045078985923
0.9234346398781759
0.923464748159781
0.9234948327713534
0.9235248937407949
0.9235549310959634
0.9235849448646734
0.923614935074695
0.9236449017537556
0.9236748449295384
0.9237047646296837
0.9235387361168977
0.92356868569147
0.9234680975869184
0.9234980513647708
0.9235279817046125
0.923557888633942
0.9235877721802148
0.9236176323708439
0.9236474692331991
0.9236772827946074
0.9237070730823534
0.9237368401236791
0.9235715761454717
0.9236013728019452
0.9236311462342126
0.9236608964694155
0.9236906235346533
0.9237203274569831
0.92375000826342
0.9237796659809372
0.9238093006364656
0.9238389122568945
0.9238685008690712
0.9238980664998018
0.9239276091758499
0.9235690808059719
0.9235987281757135
0.9236283525540867
0.9236579539678254
0.9236875324436224
0.9237170880081291
0.9237466206879557
0.9237761305096709
0.9238056174998025
0.9238350816848374
0.9238645230912212
0.9238939417453592
0.9239233376736151
0.9239527109023126
0.9239820614577343
0.9240113893661225
0.924040694653679
0.9236844723349998
0.9237138810161809
0.9237432670404429
0.9237726304339582
0.9238019712228597
0.9238312894332396
0.9238605850911498
0.9238898582226026
0.9239191088535701
0.9239483370099845
0.9239775427177379
0.9240067260026831
0.924035886890633
0.9240650254073608
0.9240941415786003
0.9237691652249002
0.9237983612550706
0.9238275349299347
0.9238566862751586
0.9238858153163694
0.9239149220791547
0.9239440065890633
0.9239730688716047
0.9240021089522497
0.9239674893357476
0.9239965093779858
0.9240255072759721
0.9240544830550431
0.9240834367404968
0.9241123683575926
0.9241412779315517
0.9241701654875564
0.9238183686982577
0.9238473571424365
0.9236861371511308
0.9237151538290201
0.9237441484493816
0.9230716987738508
0.9231008935750752
0.923130066225464
0.9231592167502173
0.923188345174497
0.9232174515234267
0.923057141882698
0.9230862758691113
0.9231153878010306
0.9231444777034896
0.9228245196863225
0.9228536865345136
0.9228828313450408
0.9229119541428712
0.9229410549529343
0.9229701338001218
0.9229991907092882
0.922680307037438
0.9227094403053214
0.9227385516272403
0.922767641027983
0.9227214356681683
0.9227505096201366
0.9227795617037695
0.9226832786605225
0.9227123341739909
0.922741367857622
0.9227703797360082
0.9227993698337048
0.9228283381752307
0.9228572847850673
0.9225112565568016
0.9225403003137143
0.9225693223068526
0.9225983225606703
0.9225524227768588
0.9225814076485741
0.9226103708331425
0.9226393123548953
0.9226682322381271
0.9226223920915508
0.9223067667053735
0.9223357675390034
0.9223647467302202
0.9223937043032413
0.9224226402822483
0.9224515546913865
0.9224804475547653
0.9225093188964582
0.9225381687405027
0.9225669971109006
0.9225958040316183
0.9226245895265861
0.9226533536196989
0.9225891940680008
0.9226179499394466
0.9226466844548793
0.9226753976380809
0.9227040895127978
0.9227327601027411
0.922761409431587
0.922604715061894
0.9226333906028121
0.922662044902589
0.9226906779848167
0.9227192898730533
0.9227478805908214
0.9227764501616087
0.9228049986088688
0.92283352595602
0.9228620322264462
0.922890517443497
0.9229189816304872
0.9229474248106975
0.9229758470073737
0.9230042482437278
0.9230326285429378
0.9227210022972339
0.922409834831428
0.92243838161773
0.922466907406028
0.9224954122194816
0.9225238960812164
0.9225523590143241
0.9225808010418619
0.9226092221868539
0.92263762247229
0.9226660019211262
0.9226943605562853
0.9227226984006561
0.9227510154770941
0.9227793118084212
0.9227160458575577
0.9227443342741545
0.9225896528492463
0.9223741238369874
0.9224025062414346
0.92243086789851
0.9222765270625953
0.922304914013997
0.922333280237431
0.9223616257555926
0.9223899505911433
0.9224182547667117
0.9224465383048938
0.922474801228252
0.9223208941968392
0.9223491822907224
0.9223774497889784
0.9224056967140916
0.9224339230885135
0.9224621289346631
0.9224903142749268
0.9225184791316583
0.9225466235271789
0.9225747474837777
0.9226028510237109
0.922630934169203
0.922658996942446
0.9226870393655996
0.9227150614607914
0.9227430632501172
0.9227710447556405
0.9224650215600158
0.922493073288829
0.9221875829972247
0.9222157045790833
0.9222438058418799
0.9222718868076286
0.9222999474983118
0.92232798793588
0.9223560081422524
0.9223840081393161
0.922411987948927
0.9224399475929094
0.922467887093056
0.9224958064711284
0.9225237057488566
0.9225515849479394
0.9225794440900444
0.9226072831968082
0.9225632115637397
0.9225910364967027
0.9226188414404899
0.9226466264166333
0.9226743914466345
0.9223711816966728
0.9223990156222028
0.9220963291187114
0.9221242315796289
0.9221521140602663
0.9221799765820772
0.9222078191664843
0.9222356418348797
0.9222634446086249
0.9219617201037241
0.9219895909179727
0.9220174418316043
0.9220452728659256
0.9220730840422132
0.9221008753817131
0.9221286469056412
0.9221563986351831
0.9221841305914941
0.9222118427956993
0.9222395352688941
0.9219113361460227
0.921939115820108
0.921966875736246
0.9219946159155079
0.9216947973606834
0.9217226046059388
0.9216616452148824
0.9216894444891142
0.9217172240405547
0.9217449838901857
0.9215954819462332
0.9216232652623401
0.9216510288949075
0.9216787728648456
0.921706497193035
0.9217342019003268
0.9217618870075429
0.9217895525354751
0.9218171985048864
0.9218448249365101
0.9218724318510504
0.9219000192691821
0.9219275872115509
0.9219551356987734
0.921982664751437
0.9220101743901
0.9220376646352921
0.9220651355075137
0.9220925870272363
0.9221200192149027
0.9221474320909271
0.9221748256756945
0.9222021999895617
0.9222295550528564
0.9222568908858783
0.9219328371645551
0.9219602580155686
0.9219876596103664
0.9220150419692256
0.9220424051123943
0.9220697490600925
0.9220970738325118
0.9221243794498155
0.9221516659321387
0.922178933299588
0.9222061815722422
0.9222334107701519
0.9222606209133393
0.9222878120217991
0.9223149841154978
0.9223421372143739
0.9223692713383381
0.9223963865072734
0.9224234827410348
0.9224505600594498
0.9223613123646163
0.9223883924788944
0.9224154537088529
0.9224424960742384
0.9224695195947701
0.9224965242901394
0.9225069297316751
0.9223018571258979
0.9223288919703216
0.9223559080078972
0.9223829052582422
0.922409883740947
0.9224368434755749
0.9224637844816619
0.9224907067787168
0.9225176103862216
0.9225444953236309
0.9225713616103727
0.9225778127577298
0.9226046488711587
0.9226314663871423
0.9226582653250062
0.9226850457040487
0.922711807543542
0.9223925301014854
0.9224193746085413
0.9224462005509311
0.9224730079479062
0.9224997968186913
0.9225265671824845
0.9225533190584574
0.9225800524657551
0.9226067674234965
0.9226334639507736
0.9226601420666527
0.9226868017901733
0.922713443140349
0.922740066136167
0.9227666707965884
0.9227932571405483
0.9228198251869555
0.922846374954693
0.9228729064626179
0.9228994197295609
0.9226088670536904
0.9226354436790154
0.9226620020574298
0.9226885422077189
0.9227150641486425
0.9227415678989344
0.922768053477303
0.9227945209024306
0.9228209701929746
0.922847401367566
0.922873814444811
0.9229002094432898
0.9229265863815576
0.9229529452781439
0.9229792861515531
0.9230056090202641
0.9230319139027306
0.9230582008173814
0.9230844697826196
0.9231107208168234
0.9230990449956266
0.9231252731521765
0.92315148342386
0.9231776758289644
0.9232038503857518
0.9232300071124596
0.9232561460273004
0.9232822671484621
0.9233083704941073
0.9233344560823746
0.9233605239313776
0.9233865740592051
0.9234126064839216
0.923438621223567
0.9234646182961567
0.9234905977196814
0.9234034501353403
0.9233163616741908
0.9233423649425277
0.9233683505815303
0.9233943186091205
0.9234072400667523
0.9234331773373021
0.9234590970470727
0.9234849992138927
0.923510883855566
0.9235367509898725
0.9235626006345683
0.9235884328073852
0.9236142475260314
0.9236400448081908
0.9236658246715237
0.9236915871336663
0.9237173322122311
0.9237430599248071
0.9237687702889592
0.9237944633222288
0.9238201390421338
0.9238457974661681
0.9238714386118023
0.9238970624964837
0.9239226691376357
0.9239482585526583
0.9239738307589284
0.9239993857737994
0.9240249236146012
0.9240504442986406
0.9240759478432011
0.9241014342655431
0.923791333113105
0.9238168979124632
0.9238424455657455
0.9238679760901954
0.9238934895030338
0.9239189858214583
0.9239444650626434
0.9239699272437405
0.9239953723818786
0.9240208004941629
0.9237372693671191
0.9237627582476782
0.9237882300959082
0.9238136849288754
0.9235307652460124
0.9235562805061905
0.9235817787448476
0.9236072599790107
0.9236327242256843
0.9236581715018504
0.9236836018244681
0.9237090152104739
0.9237344116767819
0.9237597912402838
0.9237851539178487
0.9238104997263229
0.9238358286825309
0.9238611408032745
0.9238864361053333
0.9235795990292438
0.9235219696802965
0.9235473523654342
0.9232663922643626
0.9232918344419937
0.9233172597537465
0.9233294144059155
0.9233548104263177
0.9230490638003487
0.9230745358083592
0.92309408191072
0.9231195221747257
0.92314494561316
0.9231703522427094
0.9231957420800383
0.9231798201302265
0.9232051900707383
0.9232305432598863
0.923255879714256
0.923281199450411
0.9233065024848931
0.9233317888342222
0.9233570585148965
0.9233823115433923
0.9234075479361646
0.9234327677096462
0.9234579708802487
0.9233734722608957
0.9233986783555468
0.9234238678726939
0.9234490408286858
0.9234741972398496
0.9234993371224909
0.923524460492894
0.9235495673673219
0.9235746577620159
0.9235997316931963
0.923624789177062
0.9236498302297909
0.9236748548675392
0.9236998631064424
0.9237248549626146
0.9237498304521488
0.9237747895911169
0.9237997323955701
0.9238144364412373
0.9238120990410493
0.923837005187162
0.9238618950547479
0.9238867686597612
0.9239116260181348
0.9239364671457815
0.9239612920585929
0.92398610077244
0.9240108933031731
0.9240356696666217
0.9240604298785948
0.9240851739548807
0.9241099019112472
0.9241346137634414
0.9241593095271904
0.9241839892182
0.9242086528521564
0.9239328344822916
0.9239575556930545
0.9239822608406526
0.9240069499407368
0.9240316230089379
0.9240562800608662
0.9240809211121118
0.9240986449146233
0.9241232562489572
0.9241118350601856
0.9240824188250182
0.923783072398447
0.9234839198490952
0.9235086903509245
0.9235334448200667
0.9235581832720822
0.9235829057225117
0.9236076121868755
0.9236323026806742
0.9236354371009174
0.9236601026574094
0.9236847522852242
0.9236479024005368
0.9236725400570711
0.923697161818343
0.9237217676997301
0.9235314426080583
0.9235560860361575
0.9235807135857592
0.9236053252722051
0.9236299211108168
0.9236545011168963
0.9236790653057261
0.9236678751557046
0.9236924192472944
0.923716947559976
0.9237414601089606
0.9237659569094396
0.9237904379765849
0.9238084827798028
0.9238329344862277
0.923857370503396
0.9238606909510588
0.9238851023999363
0.9236134682426791
0.9236379354213329
0.9236623869309643
0.9236868227866202
0.9237112430033284
0.9237356475960977
0.923752768504213
0.9237771442176067
0.923801504350487
0.923821952712691
0.9238462829737217
0.9238705976981872
0.9238830753123797
0.9239073627803719
0.9239316347539667
0.9239558912479865
0.9239801322772349
0.9240043578564964
0.924028568000537
0.9240527627241037
0.9240769420419248
0.9241011059687096
0.9241252545191491
0.9241493877079153
0.9241735055496616
0.9241976080590227
0.924221695250615
0.9242457671390361
0.9242698237388649
0.9239764047472018
0.9240005315625788
0.9240246430690627
0.9240487392812197
0.9240728202135973
0.9240968858807245
0.9241209362971121
0.9241238543829645
0.9241478810281885
0.924171892461861
0.9241958886984237
0.9242198697522996
0.9242438356378935
0.9242677863695918
0.9242917219617633
0.924315642428758
0.9243395477849081
0.9243634380445277
0.9243873132219126
0.9244111733313408
0.9244350183870722
0.9244588484033488
0.9244705380670106
0.9244943418684393
0.924518130670623
0.9245419044877347
0.9245656633339288
0.924589407223342
0.9246131361700937
0.9246368501882849
0.9246605492919993
0.9246842334953026
0.9247079028122431
0.9247315572568513
0.92475519684314
0.9247788215851044
0.9248024314967224
0.9248260265919541
0.924849606884742
0.9248731723890115
0.9248967231186701
0.9249202590876081
0.9249437803096985
0.9249672867987966
0.9249907785687407
0.9250142556333514
0.9250377180064323
0.9250611657017697
0.9250845987331324
0.9251080171142725
0.9251314208589243
0.9251548099808052
0.9248658796841217
0.924889337105388
0.9249127798840692
0.9249362080338713
0.9249596215684833
0.9249830205015771
0.9250064048468073
0.9250297746178117
0.9250531298282111
0.9250764704916093
0.9250997966215933
0.9251231082317328
0.9248352665676907
0.9248586459560055
0.9248820108048997
0.9249053611279321
0.9249286969386444
0.9249520182505615
0.9249753250771918
0.9249986174320266
0.9250218953285405
0.9250451587801917
0.9250684078004211
0.9250916424026535
0.9251148626002969
